 TITLE = Anomalous Scattering Factors, 01_H_asf
 # COLUMNS = 5
 LABEL 1 = photon energy, E (keV)
 LABEL 2 = g'' = -f''CL = -f2
 LABEL 3 = g'
 LABEL 4 = f'
 LABEL 5 = f1
 REMARK BEGIN = 01_H_asf
   ASF: ANOMALOUS-SCATTERING-FACTOR CONVERTER, VERSION 9A, May 21, 1996.
   ASF: RUN TIME/DATA/MACHINE= 17:29:38 May 23, 1996 www-phys
   INPUT G' FILE=  /home/rayleigh/data/asf/gh0c_K|m=RE
   INPUT G'' FILE= /home/rayleigh/data/asf/gh0c_K|m=IM
   OUTPUT FILE=    01_H_asf
   ASF: # G' VALUES FOUND IN INPUT G' FILE=      505
   ASF: # G'' VALUES FOUND IN INPUT G'' FILE=    585
   ASF: # EXPLICIT BOUND-BOUND TRANSITIONS=     29
   ASF: INPUT G'  FILE EKEVMIN, EKEVMAX=   0.00000E+00  1.00000E+04
   ASF: INPUT G'' FILE EKEVMIN, EKEVMAX=   0.00000E+00  1.00000E+04
       OUTPUT FILE EKEVMIN, EKEVMAX=       0.00000E+00  1.00000E+04
   ASF: RETAIN INPUT-FILE ENERGY GRID.
     # UNIQUE G'/G'' ENERGIES=    742
 REMARK END = 01_H_asf
      E (keV)          g''           g'           f'           f1
  0.00000E+00  0.00000E+00 -9.99760E-01 -9.99786E-01  2.14000E-04
  1.00000E-03  0.00000E+00 -1.00588E+00 -1.00591E+00 -5.91149E-03
  1.50000E-03  0.00000E+00 -1.01368E+00 -1.01371E+00 -1.37098E-02
  2.00000E-03  0.00000E+00 -1.02487E+00 -1.02490E+00 -2.48953E-02
  2.50000E-03  0.00000E+00 -1.03974E+00 -1.03977E+00 -3.97698E-02
  3.00000E-03  0.00000E+00 -1.05871E+00 -1.05874E+00 -5.87375E-02
  3.50000E-03  0.00000E+00 -1.08235E+00 -1.08237E+00 -8.23685E-02
  4.00000E-03  0.00000E+00 -1.11142E+00 -1.11145E+00 -1.11449E-01
  4.50000E-03  0.00000E+00 -1.14700E+00 -1.14703E+00 -1.47029E-01
  5.00000E-03  0.00000E+00 -1.19056E+00 -1.19059E+00 -1.90586E-01
  5.10160E-03  0.00000E+00 -1.20056E+00 -1.20058E+00 -2.00578E-01
  5.60000E-03  0.00000E+00 -1.25635E+00 -1.25637E+00 -2.56374E-01
  6.00000E-03  0.00000E+00 -1.31090E+00 -1.31092E+00 -3.10925E-01
  6.50000E-03  0.00000E+00 -1.39538E+00 -1.39541E+00 -3.95407E-01
  7.00000E-03  0.00000E+00 -1.50501E+00 -1.50503E+00 -5.05034E-01
  7.50000E-03  0.00000E+00 -1.65247E+00 -1.65249E+00 -6.52494E-01
  8.00000E-03  0.00000E+00 -1.86151E+00 -1.86154E+00 -8.61543E-01
  8.50000E-03  0.00000E+00 -2.18291E+00 -2.18294E+00 -1.18294E+00
  8.70000E-03  0.00000E+00 -2.36686E+00 -2.36689E+00 -1.36689E+00
  9.00000E-03  0.00000E+00 -2.74968E+00 -2.74970E+00 -1.74970E+00
  9.20000E-03  0.00000E+00 -3.12455E+00 -3.12458E+00 -2.12458E+00
  9.50000E-03  0.00000E+00 -4.06626E+00 -4.06628E+00 -3.06628E+00
  9.70000E-03  0.00000E+00 -5.29371E+00 -5.29373E+00 -4.29373E+00
  1.00000E-02  0.00000E+00 -1.15300E+01 -1.15300E+01 -1.05300E+01
  1.01000E-02  0.00000E+00 -2.15033E+01 -2.15033E+01 -2.05033E+01
  1.02032E-02  0.00000E+00 -1.75880E+03 -1.75880E+03 -1.75780E+03
  1.02038E-02 -2.77026E+03 -8.79994E+02 -8.79994E+02 -8.78994E+02
  1.02044E-02 -5.54052E+03 -1.18793E+00 -1.18796E+00 -1.87957E-01
  1.02056E-02  0.00000E+00  1.75642E+03  1.75642E+03  1.75742E+03
  1.05000E-02  0.00000E+00  5.91136E+00  5.91133E+00  6.91133E+00
  1.07000E-02  0.00000E+00  2.93945E+00  2.93942E+00  3.93942E+00
  1.09000E-02  0.00000E+00  1.61563E+00  1.61561E+00  2.61561E+00
  1.10200E-02  0.00000E+00  1.09841E+00  1.09838E+00  2.09838E+00
  1.11492E-02  0.00000E+00  6.53643E-01  6.53616E-01  1.65362E+00
  1.12700E-02  0.00000E+00  2.95578E-01  2.95551E-01  1.29555E+00
  1.14000E-02  0.00000E+00 -6.51014E-02 -6.51274E-02  9.34873E-01
  1.15000E-02  0.00000E+00 -3.48770E-01 -3.48797E-01  6.51203E-01
  1.16000E-02  0.00000E+00 -6.63414E-01 -6.63441E-01  3.36559E-01
  1.17000E-02  0.00000E+00 -1.04952E+00 -1.04954E+00 -4.95436E-02
  1.18000E-02  0.00000E+00 -1.59552E+00 -1.59555E+00 -5.95547E-01
  1.18700E-02  0.00000E+00 -2.19466E+00 -2.19468E+00 -1.19468E+00
  1.19500E-02  0.00000E+00 -3.48350E+00 -3.48353E+00 -2.48353E+00
  1.20200E-02  0.00000E+00 -6.71162E+00 -6.71164E+00 -5.71164E+00
  1.20929E-02  0.00000E+00 -3.72529E+02 -3.72529E+02 -3.71529E+02
  1.20935E-02 -6.05010E+02 -1.86444E+02 -1.86444E+02 -1.85444E+02
  1.20941E-02 -1.21002E+03 -3.57897E-01 -3.57924E-01  6.42076E-01
  1.20953E-02  0.00000E+00  3.71813E+02  3.71813E+02  3.72813E+02
  1.22000E-02  0.00000E+00  4.00160E+00  4.00158E+00  5.00158E+00
  1.23000E-02  0.00000E+00  1.63507E+00  1.63504E+00  2.63504E+00
  1.23600E-02  0.00000E+00  9.87397E-01  9.87370E-01  1.98737E+00
  1.24248E-02  0.00000E+00  4.73614E-01  4.73588E-01  1.47359E+00
  1.25100E-02  0.00000E+00 -1.15207E-01 -1.15233E-01  8.84767E-01
  1.26000E-02  0.00000E+00 -8.73054E-01 -8.73084E-01  1.26916E-01
  1.26800E-02  0.00000E+00 -2.38528E+00 -2.38530E+00 -1.38530E+00
  1.27542E-02  0.00000E+00 -1.42396E+02 -1.42396E+02 -1.41396E+02
  1.27549E-02 -2.49198E+02 -7.05942E+01 -7.05942E+01 -6.95942E+01
  1.27555E-02 -4.62797E+02 -1.73803E-01 -1.73833E-01  8.26167E-01
  1.27568E-02  0.00000E+00  1.42048E+02  1.42048E+02  1.43048E+02
  1.27900E-02  0.00000E+00  5.06909E+00  5.06906E+00  6.06906E+00
  1.28300E-02  0.00000E+00  2.04303E+00  2.04300E+00  3.04300E+00
  1.28700E-02  0.00000E+00  1.00186E+00  1.00184E+00  2.00184E+00
  1.29085E-02  0.00000E+00  3.84051E-01  3.84031E-01  1.38403E+00
  1.29400E-02  0.00000E+00 -5.57065E-02 -5.57365E-02  9.44264E-01
  1.29800E-02  0.00000E+00 -7.10719E-01 -7.10739E-01  2.89261E-01
  1.30200E-02  0.00000E+00 -2.03259E+00 -2.03261E+00 -1.03261E+00
  1.30603E-02  0.00000E+00 -7.01080E+01 -7.01080E+01 -6.91080E+01
  1.30610E-02 -1.22088E+02 -3.44268E+01 -3.44268E+01 -3.34268E+01
  1.30616E-02 -2.26734E+02 -9.65734E-02 -9.66034E-02  9.03397E-01
  1.30629E-02  0.00000E+00  6.99148E+01  6.99148E+01  7.09148E+01
  1.31000E-02  0.00000E+00  2.01595E+00  2.01592E+00  3.01592E+00
  1.31200E-02  0.00000E+00  1.04381E+00  1.04378E+00  2.04378E+00
  1.31447E-02  0.00000E+00  3.29976E-01  3.29946E-01  1.32995E+00
  1.31700E-02  0.00000E+00 -3.14932E-01 -3.14952E-01  6.85048E-01
  1.31900E-02  0.00000E+00 -1.01838E+00 -1.01840E+00 -1.83998E-02
  1.32100E-02  0.00000E+00 -2.74994E+00 -2.74997E+00 -1.74997E+00
  1.32266E-02  0.00000E+00 -3.97202E+01 -3.97203E+01 -3.87203E+01
  1.32273E-02 -6.90044E+01 -1.94026E+01 -1.94027E+01 -1.84027E+01
  1.32279E-02 -1.28151E+02 -5.43943E-02 -5.44243E-02  9.45576E-01
  1.32292E-02  0.00000E+00  3.96114E+01  3.96114E+01  4.06114E+01
  1.32500E-02  0.00000E+00  2.02928E+00  2.02925E+00  3.02925E+00
  1.32780E-02  0.00000E+00  2.93853E-01  2.93823E-01  1.29382E+00
  1.33000E-02  0.00000E+00 -6.91231E-01 -6.91261E-01  3.08739E-01
  1.33269E-02  0.00000E+00 -2.46833E+01 -2.46833E+01 -2.36833E+01
  1.33276E-02 -4.28462E+01 -1.20165E+01 -1.20165E+01 -1.10165E+01
  1.33282E-02 -7.95715E+01 -2.78850E-02 -2.79050E-02  9.72095E-01
  1.33295E-02  0.00000E+00  2.46274E+01  2.46273E+01  2.56273E+01
  1.33450E-02  0.00000E+00  1.57847E+00  1.57844E+00  2.57844E+00
  1.33607E-02  0.00000E+00  2.68356E-01  2.68336E-01  1.26834E+00
  1.33760E-02  0.00000E+00 -8.09722E-01 -8.09752E-01  1.90248E-01
  1.33920E-02  0.00000E+00 -1.63758E+01 -1.63758E+01 -1.53758E+01
  1.33933E-02 -5.28224E+01 -9.51518E-03 -9.53518E-03  9.90465E-01
  1.33946E-02  0.00000E+00  1.63565E+01  1.63565E+01  1.73565E+01
  1.34050E-02  0.00000E+00  1.49969E+00  1.49966E+00  2.49966E+00
  1.34156E-02  0.00000E+00  2.45967E-01  2.45937E-01  1.24594E+00
  1.34260E-02  0.00000E+00 -8.22519E-01 -8.22549E-01  1.77451E-01
  1.34366E-02  0.00000E+00 -1.14029E+01 -1.14029E+01 -1.04029E+01
  1.34379E-02 -3.68681E+01  5.27372E-03  5.24372E-03  1.00524E+00
  1.34392E-02  0.00000E+00  1.14129E+01  1.14129E+01  1.24129E+01
  1.34538E-02  0.00000E+00  2.37565E-01  2.37545E-01  1.23754E+00
  1.34685E-02  0.00000E+00 -8.23758E+00 -8.23760E+00 -7.23760E+00
  1.34698E-02 -2.67575E+01  1.71752E-02  1.71452E-02  1.01715E+00
  1.34711E-02  0.00000E+00  8.27104E+00  8.27102E+00  9.27102E+00
  1.34816E-02  0.00000E+00  2.20642E-01  2.20612E-01  1.22061E+00
  1.34921E-02  0.00000E+00 -6.11998E+00 -6.12000E+00 -5.12000E+00
  1.34934E-02 -2.00372E+01  2.82224E-02  2.81924E-02  1.02819E+00
  1.34947E-02  0.00000E+00  6.17504E+00  6.17501E+00  7.17501E+00
  1.35024E-02  0.00000E+00  2.10703E-01  2.10683E-01  1.21068E+00
  1.35101E-02  0.00000E+00 -4.64827E+00 -4.64830E+00 -3.64830E+00
  1.35114E-02 -1.53953E+01  3.38372E-02  3.38172E-02  1.03382E+00
  1.35127E-02  0.00000E+00  4.71376E+00  4.71373E+00  5.71373E+00
  1.35184E-02  0.00000E+00  2.01951E-01  2.01921E-01  1.20192E+00
  1.35241E-02  0.00000E+00 -3.58493E+00 -3.58496E+00 -2.58496E+00
  1.35254E-02 -1.20854E+01  3.97085E-02  3.96885E-02  1.03969E+00
  1.35267E-02  0.00000E+00  3.66101E+00  3.66098E+00  4.66098E+00
  1.35309E-02  0.00000E+00  2.12387E-01  2.12357E-01  1.21236E+00
  1.35352E-02  0.00000E+00 -2.79265E+00 -2.79267E+00 -1.79267E+00
  1.35365E-02 -9.66125E+00  4.40102E-02  4.39802E-02  1.04398E+00
  1.35378E-02  0.00000E+00  2.87548E+00  2.87545E+00  3.87545E+00
  1.35409E-02  0.00000E+00  2.14960E-01  2.14940E-01  1.21494E+00
  1.35441E-02  0.00000E+00 -2.17461E+00 -2.17464E+00 -1.17464E+00
  1.35454E-02 -7.84519E+00  5.71788E-02  5.71588E-02  1.05716E+00
  1.35467E-02  0.00000E+00  2.28209E+00  2.28206E+00  3.28206E+00
  1.35490E-02  0.00000E+00  2.20786E-01  2.20756E-01  1.22076E+00
  1.35514E-02  0.00000E+00 -1.68783E+00 -1.68786E+00 -6.87861E-01
  1.35527E-02 -6.45784E+00  6.78589E-02  6.78289E-02  1.06783E+00
  1.35540E-02  0.00000E+00  1.81457E+00  1.81454E+00  2.81454E+00
  1.35557E-02  0.00000E+00  2.22027E-01  2.22007E-01  1.22201E+00
  1.35575E-02  0.00000E+00 -1.30209E+00 -1.30211E+00 -3.02111E-01
  1.35588E-02 -5.37942E+00  6.69201E-02  6.69001E-02  1.06690E+00
  1.35601E-02  0.00000E+00  1.42186E+00  1.42184E+00  2.42184E+00
  1.35613E-02  0.00000E+00  2.23711E-01  2.23681E-01  1.22368E+00
  1.35626E-02  0.00000E+00 -9.70779E-01 -9.70809E-01  2.91910E-02
  1.35639E-02 -4.52855E+00  7.11272E-02  7.11072E-02  1.07111E+00
  1.35652E-02  0.00000E+00  1.09292E+00  1.09289E+00  2.09289E+00
  1.35660E-02  0.00000E+00  2.31905E-01  2.31885E-01  1.23189E+00
  1.35669E-02  0.00000E+00 -6.74820E-01 -6.74850E-01  3.25150E-01
  1.35682E-02 -3.84818E+00  8.28663E-02  8.28463E-02  1.08285E+00
  1.35695E-02  0.00000E+00  8.16142E-01  8.16112E-01  1.81611E+00
  1.35700E-02  0.00000E+00  2.37909E-01  2.37879E-01  1.23788E+00
  1.35706E-02  0.00000E+00 -4.22477E-01 -4.22507E-01  5.77493E-01
  1.35719E-02 -3.29766E+00  8.04184E-02  8.03984E-02  1.08040E+00
  1.35732E-02  0.00000E+00  5.35430E-01  5.35400E-01  1.53540E+00
  1.35734E-02  0.00000E+00  2.73725E-01  2.73695E-01  1.27370E+00
  1.35737E-02  0.00000E+00 -1.06380E-01 -1.06400E-01  8.93600E-01
  1.35750E-02 -2.84557E+00  1.64209E-01  1.64179E-01  1.16418E+00
  1.35763E-02  0.00000E+00  5.10032E-01  5.10012E-01  1.51001E+00
  1.35770E-02  0.00000E+00 -1.99400E-01 -1.99430E-01  8.00570E-01
  1.35776E-02  0.00000E+00 -8.92427E-01 -8.92457E-01  1.07543E-01
  1.35789E-02 -4.63383E+00  1.02708E-01  1.02688E-01  1.10269E+00
  1.35802E-02  0.00000E+00  1.19203E+00  1.19200E+00  2.19200E+00
  1.35810E-02  0.00000E+00  3.04305E-01  3.04275E-01  1.30428E+00
  1.35819E-02  0.00000E+00 -5.67766E-01 -5.67786E-01  4.32214E-01
  1.35831E-02 -3.58044E+00  7.81303E-02  7.81003E-02  1.07810E+00
  1.35844E-02  0.00000E+00  7.39327E-01  7.39297E-01  1.73930E+00
  1.35848E-02  0.00000E+00  2.70080E-01  2.70050E-01  1.27005E+00
  1.35852E-02  0.00000E+00 -1.88559E-01 -1.88589E-01  8.11411E-01
  1.35865E-02 -2.82320E+00  1.39145E-01  1.39115E-01  1.13912E+00
  1.35877E-02  0.00000E+00  4.20613E-01  4.20583E-01  1.42058E+00
  1.35880E-02  0.00000E+00  8.74201E-02  8.74001E-02  1.08740E+00
  1.35883E-02  0.00000E+00 -2.93472E-01 -2.93492E-01  7.06508E-01
  1.35896E-02 -3.23296E+00  1.62394E-01  1.62364E-01  1.16236E+00
  1.35909E-02  0.00000E+00  5.86049E-01  5.86029E-01  1.58603E+00
  1.35912E-02  0.00000E+00  2.18416E-01  2.18386E-01  1.21839E+00
  1.35916E-02  0.00000E+00 -2.45330E-01 -2.45360E-01  7.54640E-01
  1.35929E-02 -3.06143E+00  1.79316E-01  1.79296E-01  1.17930E+00
  1.35941E-02  0.00000E+00  5.44066E-01  5.44036E-01  1.54404E+00
  1.35943E-02  0.00000E+00  3.22109E-01  3.22079E-01  1.32208E+00
  1.35945E-02  0.00000E+00  6.42408E-02  6.42208E-02  1.06422E+00
  1.35958E-02 -2.58962E+00  1.81661E-01  1.81631E-01  1.18163E+00
  1.35971E-02  0.00000E+00  3.05403E-01  3.05373E-01  1.30537E+00
  1.35972E-02  0.00000E+00  1.66808E-01  1.66778E-01  1.16678E+00
  1.35985E-02 -2.56002E+00  2.25749E-01  2.25729E-01  1.22573E+00
  1.35998E-02  0.00000E+00  3.37670E-01  3.37640E-01  1.33764E+00
  1.35999E-02  0.00000E+00  2.07470E-01  2.07440E-01  1.20744E+00
  1.36005E-02 -1.16004E+00  2.12729E-01  2.12699E-01  1.21270E+00
  1.36012E-02 -2.51342E+00  3.33327E-01  3.33297E-01  1.33330E+00
  1.36017E-02 -1.25671E+00  4.20318E-01  4.20298E-01  1.42030E+00
  1.36022E-02  0.00000E+00  4.84148E-01  4.84118E-01  1.48412E+00
  1.36023E-02  0.00000E+00  5.64117E-01  5.64087E-01  1.56409E+00
  1.36024E-02  0.00000E+00  6.44337E-01  6.44307E-01  1.64431E+00
  1.36034E-02 -1.68329E+00  5.30453E-01  5.30423E-01  1.53042E+00
  1.36047E-02  0.00000E+00  6.37184E-01  6.37164E-01  1.63716E+00
  1.36054E-02  0.00000E+00  2.37044E-01  2.37014E-01  1.23701E+00
  1.36060E-02  0.00000E+00 -6.18304E-02 -6.18604E-02  9.38140E-01
  1.36070E-02  0.00000E+00 -5.37566E-01 -5.37596E-01  4.62404E-01
  1.36080E-02 -1.22783E+00 -8.05067E-01 -8.05097E-01  1.94903E-01
  1.36088E-02 -1.22771E+00 -3.65948E-01 -3.65978E-01  6.34022E-01
  1.36095E-02 -1.22760E+00 -2.71057E-01 -2.71087E-01  7.28913E-01
  1.36103E-02 -1.22748E+00 -2.04340E-01 -2.04360E-01  7.95640E-01
  1.36110E-02 -1.22738E+00 -1.64559E-01 -1.64589E-01  8.35411E-01
  1.36118E-02 -1.22726E+00 -1.31193E-01 -1.31223E-01  8.68777E-01
  1.36125E-02 -1.22715E+00 -1.08840E-01 -1.08860E-01  8.91140E-01
  1.36133E-02 -1.22703E+00 -8.86064E-02 -8.86364E-02  9.11364E-01
  1.36140E-02 -1.22692E+00 -7.42703E-02 -7.43003E-02  9.25700E-01
  1.36148E-02 -1.22680E+00 -6.06361E-02 -6.06661E-02  9.39334E-01
  1.36155E-02 -1.22669E+00 -5.05634E-02 -5.05834E-02  9.49417E-01
  1.36162E-02 -1.22659E+00 -4.18561E-02 -4.18761E-02  9.58124E-01
  1.36170E-02 -1.22647E+00 -3.32963E-02 -3.33263E-02  9.66674E-01
  1.36177E-02 -1.22636E+00 -2.67116E-02 -2.67416E-02  9.73258E-01
  1.36185E-02 -1.22624E+00 -2.00912E-02 -2.01112E-02  9.79889E-01
  1.36193E-02 -1.22612E+00 -1.42509E-02 -1.42709E-02  9.85729E-01
  1.36200E-02 -1.22601E+00 -9.66063E-03 -9.69063E-03  9.90309E-01
  1.36215E-02 -1.22579E+00 -1.23538E-03 -1.26538E-03  9.98735E-01
  1.36230E-02 -1.22556E+00  5.75885E-03  5.72885E-03  1.00573E+00
  1.36250E-02 -1.22526E+00  1.33916E-02  1.33616E-02  1.01336E+00
  1.36270E-02 -1.22495E+00  1.96249E-02  1.96049E-02  1.01960E+00
  1.36285E-02 -1.22473E+00  2.36043E-02  2.35743E-02  1.02357E+00
  1.36300E-02 -1.22450E+00  2.70829E-02  2.70629E-02  1.02706E+00
  1.36315E-02 -1.22427E+00  3.01928E-02  3.01628E-02  1.03016E+00
  1.36330E-02 -1.22405E+00  3.29529E-02  3.29229E-02  1.03292E+00
  1.36350E-02 -1.22375E+00  3.62215E-02  3.62015E-02  1.03620E+00
  1.36370E-02 -1.22344E+00  3.90906E-02  3.90606E-02  1.03906E+00
  1.36400E-02 -1.22299E+00  4.27916E-02  4.27616E-02  1.04276E+00
  1.36420E-02 -1.22269E+00  4.49435E-02  4.49235E-02  1.04492E+00
  1.36450E-02 -1.22223E+00  4.77831E-02  4.77531E-02  1.04775E+00
  1.36470E-02 -1.22193E+00  4.94700E-02  4.94400E-02  1.04944E+00
  1.36500E-02 -1.22148E+00  5.17260E-02  5.17060E-02  1.05171E+00
  1.36540E-02 -1.22088E+00  5.43513E-02  5.43213E-02  1.05432E+00
  1.36580E-02 -1.22028E+00  5.66032E-02  5.65832E-02  1.05658E+00
  1.36620E-02 -1.21968E+00  5.85788E-02  5.85588E-02  1.05856E+00
  1.36650E-02 -1.21923E+00  5.99154E-02  5.98854E-02  1.05989E+00
  1.36680E-02 -1.21878E+00  6.11291E-02  6.11091E-02  1.06111E+00
  1.36720E-02 -1.21818E+00  6.26162E-02  6.25962E-02  1.06260E+00
  1.36760E-02 -1.21758E+00  6.39636E-02  6.39436E-02  1.06394E+00
  1.36800E-02 -1.21698E+00  6.51933E-02  6.51733E-02  1.06517E+00
  1.36850E-02 -1.21623E+00  6.66006E-02  6.65706E-02  1.06657E+00
  1.36900E-02 -1.21548E+00  6.78685E-02  6.78485E-02  1.06785E+00
  1.36950E-02 -1.21474E+00  6.90367E-02  6.90067E-02  1.06901E+00
  1.37000E-02 -1.21399E+00  7.01124E-02  7.00824E-02  1.07008E+00
  1.37050E-02 -1.21325E+00  7.11144E-02  7.10844E-02  1.07108E+00
  1.37100E-02 -1.21251E+00  7.20390E-02  7.20190E-02  1.07202E+00
  1.37150E-02 -1.21176E+00  7.29170E-02  7.28970E-02  1.07290E+00
  1.37200E-02 -1.21102E+00  7.37510E-02  7.37210E-02  1.07372E+00
  1.37270E-02 -1.20998E+00  7.48333E-02  7.48133E-02  1.07481E+00
  1.37350E-02 -1.20880E+00  7.59917E-02  7.59717E-02  1.07597E+00
  1.37420E-02 -1.20776E+00  7.69424E-02  7.69124E-02  1.07691E+00
  1.37500E-02 -1.20657E+00  7.79698E-02  7.79398E-02  1.07794E+00
  1.37600E-02 -1.20510E+00  7.91636E-02  7.91336E-02  1.07913E+00
  1.37700E-02 -1.20363E+00  8.02889E-02  8.02689E-02  1.08027E+00
  1.37850E-02 -1.20142E+00  8.18768E-02  8.18468E-02  1.08185E+00
  1.38000E-02 -1.19922E+00  8.33496E-02  8.33196E-02  1.08332E+00
  1.38100E-02 -1.19777E+00  8.42793E-02  8.42493E-02  1.08425E+00
  1.38200E-02 -1.19632E+00  8.51848E-02  8.51548E-02  1.08515E+00
  1.38350E-02 -1.19415E+00  8.64790E-02  8.64490E-02  1.08645E+00
  1.38500E-02 -1.19198E+00  8.77215E-02  8.77015E-02  1.08770E+00
  1.38600E-02 -1.19053E+00  8.85337E-02  8.85037E-02  1.08850E+00
  1.38700E-02 -1.18908E+00  8.93114E-02  8.92914E-02  1.08929E+00
  1.38850E-02 -1.18691E+00  9.04601E-02  9.04401E-02  1.09044E+00
  1.39000E-02 -1.18474E+00  9.15818E-02  9.15518E-02  1.09155E+00
  1.39200E-02 -1.18190E+00  9.30257E-02  9.29957E-02  1.09300E+00
  1.39500E-02 -1.17764E+00  9.51144E-02  9.50844E-02  1.09508E+00
  1.39700E-02 -1.17480E+00  9.64597E-02  9.64297E-02  1.09643E+00
  1.40000E-02 -1.17054E+00  9.84195E-02  9.83995E-02  1.09840E+00
  1.40150E-02 -1.16846E+00  9.93778E-02  9.93578E-02  1.09936E+00
  1.40300E-02 -1.16638E+00  1.00332E-01  1.00302E-01  1.10030E+00
  1.40500E-02 -1.16360E+00  1.01572E-01  1.01542E-01  1.10154E+00
  1.40700E-02 -1.16083E+00  1.02790E-01  1.02760E-01  1.10276E+00
  1.40900E-02 -1.15805E+00  1.03986E-01  1.03966E-01  1.10397E+00
  1.41100E-02 -1.15528E+00  1.05170E-01  1.05140E-01  1.10514E+00
  1.41500E-02 -1.14973E+00  1.07483E-01  1.07457E-01  1.10746E+00
  1.41800E-02 -1.14569E+00  1.09180E-01  1.09154E-01  1.10915E+00
  1.42200E-02 -1.14029E+00  1.11392E-01  1.11365E-01  1.11136E+00
  1.42600E-02 -1.13490E+00  1.13551E-01  1.13525E-01  1.11352E+00
  1.43000E-02 -1.12951E+00  1.15655E-01  1.15628E-01  1.11563E+00
  1.43300E-02 -1.12559E+00  1.17204E-01  1.17177E-01  1.11718E+00
  1.43700E-02 -1.12037E+00  1.19244E-01  1.19218E-01  1.11922E+00
  1.44100E-02 -1.11515E+00  1.21251E-01  1.21224E-01  1.12122E+00
  1.44500E-02 -1.10993E+00  1.23227E-01  1.23200E-01  1.12320E+00
  1.44800E-02 -1.10612E+00  1.24689E-01  1.24662E-01  1.12466E+00
  1.45200E-02 -1.10104E+00  1.26613E-01  1.26586E-01  1.12659E+00
  1.45600E-02 -1.09596E+00  1.28512E-01  1.28486E-01  1.12849E+00
  1.46000E-02 -1.09088E+00  1.30404E-01  1.30377E-01  1.13038E+00
  1.46500E-02 -1.08466E+00  1.32721E-01  1.32694E-01  1.13269E+00
  1.47000E-02 -1.07845E+00  1.34959E-01  1.34932E-01  1.13493E+00
  1.47500E-02 -1.07223E+00  1.37140E-01  1.37113E-01  1.13711E+00
  1.48000E-02 -1.06601E+00  1.39268E-01  1.39242E-01  1.13924E+00
  1.48500E-02 -1.05997E+00  1.41350E-01  1.41324E-01  1.14132E+00
  1.49000E-02 -1.05392E+00  1.43385E-01  1.43359E-01  1.14336E+00
  1.49500E-02 -1.04798E+00  1.45381E-01  1.45354E-01  1.14535E+00
  1.50000E-02 -1.04204E+00  1.47339E-01  1.47313E-01  1.14731E+00
  1.50700E-02 -1.03388E+00  1.50010E-01  1.49983E-01  1.14998E+00
  1.51500E-02 -1.02456E+00  1.52955E-01  1.52929E-01  1.15293E+00
  1.52200E-02 -1.01663E+00  1.55451E-01  1.55424E-01  1.15542E+00
  1.53000E-02 -1.00756E+00  1.58214E-01  1.58187E-01  1.15819E+00
  1.54000E-02 -9.96562E-01  1.61543E-01  1.61517E-01  1.16152E+00
  1.55000E-02 -9.85564E-01  1.64742E-01  1.64716E-01  1.16472E+00
  1.56000E-02 -9.74945E-01  1.67822E-01  1.67795E-01  1.16779E+00
  1.57000E-02 -9.64326E-01  1.70805E-01  1.70779E-01  1.17078E+00
  1.58000E-02 -9.54004E-01  1.73670E-01  1.73643E-01  1.17364E+00
  1.59000E-02 -9.43682E-01  1.76395E-01  1.76369E-01  1.17637E+00
  1.60000E-02 -9.33706E-01  1.79003E-01  1.78976E-01  1.17898E+00
  1.61000E-02 -9.23729E-01  1.81504E-01  1.81477E-01  1.18148E+00
  1.62000E-02 -9.14083E-01  1.83905E-01  1.83878E-01  1.18388E+00
  1.63000E-02 -9.04436E-01  1.86213E-01  1.86187E-01  1.18619E+00
  1.64000E-02 -8.95105E-01  1.88441E-01  1.88414E-01  1.18841E+00
  1.65000E-02 -8.85775E-01  1.90616E-01  1.90590E-01  1.19059E+00
  1.66000E-02 -8.76656E-01  1.92700E-01  1.92674E-01  1.19267E+00
  1.67000E-02 -8.67538E-01  1.94660E-01  1.94634E-01  1.19463E+00
  1.68000E-02 -8.58712E-01  1.96524E-01  1.96498E-01  1.19650E+00
  1.69000E-02 -8.49886E-01  1.98302E-01  1.98275E-01  1.19827E+00
  1.70000E-02 -8.41340E-01  2.00001E-01  1.99974E-01  1.19997E+00
  1.71000E-02 -8.32795E-01  2.01631E-01  2.01604E-01  1.20160E+00
  1.72000E-02 -8.24518E-01  2.03187E-01  2.03160E-01  1.20316E+00
  1.73000E-02 -8.16241E-01  2.04701E-01  2.04674E-01  1.20467E+00
  1.74000E-02 -8.08167E-01  2.06145E-01  2.06119E-01  1.20612E+00
  1.75000E-02 -8.00093E-01  2.07501E-01  2.07474E-01  1.20747E+00
  1.76000E-02 -7.92268E-01  2.08786E-01  2.08759E-01  1.20876E+00
  1.77000E-02 -7.84442E-01  2.10009E-01  2.09982E-01  1.20998E+00
  1.77800E-02 -7.78419E-01  2.10945E-01  2.10918E-01  1.21092E+00
  1.78500E-02 -7.73148E-01  2.11736E-01  2.11709E-01  1.21171E+00
  1.80000E-02 -7.61854E-01  2.13362E-01  2.13335E-01  1.21334E+00
  1.81500E-02 -7.50997E-01  2.14865E-01  2.14838E-01  1.21484E+00
  1.83000E-02 -7.40140E-01  2.16224E-01  2.16198E-01  1.21620E+00
  1.84000E-02 -7.33170E-01  2.17066E-01  2.17039E-01  1.21704E+00
  1.85000E-02 -7.26199E-01  2.17860E-01  2.17833E-01  1.21783E+00
  1.86000E-02 -7.19433E-01  2.18609E-01  2.18582E-01  1.21858E+00
  1.87000E-02 -7.12667E-01  2.19317E-01  2.19291E-01  1.21929E+00
  1.88500E-02 -7.02883E-01  2.20310E-01  2.20284E-01  1.22028E+00
  1.90000E-02 -6.93099E-01  2.21245E-01  2.21218E-01  1.22122E+00
  1.91000E-02 -6.86760E-01  2.21825E-01  2.21798E-01  1.22180E+00
  1.92000E-02 -6.80422E-01  2.22348E-01  2.22321E-01  1.22232E+00
  1.93500E-02 -6.71249E-01  2.23054E-01  2.23028E-01  1.22303E+00
  1.95000E-02 -6.62076E-01  2.23680E-01  2.23653E-01  1.22365E+00
  1.96500E-02 -6.53285E-01  2.24236E-01  2.24209E-01  1.22421E+00
  1.98000E-02 -6.44494E-01  2.24727E-01  2.24700E-01  1.22470E+00
  1.99000E-02 -6.38834E-01  2.25028E-01  2.25001E-01  1.22500E+00
  2.00000E-02 -6.33175E-01  2.25323E-01  2.25297E-01  1.22530E+00
  2.02000E-02 -6.22209E-01  2.25806E-01  2.25779E-01  1.22578E+00
  2.04000E-02 -6.11242E-01  2.26137E-01  2.26111E-01  1.22611E+00
  2.05500E-02 -6.03401E-01  2.26313E-01  2.26286E-01  1.22629E+00
  2.07000E-02 -5.95559E-01  2.26433E-01  2.26406E-01  1.22641E+00
  2.09000E-02 -5.85584E-01  2.26518E-01  2.26491E-01  1.22649E+00
  2.11000E-02 -5.75608E-01  2.26525E-01  2.26499E-01  1.22650E+00
  2.13000E-02 -5.66145E-01  2.26469E-01  2.26442E-01  1.22644E+00
  2.15000E-02 -5.56681E-01  2.26380E-01  2.26353E-01  1.22635E+00
  2.17000E-02 -5.47605E-01  2.26222E-01  2.26196E-01  1.22620E+00
  2.19000E-02 -5.38529E-01  2.25962E-01  2.25935E-01  1.22594E+00
  2.21000E-02 -5.29905E-01  2.25631E-01  2.25605E-01  1.22560E+00
  2.23000E-02 -5.21281E-01  2.25242E-01  2.25215E-01  1.22522E+00
  2.25000E-02 -5.13080E-01  2.24802E-01  2.24776E-01  1.22478E+00
  2.27000E-02 -5.04878E-01  2.24320E-01  2.24293E-01  1.22429E+00
  2.30000E-02 -4.93096E-01  2.23548E-01  2.23521E-01  1.22352E+00
  2.33000E-02 -4.81649E-01  2.22685E-01  2.22658E-01  1.22266E+00
  2.35000E-02 -4.74245E-01  2.22043E-01  2.22017E-01  1.22202E+00
  2.37000E-02 -4.67016E-01  2.21366E-01  2.21340E-01  1.22134E+00
  2.40000E-02 -4.56489E-01  2.20308E-01  2.20281E-01  1.22028E+00
  2.42000E-02 -4.49640E-01  2.19570E-01  2.19543E-01  1.21954E+00
  2.45000E-02 -4.39662E-01  2.18392E-01  2.18365E-01  1.21837E+00
  2.47000E-02 -4.33198E-01  2.17577E-01  2.17551E-01  1.21755E+00
  2.50000E-02 -4.23775E-01  2.16334E-01  2.16308E-01  1.21631E+00
  2.54000E-02 -4.11621E-01  2.14601E-01  2.14574E-01  1.21457E+00
  2.58000E-02 -3.99997E-01  2.12773E-01  2.12747E-01  1.21275E+00
  2.61000E-02 -3.91608E-01  2.11368E-01  2.11341E-01  1.21134E+00
  2.65000E-02 -3.80840E-01  2.09485E-01  2.09458E-01  1.20946E+00
  2.69000E-02 -3.70441E-01  2.07560E-01  2.07534E-01  1.20753E+00
  2.73000E-02 -3.60473E-01  2.05573E-01  2.05547E-01  1.20555E+00
  2.77000E-02 -3.50912E-01  2.03562E-01  2.03536E-01  1.20354E+00
  2.80000E-02 -3.43996E-01  2.02063E-01  2.02036E-01  1.20204E+00
  2.83000E-02 -3.37235E-01  2.00509E-01  2.00482E-01  1.20048E+00
  2.85000E-02 -3.32841E-01  1.99527E-01  1.99500E-01  1.19950E+00
  2.90000E-02 -3.22233E-01  1.96942E-01  1.96916E-01  1.19692E+00
  2.95000E-02 -3.12136E-01  1.94353E-01  1.94326E-01  1.19433E+00
  2.98000E-02 -3.06309E-01  1.92792E-01  1.92765E-01  1.19276E+00
  3.00000E-02 -3.02517E-01  1.91793E-01  1.91766E-01  1.19177E+00
  3.04000E-02 -2.95079E-01  1.89680E-01  1.89653E-01  1.18965E+00
  3.08000E-02 -2.87919E-01  1.87688E-01  1.87661E-01  1.18766E+00
  3.12000E-02 -2.81021E-01  1.85589E-01  1.85562E-01  1.18556E+00
  3.15000E-02 -2.76013E-01  1.84085E-01  1.84058E-01  1.18406E+00
  3.19000E-02 -2.69544E-01  1.82005E-01  1.81978E-01  1.18198E+00
  3.23000E-02 -2.63305E-01  1.80020E-01  1.79993E-01  1.17999E+00
  3.26000E-02 -2.58770E-01  1.78504E-01  1.78477E-01  1.17848E+00
  3.30000E-02 -2.52907E-01  1.76557E-01  1.76530E-01  1.17653E+00
  3.35000E-02 -2.45794E-01  1.74066E-01  1.74039E-01  1.17404E+00
  3.40000E-02 -2.38983E-01  1.71694E-01  1.71667E-01  1.17167E+00
  3.45000E-02 -2.32455E-01  1.69267E-01  1.69241E-01  1.16924E+00
  3.50000E-02 -2.26196E-01  1.66943E-01  1.66917E-01  1.16692E+00
  3.54000E-02 -2.21335E-01  1.65024E-01  1.64998E-01  1.16500E+00
  3.57000E-02 -2.17793E-01  1.63624E-01  1.63597E-01  1.16360E+00
  3.61000E-02 -2.13203E-01  1.61804E-01  1.61778E-01  1.16178E+00
  3.65000E-02 -2.08758E-01  1.60038E-01  1.60011E-01  1.16001E+00
  3.69000E-02 -2.04454E-01  1.58215E-01  1.58188E-01  1.15819E+00
  3.73000E-02 -2.00283E-01  1.56440E-01  1.56413E-01  1.15641E+00
  3.77000E-02 -1.96240E-01  1.54710E-01  1.54683E-01  1.15468E+00
  3.80000E-02 -1.93289E-01  1.53440E-01  1.53413E-01  1.15341E+00
  3.85000E-02 -1.88489E-01  1.51284E-01  1.51257E-01  1.15126E+00
  3.90000E-02 -1.83867E-01  1.49189E-01  1.49162E-01  1.14916E+00
  3.95000E-02 -1.79416E-01  1.47151E-01  1.47125E-01  1.14712E+00
  4.00000E-02 -1.75126E-01  1.45168E-01  1.45141E-01  1.14514E+00
  4.07000E-02 -1.69337E-01  1.42363E-01  1.42337E-01  1.14234E+00
  4.15000E-02 -1.63069E-01  1.39271E-01  1.39245E-01  1.13924E+00
  4.22000E-02 -1.57868E-01  1.36657E-01  1.36630E-01  1.13663E+00
  4.30000E-02 -1.52227E-01  1.33765E-01  1.33739E-01  1.13374E+00
  4.35000E-02 -1.48835E-01  1.31981E-01  1.31954E-01  1.13195E+00
  4.40000E-02 -1.45557E-01  1.30231E-01  1.30204E-01  1.13020E+00
  4.45000E-02 -1.42387E-01  1.28514E-01  1.28488E-01  1.12849E+00
  4.50000E-02 -1.39320E-01  1.26830E-01  1.26803E-01  1.12680E+00
  4.57000E-02 -1.35167E-01  1.24533E-01  1.24506E-01  1.12451E+00
  4.65000E-02 -1.30646E-01  1.21976E-01  1.21949E-01  1.12195E+00
  4.72000E-02 -1.26874E-01  1.19793E-01  1.19767E-01  1.11977E+00
  4.80000E-02 -1.22762E-01  1.17357E-01  1.17331E-01  1.11733E+00
  4.85000E-02 -1.20282E-01  1.15865E-01  1.15838E-01  1.11584E+00
  4.90000E-02 -1.17876E-01  1.14394E-01  1.14367E-01  1.11437E+00
  4.95000E-02 -1.15542E-01  1.12944E-01  1.12917E-01  1.11292E+00
  5.00000E-02 -1.13277E-01  1.11513E-01  1.11486E-01  1.11149E+00
  5.05000E-02 -1.11066E-01  1.10136E-01  1.10109E-01  1.11011E+00
  5.10000E-02 -1.08919E-01  1.08777E-01  1.08750E-01  1.10875E+00
  5.15000E-02 -1.06834E-01  1.07435E-01  1.07408E-01  1.10741E+00
  5.20000E-02 -1.04808E-01  1.06110E-01  1.06083E-01  1.10608E+00
  5.26000E-02 -1.02453E-01  1.04576E-01  1.04550E-01  1.10455E+00
  5.32000E-02 -1.00176E-01  1.03065E-01  1.03038E-01  1.10304E+00
  5.37000E-02 -9.83370E-02  1.01821E-01  1.01794E-01  1.10179E+00
  5.43000E-02 -9.61959E-02  1.00347E-01  1.00320E-01  1.10032E+00
  5.50000E-02 -9.37855E-02  9.87122E-02  9.86856E-02  1.09869E+00
  5.57000E-02 -9.14444E-02  9.71025E-02  9.70758E-02  1.09708E+00
  5.64000E-02 -8.91899E-02  9.55161E-02  9.54894E-02  1.09549E+00
  5.70000E-02 -8.73232E-02  9.41740E-02  9.41473E-02  1.09415E+00
  5.78000E-02 -8.49241E-02  9.24760E-02  9.24493E-02  1.09245E+00
  5.85000E-02 -8.29051E-02  9.10116E-02  9.09849E-02  1.09098E+00
  5.92000E-02 -8.09572E-02  8.95663E-02  8.95396E-02  1.08954E+00
  6.00000E-02 -7.88140E-02  8.79364E-02  8.79097E-02  1.08791E+00
  6.07000E-02 -7.69951E-02  8.66160E-02  8.65893E-02  1.08659E+00
  6.15000E-02 -7.49923E-02  8.51267E-02  8.51000E-02  1.08510E+00
  6.22000E-02 -7.33030E-02  8.38400E-02  8.38133E-02  1.08381E+00
  6.30000E-02 -7.14413E-02  8.23874E-02  8.23607E-02  1.08236E+00
  6.35000E-02 -7.03135E-02  8.14888E-02  8.14621E-02  1.08146E+00
  6.40000E-02 -6.92121E-02  8.05970E-02  8.05703E-02  1.08057E+00
  6.50000E-02 -6.70853E-02  7.88330E-02  7.88064E-02  1.07881E+00
  6.58000E-02 -6.54428E-02  7.75548E-02  7.75282E-02  1.07753E+00
  6.65000E-02 -6.40543E-02  7.64488E-02  7.64222E-02  1.07642E+00
  6.73000E-02 -6.25207E-02  7.51984E-02  7.51717E-02  1.07517E+00
  6.80000E-02 -6.12234E-02  7.41154E-02  7.40888E-02  1.07409E+00
  6.90000E-02 -5.94387E-02  7.25857E-02  7.25591E-02  1.07256E+00
  7.00000E-02 -5.77305E-02  7.10753E-02  7.10486E-02  1.07105E+00
  7.07000E-02 -5.65712E-02  7.01182E-02  7.00915E-02  1.07009E+00
  7.15000E-02 -5.52883E-02  6.90348E-02  6.90081E-02  1.06901E+00
  7.23000E-02 -5.40482E-02  6.79621E-02  6.79354E-02  1.06794E+00
  7.30000E-02 -5.29969E-02  6.70317E-02  6.70050E-02  1.06701E+00
  7.40000E-02 -5.15471E-02  6.57156E-02  6.56889E-02  1.06569E+00
  7.50000E-02 -5.01556E-02  6.44139E-02  6.43872E-02  1.06439E+00
  7.58000E-02 -4.90774E-02  6.34724E-02  6.34457E-02  1.06345E+00
  7.65000E-02 -4.81621E-02  6.26555E-02  6.26288E-02  1.06263E+00
  7.73000E-02 -4.71468E-02  6.17294E-02  6.17027E-02  1.06170E+00
  7.80000E-02 -4.62843E-02  6.09253E-02  6.08986E-02  1.06090E+00
  7.90000E-02 -4.50923E-02  5.97865E-02  5.97598E-02  1.05976E+00
  8.00000E-02 -4.39455E-02  5.86587E-02  5.86320E-02  1.05863E+00
  8.08000E-02 -4.30541E-02  5.78416E-02  5.78149E-02  1.05781E+00
  8.15000E-02 -4.22961E-02  5.71319E-02  5.71052E-02  1.05711E+00
  8.23000E-02 -4.14537E-02  5.63265E-02  5.62999E-02  1.05630E+00
  8.30000E-02 -4.07370E-02  5.56268E-02  5.56001E-02  1.05560E+00
  8.40000E-02 -3.97446E-02  5.46347E-02  5.46080E-02  1.05461E+00
  8.50000E-02 -3.87876E-02  5.36511E-02  5.36245E-02  1.05362E+00
  8.65000E-02 -3.74086E-02  5.23167E-02  5.22901E-02  1.05229E+00
  8.80000E-02 -3.61010E-02  5.09993E-02  5.09726E-02  1.05097E+00
  8.90000E-02 -3.52667E-02  5.01299E-02  5.01032E-02  1.05010E+00
  9.00000E-02 -3.44606E-02  4.92673E-02  4.92406E-02  1.04924E+00
  9.15000E-02 -3.32976E-02  4.80942E-02  4.80676E-02  1.04807E+00
  9.30000E-02 -3.21918E-02  4.69347E-02  4.69081E-02  1.04691E+00
  9.40000E-02 -3.14846E-02  4.61688E-02  4.61422E-02  1.04614E+00
  9.50000E-02 -3.08002E-02  4.54082E-02  4.53816E-02  1.04538E+00
  9.65000E-02 -2.98101E-02  4.43716E-02  4.43450E-02  1.04434E+00
  9.80000E-02 -2.88663E-02  4.33458E-02  4.33192E-02  1.04332E+00
  9.90000E-02 -2.82615E-02  4.26676E-02  4.26410E-02  1.04264E+00
  1.00000E-01 -2.76753E-02  4.19938E-02  4.19672E-02  1.04197E+00
  1.01000E-01 -2.71044E-02  4.13734E-02  4.13468E-02  1.04135E+00
  1.02000E-01 -2.65507E-02  4.07569E-02  4.07303E-02  1.04073E+00
  1.03000E-01 -2.60136E-02  4.01443E-02  4.01177E-02  1.04012E+00
  1.04000E-01 -2.54924E-02  3.95354E-02  3.95088E-02  1.03951E+00
  1.05000E-01 -2.49864E-02  3.89597E-02  3.89331E-02  1.03893E+00
  1.06000E-01 -2.44952E-02  3.83874E-02  3.83607E-02  1.03836E+00
  1.07300E-01 -2.38776E-02  3.76765E-02  3.76499E-02  1.03765E+00
  1.07900E-01 -2.36003E-02  3.73503E-02  3.73236E-02  1.03732E+00
  1.08500E-01 -2.33267E-02  3.70251E-02  3.69985E-02  1.03700E+00
  1.09800E-01 -2.27493E-02  3.63675E-02  3.63409E-02  1.03634E+00
  1.11000E-01 -2.22349E-02  3.57648E-02  3.57382E-02  1.03574E+00
  1.12500E-01 -2.16156E-02  3.50169E-02  3.49903E-02  1.03499E+00
  1.14000E-01 -2.10214E-02  3.42749E-02  3.42482E-02  1.03425E+00
  1.15500E-01 -2.04501E-02  3.35982E-02  3.35715E-02  1.03357E+00
  1.17000E-01 -1.98993E-02  3.29267E-02  3.29001E-02  1.03290E+00
  1.18000E-01 -1.95442E-02  3.24819E-02  3.24553E-02  1.03246E+00
  1.19000E-01 -1.91983E-02  3.20391E-02  3.20125E-02  1.03201E+00
  1.20500E-01 -1.86962E-02  3.14278E-02  3.14012E-02  1.03140E+00
  1.22000E-01 -1.82132E-02  3.08209E-02  3.07943E-02  1.03079E+00
  1.23000E-01 -1.79004E-02  3.04186E-02  3.03920E-02  1.03039E+00
  1.24000E-01 -1.75954E-02  3.00181E-02  2.99915E-02  1.02999E+00
  1.25500E-01 -1.71521E-02  2.94682E-02  2.94416E-02  1.02944E+00
  1.27000E-01 -1.67250E-02  2.89221E-02  2.88955E-02  1.02890E+00
  1.28500E-01 -1.63133E-02  2.83796E-02  2.83529E-02  1.02835E+00
  1.30000E-01 -1.59164E-02  2.78404E-02  2.78137E-02  1.02781E+00
  1.31500E-01 -1.55316E-02  2.73631E-02  2.73364E-02  1.02734E+00
  1.33000E-01 -1.51603E-02  2.68888E-02  2.68621E-02  1.02686E+00
  1.34000E-01 -1.49200E-02  2.65743E-02  2.65476E-02  1.02655E+00
  1.35000E-01 -1.46852E-02  2.62611E-02  2.62344E-02  1.02623E+00
  1.36500E-01 -1.43431E-02  2.57935E-02  2.57669E-02  1.02577E+00
  1.38000E-01 -1.40126E-02  2.53286E-02  2.53020E-02  1.02530E+00
  1.40000E-01 -1.35890E-02  2.47127E-02  2.46861E-02  1.02469E+00
  1.43000E-01 -1.29860E-02  2.39174E-02  2.38907E-02  1.02389E+00
  1.45000E-01 -1.26056E-02  2.33921E-02  2.33654E-02  1.02337E+00
  1.48000E-01 -1.20650E-02  2.26110E-02  2.25843E-02  1.02258E+00
  1.50000E-01 -1.17232E-02  2.20946E-02  2.20679E-02  1.02207E+00
  1.53000E-01 -1.12335E-02  2.14222E-02  2.13955E-02  1.02140E+00
  1.55000E-01 -1.09235E-02  2.09776E-02  2.09510E-02  1.02095E+00
  1.58000E-01 -1.04815E-02  2.03160E-02  2.02894E-02  1.02029E+00
  1.60000E-01 -1.02012E-02  1.98783E-02  1.98517E-02  1.01985E+00
  1.63000E-01 -9.80098E-03  1.93047E-02  1.92780E-02  1.01928E+00
  1.65000E-01 -9.54678E-03  1.89252E-02  1.88985E-02  1.01890E+00
  1.68000E-01 -9.18150E-03  1.83600E-02  1.83333E-02  1.01833E+00
  1.70000E-01 -8.94922E-03  1.79858E-02  1.79591E-02  1.01796E+00
  1.72000E-01 -8.72544E-03  1.76623E-02  1.76356E-02  1.01764E+00
  1.74000E-01 -8.50973E-03  1.73407E-02  1.73140E-02  1.01731E+00
  1.75500E-01 -8.35304E-03  1.71006E-02  1.70739E-02  1.01707E+00
  1.77000E-01 -8.20052E-03  1.68615E-02  1.68348E-02  1.01683E+00
  1.80000E-01 -7.90746E-03  1.63860E-02  1.63594E-02  1.01636E+00
  1.83300E-01 -7.60141E-03  1.58671E-02  1.58405E-02  1.01584E+00
  1.86000E-01 -7.36370E-03  1.54967E-02  1.54700E-02  1.01547E+00
  1.88000E-01 -7.19455E-03  1.52239E-02  1.51972E-02  1.01520E+00
  1.90000E-01 -7.03102E-03  1.49524E-02  1.49257E-02  1.01493E+00
  1.92000E-01 -6.87223E-03  1.46822E-02  1.46555E-02  1.01466E+00
  1.94000E-01 -6.71862E-03  1.44370E-02  1.44103E-02  1.01441E+00
  1.96000E-01 -6.56996E-03  1.41930E-02  1.41663E-02  1.01417E+00
  1.98000E-01 -6.42606E-03  1.39500E-02  1.39234E-02  1.01392E+00
  1.99000E-01 -6.35582E-03  1.38290E-02  1.38023E-02  1.01380E+00
  2.00000E-01 -6.28670E-03  1.37081E-02  1.36815E-02  1.01368E+00
  2.03000E-01 -6.08475E-03  1.33957E-02  1.33691E-02  1.01337E+00
  2.05000E-01 -5.95533E-03  1.31887E-02  1.31621E-02  1.01316E+00
  2.08000E-01 -5.76858E-03  1.28798E-02  1.28532E-02  1.01285E+00
  2.10000E-01 -5.64879E-03  1.26750E-02  1.26484E-02  1.01265E+00
  2.13000E-01 -5.47578E-03  1.23693E-02  1.23427E-02  1.01234E+00
  2.15000E-01 -5.36469E-03  1.21664E-02  1.21398E-02  1.01214E+00
  2.18000E-01 -5.20412E-03  1.18636E-02  1.18370E-02  1.01184E+00
  2.20000E-01 -5.10093E-03  1.16627E-02  1.16361E-02  1.01164E+00
  2.23000E-01 -4.95165E-03  1.14171E-02  1.13905E-02  1.01139E+00
  2.25000E-01 -4.85564E-03  1.12542E-02  1.12276E-02  1.01123E+00
  2.28000E-01 -4.71663E-03  1.10110E-02  1.09844E-02  1.01098E+00
  2.30000E-01 -4.62715E-03  1.08496E-02  1.08230E-02  1.01082E+00
  2.33000E-01 -4.49679E-03  1.06086E-02  1.05820E-02  1.01058E+00
  2.35000E-01 -4.41282E-03  1.04487E-02  1.04220E-02  1.01042E+00
  2.38000E-01 -4.29109E-03  1.02097E-02  1.01831E-02  1.01018E+00
  2.40000E-01 -4.21263E-03  1.00510E-02  1.00244E-02  1.01002E+00
  2.42000E-01 -4.13623E-03  9.91969E-03  9.89304E-03  1.00989E+00
  2.45000E-01 -4.02536E-03  9.72354E-03  9.69689E-03  1.00970E+00
  2.48000E-01 -3.91876E-03  9.52839E-03  9.50174E-03  1.00950E+00
  2.50000E-01 -3.84996E-03  9.39883E-03  9.37218E-03  1.00937E+00
  2.53000E-01 -3.74946E-03  9.20526E-03  9.17861E-03  1.00918E+00
  2.55000E-01 -3.68456E-03  9.07670E-03  9.05005E-03  1.00905E+00
  2.58000E-01 -3.59023E-03  8.88458E-03  8.85793E-03  1.00886E+00
  2.60000E-01 -3.52928E-03  8.75696E-03  8.73031E-03  1.00873E+00
  2.64000E-01 -3.41180E-03  8.54059E-03  8.51394E-03  1.00851E+00
  2.68000E-01 -3.29991E-03  8.32555E-03  8.29890E-03  1.00830E+00
  2.73000E-01 -3.16738E-03  8.05850E-03  8.03185E-03  1.00803E+00
  2.77000E-01 -3.06685E-03  7.84618E-03  7.81953E-03  1.00782E+00
  2.80000E-01 -2.99446E-03  7.70579E-03  7.67914E-03  1.00768E+00
  2.83000E-01 -2.92423E-03  7.56599E-03  7.53934E-03  1.00754E+00
  2.86000E-01 -2.85637E-03  7.42676E-03  7.40011E-03  1.00740E+00
  2.89000E-01 -2.79076E-03  7.28807E-03  7.26142E-03  1.00726E+00
  2.92000E-01 -2.72731E-03  7.16194E-03  7.13529E-03  1.00714E+00
  2.95000E-01 -2.66594E-03  7.03632E-03  7.00967E-03  1.00701E+00
  2.98000E-01 -2.60654E-03  6.91117E-03  6.88452E-03  1.00688E+00
  3.00000E-01 -2.56800E-03  6.82799E-03  6.80134E-03  1.00680E+00
  3.05000E-01 -2.47478E-03  6.68058E-03  6.65393E-03  1.00665E+00
  3.10000E-01 -2.38637E-03  6.53433E-03  6.50768E-03  1.00651E+00
  3.15000E-01 -2.30246E-03  6.38917E-03  6.36252E-03  1.00636E+00
  3.20000E-01 -2.22276E-03  6.24504E-03  6.21838E-03  1.00622E+00
  3.24000E-01 -2.16171E-03  6.13042E-03  6.10377E-03  1.00610E+00
  3.28000E-01 -2.10307E-03  6.01639E-03  5.98974E-03  1.00599E+00
  3.32000E-01 -2.04669E-03  5.90291E-03  5.87626E-03  1.00588E+00
  3.35000E-01 -2.00583E-03  5.81816E-03  5.79150E-03  1.00579E+00
  3.39000E-01 -1.95317E-03  5.70559E-03  5.67894E-03  1.00568E+00
  3.43000E-01 -1.90248E-03  5.59352E-03  5.56686E-03  1.00557E+00
  3.47000E-01 -1.85367E-03  5.48190E-03  5.45525E-03  1.00546E+00
  3.50000E-01 -1.81824E-03  5.39849E-03  5.37183E-03  1.00537E+00
  3.55000E-01 -1.76113E-03  5.25999E-03  5.23334E-03  1.00523E+00
  3.60000E-01 -1.70656E-03  5.12213E-03  5.09547E-03  1.00510E+00
  3.65000E-01 -1.65441E-03  4.98487E-03  4.95821E-03  1.00496E+00
  3.70000E-01 -1.60453E-03  4.84817E-03  4.82151E-03  1.00482E+00
  3.76000E-01 -1.54730E-03  4.68483E-03  4.65818E-03  1.00466E+00
  3.81000E-01 -1.50183E-03  4.54928E-03  4.52262E-03  1.00452E+00
  3.86000E-01 -1.45827E-03  4.41420E-03  4.38754E-03  1.00439E+00
  3.91400E-01 -1.41324E-03  4.26882E-03  4.24216E-03  1.00424E+00
  3.91900E-01 -1.40917E-03  4.25913E-03  4.23248E-03  1.00423E+00
  3.92400E-01 -1.40512E-03  4.24944E-03  4.22279E-03  1.00422E+00
  3.93400E-01 -1.39707E-03  4.23020E-03  4.20355E-03  1.00420E+00
  3.97000E-01 -1.36863E-03  4.16266E-03  4.13600E-03  1.00414E+00
  3.98500E-01 -1.35702E-03  4.13458E-03  4.10792E-03  1.00411E+00
  4.00000E-01 -1.34556E-03  4.10653E-03  4.07987E-03  1.00408E+00
  4.05000E-01 -1.30820E-03  4.03595E-03  4.00929E-03  1.00401E+00
  4.10000E-01 -1.27231E-03  3.96574E-03  3.93908E-03  1.00394E+00
  4.15000E-01 -1.23782E-03  3.89589E-03  3.86923E-03  1.00387E+00
  4.20000E-01 -1.20467E-03  3.82638E-03  3.79972E-03  1.00380E+00
  4.28000E-01 -1.15423E-03  3.71582E-03  3.68916E-03  1.00369E+00
  4.35000E-01 -1.11255E-03  3.61971E-03  3.59305E-03  1.00359E+00
  4.43000E-01 -1.06753E-03  3.51055E-03  3.48389E-03  1.00348E+00
  4.50000E-01 -1.03025E-03  3.41558E-03  3.38892E-03  1.00339E+00
  4.55000E-01 -1.00466E-03  3.34804E-03  3.32138E-03  1.00332E+00
  4.60000E-01 -9.79969E-04  3.28073E-03  3.25407E-03  1.00325E+00
  4.65000E-01 -9.56143E-04  3.21365E-03  3.18699E-03  1.00319E+00
  4.70000E-01 -9.33143E-04  3.14678E-03  3.12012E-03  1.00312E+00
  4.78000E-01 -8.97965E-04  3.04022E-03  3.01356E-03  1.00301E+00
  4.85000E-01 -8.68730E-04  2.94738E-03  2.92072E-03  1.00292E+00
  4.93000E-01 -8.36967E-04  2.84172E-03  2.81506E-03  1.00282E+00
  5.00000E-01 -8.10528E-04  2.74962E-03  2.72296E-03  1.00272E+00
  5.03000E-01 -7.99509E-04  2.72150E-03  2.69484E-03  1.00269E+00
  5.06000E-01 -7.88705E-04  2.69344E-03  2.66678E-03  1.00267E+00
  5.12000E-01 -7.67716E-04  2.63747E-03  2.61082E-03  1.00261E+00
  5.18000E-01 -7.47521E-04  2.58172E-03  2.55507E-03  1.00256E+00
  5.24900E-01 -7.25228E-04  2.51785E-03  2.49120E-03  1.00249E+00
  5.32000E-01 -7.03272E-04  2.46536E-03  2.43871E-03  1.00244E+00
  5.40000E-01 -6.79660E-04  2.40651E-03  2.37986E-03  1.00238E+00
  5.50000E-01 -6.51715E-04  2.33338E-03  2.30673E-03  1.00231E+00
  5.60000E-01 -6.25324E-04  2.26068E-03  2.23403E-03  1.00223E+00
  5.70000E-01 -6.00440E-04  2.18839E-03  2.16174E-03  1.00216E+00
  5.80000E-01 -5.76954E-04  2.11648E-03  2.08983E-03  1.00209E+00
  5.90000E-01 -5.54765E-04  2.04492E-03  2.01827E-03  1.00202E+00
  6.00000E-01 -5.33781E-04  1.97370E-03  1.94705E-03  1.00195E+00
  6.10000E-01 -5.13853E-04  1.92194E-03  1.89529E-03  1.00190E+00
  6.20000E-01 -4.94974E-04  1.87047E-03  1.84382E-03  1.00184E+00
  6.30000E-01 -4.77075E-04  1.81926E-03  1.79261E-03  1.00179E+00
  6.40000E-01 -4.60090E-04  1.76832E-03  1.74167E-03  1.00174E+00
  6.50000E-01 -4.43959E-04  1.71761E-03  1.69096E-03  1.00169E+00
  6.60000E-01 -4.28584E-04  1.66713E-03  1.64048E-03  1.00164E+00
  6.76800E-01 -4.04421E-04  1.58279E-03  1.55614E-03  1.00156E+00
  6.82000E-01 -3.97338E-04  1.56138E-03  1.53473E-03  1.00153E+00
  6.88000E-01 -3.89384E-04  1.53674E-03  1.51009E-03  1.00151E+00
  6.94000E-01 -3.81656E-04  1.51216E-03  1.48551E-03  1.00149E+00
  7.00000E-01 -3.74146E-04  1.48765E-03  1.46100E-03  1.00146E+00
  7.15000E-01 -3.56218E-04  1.43802E-03  1.41137E-03  1.00141E+00
  7.30000E-01 -3.39494E-04  1.38873E-03  1.36208E-03  1.00136E+00
  7.40000E-01 -3.28963E-04  1.35605E-03  1.32940E-03  1.00133E+00
  7.50000E-01 -3.18893E-04  1.32350E-03  1.29685E-03  1.00130E+00
  7.80000E-01 -2.91202E-04  1.22660E-03  1.19995E-03  1.00120E+00
  8.00000E-01 -2.74618E-04  1.16255E-03  1.13590E-03  1.00114E+00
  8.20000E-01 -2.59290E-04  1.11624E-03  1.08959E-03  1.00109E+00
  8.50000E-01 -2.38502E-04  1.04744E-03  1.02078E-03  1.00102E+00
  8.70000E-01 -2.25944E-04  1.00196E-03  9.75303E-04  1.00098E+00
  9.00000E-01 -2.08812E-04  9.34253E-04  9.07598E-04  1.00091E+00
  9.20000E-01 -1.98362E-04  9.00514E-04  8.73859E-04  1.00087E+00
  9.50000E-01 -1.84037E-04  8.50320E-04  8.23665E-04  1.00082E+00
  9.70000E-01 -1.75297E-04  8.17107E-04  7.90452E-04  1.00079E+00
  1.00000E+00 -1.63262E-04  7.67623E-04  7.40968E-04  1.00074E+00
  1.02000E+00 -1.55858E-04  7.40444E-04  7.13789E-04  1.00071E+00
  1.04100E+00 -1.48590E-04  7.12066E-04  6.85411E-04  1.00069E+00
  1.07000E+00 -1.39323E-04  6.82782E-04  6.56127E-04  1.00066E+00
  1.10000E+00 -1.30581E-04  6.52758E-04  6.26103E-04  1.00063E+00
  1.13000E+00 -1.22601E-04  6.22982E-04  5.96327E-04  1.00060E+00
  1.15000E+00 -1.17663E-04  6.03256E-04  5.76601E-04  1.00058E+00
  1.20000E+00 -1.06454E-04  5.54327E-04  5.27672E-04  1.00053E+00
  1.25400E+00 -9.59835E-05  5.02027E-04  4.75372E-04  1.00048E+00
  1.32000E+00 -8.50677E-05  4.62659E-04  4.36004E-04  1.00044E+00
  1.38000E+00 -7.66052E-05  4.27373E-04  4.00718E-04  1.00040E+00
  1.44000E+00 -6.92793E-05  3.92487E-04  3.65832E-04  1.00037E+00
  1.50000E+00 -6.29057E-05  3.57937E-04  3.31282E-04  1.00033E+00
  1.57000E+00 -5.64610E-05  3.36052E-04  3.09397E-04  1.00031E+00
  1.65000E+00 -5.01880E-05  3.11435E-04  2.84780E-04  1.00028E+00
  1.73000E+00 -4.48614E-05  2.87164E-04  2.60509E-04  1.00026E+00
  1.80000E+00 -4.08366E-05  2.66165E-04  2.39510E-04  1.00024E+00
  1.90000E+00 -3.59084E-05  2.36485E-04  2.09830E-04  1.00021E+00
  2.00000E+00 -3.17840E-05  2.07114E-04  1.80459E-04  1.00018E+00
  2.15000E+00 -2.67448E-05  1.86328E-04  1.59673E-04  1.00016E+00
  2.30000E+00 -2.27682E-05  1.65966E-04  1.39311E-04  1.00014E+00
  2.50000E+00 -1.86592E-05  1.39309E-04  1.12654E-04  1.00011E+00
  2.62100E+00 -1.66611E-05  1.23391E-04  9.67361E-05  1.00010E+00
  2.62200E+00 -1.66459E-05  1.23301E-04  9.66457E-05  1.00010E+00
  2.62300E+00 -1.66307E-05  1.23210E-04  9.65554E-05  1.00010E+00
  2.80000E+00 -1.42217E-05  1.09924E-04  8.32690E-05  1.00008E+00
  3.00000E+00 -1.20546E-05  9.51562E-05  6.85011E-05  1.00007E+00
  3.50000E+00 -8.32179E-06  7.45256E-05  4.78705E-05  1.00005E+00
  4.00000E+00 -6.03194E-06  5.45858E-05  2.79308E-05  1.00003E+00
  4.08600E+00 -5.72986E-06  5.23825E-05  2.57274E-05  1.00003E+00
  5.00000E+00 -3.51766E-06  3.54027E-05  8.74762E-06  1.00001E+00
  5.41472E+00 -2.89985E-06  3.03198E-05  3.66473E-06  1.00000E+00
  6.00000E+00 -2.26117E-06  2.48262E-05 -1.82889E-06  9.99998E-01
  6.40384E+00 -1.93040E-06  2.18651E-05 -4.78999E-06  9.99995E-01
  7.00000E+00 -1.55520E-06  1.83781E-05 -8.27698E-06  9.99992E-01
  8.00000E+00 -1.12383E-06  1.41566E-05 -1.24985E-05  9.99988E-01
  8.04778E+00 -1.10764E-06  1.39927E-05 -1.26624E-05  9.99987E-01
  9.00000E+00 -8.43413E-07  1.12417E-05 -1.54133E-05  9.99985E-01
  1.00000E+01 -6.52334E-07  9.14452E-06 -1.75105E-05  9.99982E-01
  1.12200E+01 -4.92385E-07  7.29581E-06 -1.93592E-05  9.99981E-01
  1.50000E+01 -2.42195E-07  4.12271E-06 -2.25324E-05  9.99977E-01
  1.74790E+01 -1.66540E-07  3.05040E-06 -2.36047E-05  9.99976E-01
  2.00000E+01 -1.19741E-07  2.33878E-06 -2.43163E-05  9.99976E-01
  2.21630E+01 -9.30931E-08  1.90977E-06 -2.47453E-05  9.99975E-01
  2.74700E+01 -5.49966E-08  1.24972E-06 -2.54054E-05  9.99975E-01
  3.00000E+01 -4.43100E-08  1.04992E-06 -2.56052E-05  9.99974E-01
  3.60300E+01 -2.82765E-08  7.30721E-07 -2.59244E-05  9.99974E-01
  4.00000E+01 -2.18833E-08  5.94076E-07 -2.60610E-05  9.99974E-01
  4.60000E+01 -1.55602E-08  4.50362E-07 -2.62047E-05  9.99974E-01
  5.00000E+01 -1.26958E-08  3.81745E-07 -2.62733E-05  9.99974E-01
  5.75300E+01 -9.01593E-09  2.89025E-07 -2.63660E-05  9.99974E-01
  5.95400E+01 -8.29126E-09  2.69987E-07 -2.63851E-05  9.99974E-01
  6.00000E+01 -8.13701E-09  2.65895E-07 -2.63892E-05  9.99974E-01
  6.68300E+01 -6.25501E-09  2.14674E-07 -2.64404E-05  9.99974E-01
  7.00000E+01 -5.58625E-09  1.95802E-07 -2.64593E-05  9.99974E-01
  7.49600E+01 -4.72692E-09  1.70911E-07 -2.64842E-05  9.99974E-01
  7.71100E+01 -4.41177E-09  1.61573E-07 -2.64935E-05  9.99974E-01
  8.00000E+01 -4.03297E-09  1.50179E-07 -2.65049E-05  9.99973E-01
  9.00000E+01 -3.04272E-09  1.18836E-07 -2.65363E-05  9.99973E-01
  1.00000E+02 -2.36486E-09  9.63823E-08 -2.65587E-05  9.99973E-01
  1.45400E+02 -9.65902E-10  4.57724E-08 -2.66093E-05  9.99973E-01
  1.50000E+02 -8.96552E-10  4.30187E-08 -2.66120E-05  9.99973E-01
  2.00000E+02 -4.63770E-10  2.42548E-08 -2.66308E-05  9.99973E-01
  2.44700E+02 -2.94803E-10  1.62223E-08 -2.66389E-05  9.99973E-01
  2.79200E+02 -2.22153E-10  1.24702E-08 -2.66426E-05  9.99973E-01
  3.00000E+02 -1.90419E-10  1.08047E-08 -2.66443E-05  9.99973E-01
  3.16500E+02 -1.69758E-10  9.70927E-09 -2.66453E-05  9.99973E-01
  3.20100E+02 -1.65689E-10  9.49238E-09 -2.66455E-05  9.99973E-01
  3.44300E+02 -1.43573E-10  8.20622E-09 -2.66468E-05  9.99973E-01
  4.00000E+02 -1.07228E-10  6.08267E-09 -2.66490E-05  9.99973E-01
  4.11100E+02 -1.01664E-10  5.75895E-09 -2.66493E-05  9.99973E-01
  4.11800E+02 -1.01328E-10  5.73940E-09 -2.66493E-05  9.99973E-01
  4.44000E+02 -8.76627E-11  4.93700E-09 -2.66502E-05  9.99973E-01
  4.68050E+02 -8.01601E-11  4.44255E-09 -2.66506E-05  9.99973E-01
  5.00000E+02 -7.16667E-11  3.89302E-09 -2.66512E-05  9.99973E-01
  6.00000E+02 -5.30988E-11  2.70238E-09 -2.66524E-05  9.99973E-01
  6.61600E+02 -4.62081E-11  2.22195E-09 -2.66528E-05  9.99973E-01
  7.00000E+02 -4.26451E-11  1.98447E-09 -2.66531E-05  9.99973E-01
  7.23300E+02 -4.07047E-11  1.85838E-09 -2.66532E-05  9.99973E-01
  7.78900E+02 -3.70261E-11  1.60153E-09 -2.66535E-05  9.99973E-01
  8.00000E+02 -3.59440E-11  1.51790E-09 -2.66536E-05  9.99973E-01
  8.67400E+02 -3.28581E-11  1.29061E-09 -2.66538E-05  9.99973E-01
  8.89200E+02 -3.19653E-11  1.22795E-09 -2.66538E-05  9.99973E-01
  9.00000E+02 -3.15399E-11  1.19857E-09 -2.66539E-05  9.99973E-01
  9.64000E+02 -2.92249E-11  1.04428E-09 -2.66540E-05  9.99973E-01
  1.00000E+03 -2.80597E-11  9.70131E-10 -2.66541E-05  9.99973E-01
  1.00480E+03 -2.79348E-11  9.60830E-10 -2.66541E-05  9.99973E-01
  1.08580E+03 -2.60357E-11  8.22392E-10 -2.66542E-05  9.99973E-01
  1.12050E+03 -2.52593E-11  7.72140E-10 -2.66543E-05  9.99973E-01
  1.12110E+03 -2.52461E-11  7.71316E-10 -2.66543E-05  9.99973E-01
  1.17320E+03 -2.41279E-11  7.04186E-10 -2.66544E-05  9.99973E-01
  1.27450E+03 -2.22200E-11  5.96304E-10 -2.66545E-05  9.99973E-01
  1.33250E+03 -2.13734E-11  5.45368E-10 -2.66546E-05  9.99973E-01
  1.40800E+03 -2.03380E-11  4.88323E-10 -2.66546E-05  9.99973E-01
  1.50000E+03 -1.91727E-11  4.30144E-10 -2.66547E-05  9.99973E-01
  2.00000E+03 -1.44842E-11  2.41624E-10 -2.66549E-05  9.99973E-01
  3.00000E+03 -9.91293E-12  1.07052E-10 -2.66550E-05  9.99973E-01
  4.00000E+03 -7.60254E-12  6.00427E-11 -2.66550E-05  9.99973E-01
  5.00000E+03 -6.18389E-12  3.83335E-11 -2.66550E-05  9.99973E-01
  5.00001E+03 -6.18388E-12  3.83334E-11 -2.66550E-05  9.99973E-01
  6.00000E+03 -5.22000E-12  2.65661E-11 -2.66551E-05  9.99973E-01
  7.00000E+03 -4.51690E-12  1.94837E-11 -2.66551E-05  9.99973E-01
  8.00000E+03 -3.98353E-12  1.48942E-11 -2.66551E-05  9.99973E-01
  9.00000E+03 -3.56264E-12  1.17525E-11 -2.66551E-05  9.99973E-01
  1.00000E+04 -3.22287E-12  9.50786E-12 -2.66551E-05  9.99973E-01
 *** END OF DATA ***
 
