 TITLE = Anomalous Scattering Factors, 02_He_asf
 # COLUMNS = 5
 LABEL 1 = photon energy, E (keV)
 LABEL 2 = g'' = -f''CL = -f2
 LABEL 3 = g'
 LABEL 4 = f'
 LABEL 5 = f1
 REMARK BEGIN = 02_He_asf
   ASF: ANOMALOUS-SCATTERING-FACTOR CONVERTER, VERSION 9A, May 21, 1996.
   ASF: RUN TIME/DATA/MACHINE= 17:29:41 May 23, 1996 www-phys
   INPUT G' FILE=  /home/rayleigh/data/asf/ghe0sl|m=RE
   INPUT G'' FILE= /home/rayleigh/data/asf/ghe0sl|m=IM
   OUTPUT FILE=    02_He_asf
   ASF: # G' VALUES FOUND IN INPUT G' FILE=      558
   ASF: # G'' VALUES FOUND IN INPUT G'' FILE=    604
   ASF: # EXPLICIT BOUND-BOUND TRANSITIONS=     28
   ASF: INPUT G'  FILE EKEVMIN, EKEVMAX=   0.00000E+00  1.00000E+04
   ASF: INPUT G'' FILE EKEVMIN, EKEVMAX=   0.00000E+00  1.00000E+04
       OUTPUT FILE EKEVMIN, EKEVMAX=       0.00000E+00  1.00000E+04
   ASF: RETAIN INPUT-FILE ENERGY GRID.
     # UNIQUE G'/G'' ENERGIES=    807
 REMARK END = 02_He_asf
      E (keV)          g''           g'           f'           f1
  0.00000E+00  0.00000E+00 -1.99938E+00 -1.99953E+00  4.70000E-04
  1.00000E-03  0.00000E+00 -2.00160E+00 -2.00176E+00 -1.75884E-03
  1.50000E-03  0.00000E+00 -2.00439E+00 -2.00455E+00 -4.55254E-03
  2.00000E-03  0.00000E+00 -2.00833E+00 -2.00848E+00 -8.47813E-03
  3.00000E-03  0.00000E+00 -2.01969E+00 -2.01984E+00 -1.98385E-02
  4.00000E-03  0.00000E+00 -2.03595E+00 -2.03610E+00 -3.60959E-02
  5.00000E-03  0.00000E+00 -2.05747E+00 -2.05762E+00 -5.76156E-02
  6.00000E-03  0.00000E+00 -2.08477E+00 -2.08492E+00 -8.49234E-02
  7.00000E-03  0.00000E+00 -2.11859E+00 -2.11874E+00 -1.18740E-01
  8.00000E-03  0.00000E+00 -2.15986E+00 -2.16002E+00 -1.60024E-01
  9.00000E-03  0.00000E+00 -2.20993E+00 -2.21008E+00 -2.10078E-01
  1.00000E-02  0.00000E+00 -2.27056E+00 -2.27071E+00 -2.70714E-01
  1.00021E-02  0.00000E+00 -2.27071E+00 -2.27086E+00 -2.70857E-01
  1.08000E-02  0.00000E+00 -2.32836E+00 -2.32851E+00 -3.28511E-01
  1.15000E-02  0.00000E+00 -2.38719E+00 -2.38734E+00 -3.87340E-01
  1.23000E-02  0.00000E+00 -2.46602E+00 -2.46617E+00 -4.66173E-01
  1.30000E-02  0.00000E+00 -2.54766E+00 -2.54781E+00 -5.47808E-01
  1.35000E-02  0.00000E+00 -2.61499E+00 -2.61514E+00 -6.15136E-01
  1.40000E-02  0.00000E+00 -2.69156E+00 -2.69171E+00 -6.91707E-01
  1.45000E-02  0.00000E+00 -2.77946E+00 -2.77962E+00 -7.79617E-01
  1.50000E-02  0.00000E+00 -2.88154E+00 -2.88170E+00 -8.81698E-01
  1.53000E-02  0.00000E+00 -2.95118E+00 -2.95133E+00 -9.51335E-01
  1.57000E-02  0.00000E+00 -3.05619E+00 -3.05634E+00 -1.05634E+00
  1.61000E-02  0.00000E+00 -3.17844E+00 -3.17860E+00 -1.17860E+00
  1.65000E-02  0.00000E+00 -3.32312E+00 -3.32327E+00 -1.32327E+00
  1.69000E-02  0.00000E+00 -3.49786E+00 -3.49802E+00 -1.49802E+00
  1.73000E-02  0.00000E+00 -3.71457E+00 -3.71473E+00 -1.71473E+00
  1.77000E-02  0.00000E+00 -3.99302E+00 -3.99318E+00 -1.99318E+00
  1.80000E-02  0.00000E+00 -4.26279E+00 -4.26294E+00 -2.26294E+00
  1.83000E-02  0.00000E+00 -4.61329E+00 -4.61344E+00 -2.61344E+00
  1.85000E-02  0.00000E+00 -4.91433E+00 -4.91449E+00 -2.91449E+00
  1.87000E-02  0.00000E+00 -5.29687E+00 -5.29702E+00 -3.29702E+00
  1.90000E-02  0.00000E+00 -6.12591E+00 -6.12607E+00 -4.12607E+00
  1.92000E-02  0.00000E+00 -6.99255E+00 -6.99270E+00 -4.99270E+00
  1.95000E-02  0.00000E+00 -9.49388E+00 -9.49404E+00 -7.49404E+00
  1.98000E-02  0.00000E+00 -1.89852E+01 -1.89853E+01 -1.69853E+01
  2.00000E-02  0.00000E+00 -5.75715E+02 -5.75715E+02 -5.73715E+02
  2.00020E-02  0.00000E+00 -8.87904E+02 -8.87904E+02 -8.85904E+02
  2.00043E-02  0.00000E+00 -2.26532E+03 -2.26532E+03 -2.26332E+03
  2.00050E-02 -3.63920E+03 -1.10702E+03 -1.10702E+03 -1.10502E+03
  2.00057E-02 -7.27841E+03  5.11217E+01  5.11215E+01  5.31215E+01
  2.00071E-02  0.00000E+00  2.26030E+03  2.26030E+03  2.26230E+03
  2.03000E-02  0.00000E+00  7.51071E+00  7.51056E+00  9.51056E+00
  2.05000E-02  0.00000E+00  2.89294E+00  2.89279E+00  4.89279E+00
  2.07000E-02  0.00000E+00  8.06696E-01  8.06546E-01  2.80655E+00
  2.08300E-02  0.00000E+00 -8.58191E-02 -8.59691E-02  1.91403E+00
  2.09550E-02  0.00000E+00 -7.83486E-01 -7.83636E-01  1.21636E+00
  2.10800E-02  0.00000E+00 -1.40167E+00 -1.40182E+00  5.98179E-01
  2.12000E-02  0.00000E+00 -1.97367E+00 -1.97382E+00  2.61804E-02
  2.13000E-02  0.00000E+00 -2.47204E+00 -2.47220E+00 -4.72200E-01
  2.14000E-02  0.00000E+00 -3.03370E+00 -3.03385E+00 -1.03385E+00
  2.15500E-02  0.00000E+00 -4.17001E+00 -4.17017E+00 -2.17017E+00
  2.17000E-02  0.00000E+00 -6.42889E+00 -6.42904E+00 -4.42904E+00
  2.18000E-02  0.00000E+00 -1.09837E+01 -1.09838E+01 -8.98381E+00
  2.19029E-02  0.00000E+00 -6.24486E+02 -6.24486E+02 -6.22486E+02
  2.19036E-02 -1.00369E+03 -3.13464E+02 -3.13465E+02 -3.11465E+02
  2.19043E-02 -2.00738E+03 -2.44271E+00 -2.44287E+00 -4.42870E-01
  2.19057E-02  0.00000E+00  6.19601E+02  6.19600E+02  6.21600E+02
  2.20000E-02  0.00000E+00  6.88502E+00  6.88487E+00  8.88487E+00
  2.21000E-02  0.00000E+00  1.64354E+00  1.64339E+00  3.64339E+00
  2.21700E-02  0.00000E+00  1.22216E-01  1.22056E-01  2.12206E+00
  2.22363E-02  0.00000E+00 -9.01266E-01 -9.01426E-01  1.09857E+00
  2.23200E-02  0.00000E+00 -2.04013E+00 -2.04029E+00 -4.02859E-02
  2.24000E-02  0.00000E+00 -3.33615E+00 -3.33630E+00 -1.33630E+00
  2.24800E-02  0.00000E+00 -5.88757E+00 -5.88772E+00 -3.88772E+00
  2.25669E-02  0.00000E+00 -2.55827E+02 -2.55827E+02 -2.53827E+02
  2.25677E-02 -4.39311E+02 -1.28596E+02 -1.28596E+02 -1.26596E+02
  2.25684E-02 -8.23708E+02 -2.14331E+00 -2.14347E+00 -1.43471E-01
  2.25699E-02  0.00000E+00  2.51540E+02  2.51540E+02  2.53540E+02
  2.26100E-02  0.00000E+00  6.71466E+00  6.71450E+00  8.71450E+00
  2.26500E-02  0.00000E+00  1.91663E+00  1.91647E+00  3.91647E+00
  2.26900E-02  0.00000E+00  8.03501E-03  7.88501E-03  2.00789E+00
  2.27220E-02  0.00000E+00 -1.01952E+00 -1.01968E+00  9.80317E-01
  2.27600E-02  0.00000E+00 -2.12536E+00 -2.12551E+00 -1.25513E-01
  2.28000E-02  0.00000E+00 -3.58673E+00 -3.58688E+00 -1.58688E+00
  2.28400E-02  0.00000E+00 -6.97250E+00 -6.97266E+00 -4.97266E+00
  2.28741E-02  0.00000E+00 -1.33589E+02 -1.33590E+02 -1.31590E+02
  2.28748E-02 -1.94210E+02 -7.16968E+01 -7.16970E+01 -6.96970E+01
  2.28756E-02 -4.16164E+02  9.93972E-01  9.93822E-01  2.99382E+00
  2.28770E-02  0.00000E+00  1.28226E+02  1.28226E+02  1.30226E+02
  2.29200E-02  0.00000E+00  1.70724E+00  1.70709E+00  3.70709E+00
  2.29589E-02  0.00000E+00 -1.10342E+00 -1.10357E+00  8.96432E-01
  2.30000E-02  0.00000E+00 -3.58672E+00 -3.58688E+00 -1.58688E+00
  2.30408E-02  0.00000E+00 -7.59839E+01 -7.59840E+01 -7.39840E+01
  2.30416E-02 -1.27499E+02 -3.83559E+01 -3.83560E+01 -3.63560E+01
  2.30423E-02 -2.39060E+02 -1.90893E+00 -1.90908E+00  9.09198E-02
  2.30438E-02  0.00000E+00  7.21658E+01  7.21657E+01  7.41657E+01
  2.30700E-02  0.00000E+00  1.41283E+00  1.41268E+00  3.41268E+00
  2.30925E-02  0.00000E+00 -1.16440E+00 -1.16456E+00  8.35443E-01
  2.31200E-02  0.00000E+00 -4.09489E+00 -4.09504E+00 -2.09504E+00
  2.31413E-02  0.00000E+00 -4.83185E+01 -4.83187E+01 -4.63187E+01
  2.31428E-02 -1.49863E+02 -1.85087E+00 -1.85103E+00  1.48968E-01
  2.31443E-02  0.00000E+00  4.46163E+01  4.46162E+01  4.66162E+01
  2.31600E-02  0.00000E+00  1.53143E+00  1.53127E+00  3.53127E+00
  2.31754E-02  0.00000E+00 -1.21635E+00 -1.21651E+00  7.83489E-01
  2.31910E-02  0.00000E+00 -3.63045E+00 -3.63061E+00 -1.63061E+00
  2.32065E-02  0.00000E+00 -3.28293E+01 -3.28295E+01 -3.08295E+01
  2.32080E-02 -1.00100E+02 -1.80821E+00 -1.80836E+00  1.91636E-01
  2.32095E-02  0.00000E+00  2.92120E+01  2.92119E+01  3.12119E+01
  2.32200E-02  0.00000E+00  1.37801E+00  1.37785E+00  3.37785E+00
  2.32303E-02  0.00000E+00 -1.24331E+00 -1.24346E+00  7.56537E-01
  2.32410E-02  0.00000E+00 -3.66405E+00 -3.66420E+00 -1.66420E+00
  2.32512E-02  0.00000E+00 -2.34726E+01 -2.34728E+01 -2.14728E+01
  2.32527E-02 -7.01571E+01 -1.77540E+00 -1.77556E+00  2.24437E-01
  2.32542E-02  0.00000E+00  1.99203E+01  1.99201E+01  2.19201E+01
  2.32687E-02  0.00000E+00 -1.28327E+00 -1.28343E+00  7.16573E-01
  2.32832E-02  0.00000E+00 -1.74800E+01 -1.74802E+01 -1.54802E+01
  2.32847E-02 -5.10657E+01 -1.75377E+00 -1.75393E+00  2.46066E-01
  2.32862E-02  0.00000E+00  1.39698E+01  1.39696E+01  1.59696E+01
  2.32965E-02  0.00000E+00 -1.30369E+00 -1.30384E+00  6.96163E-01
  2.33068E-02  0.00000E+00 -1.34392E+01 -1.34393E+01 -1.14393E+01
  2.33083E-02 -3.83241E+01 -1.72395E+00 -1.72410E+00  2.75899E-01
  2.33098E-02  0.00000E+00  9.98713E+00  9.98697E+00  1.19870E+01
  2.33173E-02  0.00000E+00 -1.32036E+00 -1.32052E+00  6.79476E-01
  2.33248E-02  0.00000E+00 -1.06161E+01 -1.06163E+01 -8.61629E+00
  2.33263E-02 -2.94933E+01 -1.70804E+00 -1.70819E+00  2.91809E-01
  2.33278E-02  0.00000E+00  7.19347E+00  7.19332E+00  9.19332E+00
  2.33333E-02  0.00000E+00 -1.33532E+00 -1.33547E+00  6.64529E-01
  2.33388E-02  0.00000E+00 -8.56199E+00 -8.56214E+00 -6.56214E+00
  2.33403E-02 -2.31812E+01 -1.69084E+00 -1.69100E+00  3.09004E-01
  2.33418E-02  0.00000E+00  5.17036E+00  5.17020E+00  7.17020E+00
  2.33458E-02  0.00000E+00 -1.30581E+00 -1.30596E+00  6.94041E-01
  2.33499E-02  0.00000E+00 -7.01409E+00 -7.01424E+00 -5.01424E+00
  2.33514E-02 -1.85498E+01 -1.66983E+00 -1.66998E+00  3.30024E-01
  2.33529E-02  0.00000E+00  3.66055E+00  3.66039E+00  5.66039E+00
  2.33559E-02  0.00000E+00 -1.35756E+00 -1.35772E+00  6.42283E-01
  2.33589E-02  0.00000E+00 -5.83260E+00 -5.83276E+00 -3.83276E+00
  2.33604E-02 -1.50749E+01 -1.67131E+00 -1.67146E+00  3.28536E-01
  2.33619E-02  0.00000E+00  2.46711E+00  2.46695E+00  4.46695E+00
  2.33640E-02  0.00000E+00 -1.30173E+00 -1.30189E+00  6.98113E-01
  2.33662E-02  0.00000E+00 -4.84982E+00 -4.84997E+00 -2.84997E+00
  2.33677E-02 -1.24167E+01 -1.63677E+00 -1.63692E+00  3.63083E-01
  2.33692E-02  0.00000E+00  1.54868E+00  1.54853E+00  3.54853E+00
  2.33707E-02  0.00000E+00 -1.29276E+00 -1.29292E+00  7.07078E-01
  2.33723E-02  0.00000E+00 -4.06896E+00 -4.06911E+00 -2.06911E+00
  2.33738E-02 -1.03487E+01 -1.63469E+00 -1.63484E+00  3.65161E-01
  2.33753E-02  0.00000E+00  7.56203E-01  7.56043E-01  2.75604E+00
  2.33763E-02  0.00000E+00 -1.28499E+00 -1.28514E+00  7.14857E-01
  2.33774E-02  0.00000E+00 -3.38107E+00 -3.38122E+00 -1.38122E+00
  2.33789E-02 -8.71555E+00 -1.62097E+00 -1.62112E+00  3.78878E-01
  2.33804E-02  0.00000E+00  7.65328E-02  7.63828E-02  2.07638E+00
  2.33810E-02  0.00000E+00 -1.26042E+00 -1.26057E+00  7.39431E-01
  2.33817E-02  0.00000E+00 -2.74321E+00 -2.74336E+00 -7.43364E-01
  2.33832E-02 -7.40890E+00 -1.58306E+00 -1.58321E+00  4.16788E-01
  2.33847E-02  0.00000E+00 -4.94614E-01 -4.94774E-01  1.50523E+00
  2.33850E-02  0.00000E+00 -1.22065E+00 -1.22080E+00  7.79199E-01
  2.33854E-02  0.00000E+00 -2.15553E+00 -2.15568E+00 -1.55684E-01
  2.33869E-02 -6.35097E+00 -1.49933E+00 -1.49948E+00  5.00521E-01
  2.33884E-02  0.00000E+00 -7.42438E-01 -7.42588E-01  1.25741E+00
  2.33891E-02  0.00000E+00 -2.16267E+00 -2.16282E+00 -1.62816E-01
  2.33898E-02  0.00000E+00 -3.76008E+00 -3.76023E+00 -1.76023E+00
  2.33913E-02 -1.02515E+01 -1.49637E+00 -1.49652E+00  5.03477E-01
  2.33928E-02  0.00000E+00  8.15509E-01  8.15359E-01  2.81536E+00
  2.33937E-02  0.00000E+00 -1.08903E+00 -1.08918E+00  9.10820E-01
  2.33947E-02  0.00000E+00 -3.02297E+00 -3.02313E+00 -1.02313E+00
  2.33962E-02 -7.84018E+00 -1.56781E+00 -1.56797E+00  4.32029E-01
  2.33977E-02  0.00000E+00 -3.58475E-01 -3.58625E-01  1.64138E+00
  2.33980E-02  0.00000E+00 -1.09201E+00 -1.09216E+00  9.07843E-01
  2.33984E-02  0.00000E+00 -2.02805E+00 -2.02821E+00 -2.82064E-02
  2.33999E-02 -6.12924E+00 -1.50571E+00 -1.50587E+00  4.94135E-01
  2.34014E-02  0.00000E+00 -1.04003E+00 -1.04019E+00  9.59810E-01
  2.34016E-02  0.00000E+00 -1.54303E+00 -1.54318E+00  4.56823E-01
  2.34019E-02  0.00000E+00 -2.30149E+00 -2.30164E+00 -3.01638E-01
  2.34034E-02 -6.95803E+00 -1.40131E+00 -1.40146E+00  5.98543E-01
  2.34048E-02  0.00000E+00 -4.95579E-01 -4.95729E-01  1.50427E+00
  2.34052E-02  0.00000E+00 -1.33483E+00 -1.33499E+00  6.65014E-01
  2.34056E-02  0.00000E+00 -2.16597E+00 -2.16612E+00 -1.66116E-01
  2.34070E-02 -6.52461E+00 -1.42900E+00 -1.42915E+00  5.70851E-01
  2.34085E-02  0.00000E+00 -7.07719E-01 -7.07879E-01  1.29212E+00
  2.34088E-02  0.00000E+00 -1.45444E+00 -1.45459E+00  5.45415E-01
  2.34090E-02  0.00000E+00 -1.95908E+00 -1.95923E+00  4.07665E-02
  2.34105E-02 -6.31715E+00 -1.33655E+00 -1.33670E+00  6.63296E-01
  2.34119E-02  0.00000E+00 -7.48055E-01 -7.48205E-01  1.25179E+00
  2.34121E-02  0.00000E+00 -1.13691E+00 -1.13706E+00  8.62941E-01
  2.34123E-02  0.00000E+00 -1.64089E+00 -1.64105E+00  3.58949E-01
  2.34130E-02 -2.73873E+00 -1.52863E+00 -1.52878E+00  4.71219E-01
  2.34138E-02 -5.86870E+00 -1.20653E+00 -1.20668E+00  7.93324E-01
  2.34145E-02 -2.93435E+00 -9.30147E-01 -9.30297E-01  1.06970E+00
  2.34152E-02  0.00000E+00 -8.16820E-01 -8.16980E-01  1.18302E+00
  2.34153E-02  0.00000E+00 -9.99766E-01 -9.99926E-01  1.00007E+00
  2.34154E-02  0.00000E+00 -1.26324E+00 -1.26339E+00  7.36611E-01
  2.34162E-02 -3.05583E+00 -1.27114E+00 -1.27129E+00  7.28706E-01
  2.34169E-02 -5.72968E+00 -9.91660E-01 -9.91820E-01  1.00818E+00
  2.34172E-02 -3.27410E+00 -8.62175E-01 -8.62335E-01  1.13766E+00
  2.34176E-02  0.00000E+00 -6.99265E-01 -6.99425E-01  1.30057E+00
  2.34180E-02  0.00000E+00 -2.15105E-01 -2.15255E-01  1.78475E+00
  2.34184E-02  0.00000E+00  2.28253E-01  2.28093E-01  2.22809E+00
  2.34190E-02 -2.07851E+00 -2.97406E-01 -2.97556E-01  1.70244E+00
  2.34205E-02  0.00000E+00 -8.35854E-01 -8.36014E-01  1.16399E+00
  2.34213E-02  0.00000E+00 -1.62975E+00 -1.62990E+00  3.70103E-01
  2.34220E-02  0.00000E+00 -2.30557E+00 -2.30572E+00 -3.05717E-01
  2.34230E-02  0.00000E+00 -3.18910E+00 -3.18925E+00 -1.18925E+00
  2.34240E-02 -2.73666E+00 -3.55391E+00 -3.55406E+00 -1.55406E+00
  2.34250E-02 -2.73657E+00 -2.54242E+00 -2.54257E+00 -5.42568E-01
  2.34260E-02 -2.73649E+00 -2.31851E+00 -2.31866E+00 -3.18661E-01
  2.34270E-02 -2.73640E+00 -2.18431E+00 -2.18446E+00 -1.84456E-01
  2.34280E-02 -2.73632E+00 -2.09388E+00 -2.09403E+00 -9.40315E-02
  2.34290E-02 -2.73624E+00 -2.02847E+00 -2.02863E+00 -2.86321E-02
  2.34300E-02 -2.73616E+00 -1.97906E+00 -1.97921E+00  2.07864E-02
  2.34310E-02 -2.73607E+00 -1.93999E+00 -1.94014E+00  5.98630E-02
  2.34320E-02 -2.73599E+00 -1.90841E+00 -1.90856E+00  9.14439E-02
  2.34328E-02 -2.73592E+00 -1.88710E+00 -1.88726E+00  1.12736E-01
  2.34335E-02 -2.73586E+00 -1.87079E+00 -1.87094E+00  1.29065E-01
  2.34343E-02 -2.73580E+00 -1.85452E+00 -1.85468E+00  1.45322E-01
  2.34350E-02 -2.73574E+00 -1.84174E+00 -1.84189E+00  1.58114E-01
  2.34360E-02 -2.73566E+00 -1.82560E+00 -1.82576E+00  1.74243E-01
  2.34370E-02 -2.73557E+00 -1.81153E+00 -1.81168E+00  1.88320E-01
  2.34380E-02 -2.73549E+00 -1.79913E+00 -1.79929E+00  2.00712E-01
  2.34390E-02 -2.73541E+00 -1.78823E+00 -1.78838E+00  2.11618E-01
  2.34410E-02 -2.73524E+00 -1.76953E+00 -1.76968E+00  2.30325E-01
  2.34430E-02 -2.73508E+00 -1.75421E+00 -1.75437E+00  2.45633E-01
  2.34450E-02 -2.73491E+00 -1.74142E+00 -1.74158E+00  2.58419E-01
  2.34470E-02 -2.73474E+00 -1.73063E+00 -1.73079E+00  2.69205E-01
  2.34485E-02 -2.73462E+00 -1.72347E+00 -1.72362E+00  2.76380E-01
  2.34500E-02 -2.73449E+00 -1.71708E+00 -1.71723E+00  2.82768E-01
  2.34520E-02 -2.73432E+00 -1.70945E+00 -1.70960E+00  2.90398E-01
  2.34550E-02 -2.73407E+00 -1.69967E+00 -1.69982E+00  3.00180E-01
  2.34580E-02 -2.73383E+00 -1.69132E+00 -1.69148E+00  3.08515E-01
  2.34600E-02 -2.73366E+00 -1.68643E+00 -1.68658E+00  3.13415E-01
  2.34630E-02 -2.73341E+00 -1.67994E+00 -1.68010E+00  3.19902E-01
  2.34650E-02 -2.73325E+00 -1.67603E+00 -1.67619E+00  3.23812E-01
  2.34670E-02 -2.73308E+00 -1.67242E+00 -1.67258E+00  3.27417E-01
  2.34700E-02 -2.73283E+00 -1.66755E+00 -1.66771E+00  3.32295E-01
  2.34750E-02 -2.73242E+00 -1.66042E+00 -1.66057E+00  3.39434E-01
  2.34800E-02 -2.73200E+00 -1.65434E+00 -1.65450E+00  3.45497E-01
  2.34850E-02 -2.73159E+00 -1.64906E+00 -1.64922E+00  3.50776E-01
  2.34900E-02 -2.73117E+00 -1.64440E+00 -1.64456E+00  3.55440E-01
  2.34950E-02 -2.73076E+00 -1.64021E+00 -1.64036E+00  3.59642E-01
  2.35000E-02 -2.73034E+00 -1.63643E+00 -1.63659E+00  3.63408E-01
  2.35050E-02 -2.72992E+00 -1.63297E+00 -1.63313E+00  3.66875E-01
  2.35100E-02 -2.72951E+00 -1.62979E+00 -1.62995E+00  3.70051E-01
  2.35150E-02 -2.72910E+00 -1.62685E+00 -1.62700E+00  3.73004E-01
  2.35200E-02 -2.72869E+00 -1.62408E+00 -1.62423E+00  3.75773E-01
  2.35300E-02 -2.72786E+00 -1.61905E+00 -1.61920E+00  3.80799E-01
  2.35400E-02 -2.72704E+00 -1.61452E+00 -1.61468E+00  3.85323E-01
  2.35500E-02 -2.72621E+00 -1.61036E+00 -1.61052E+00  3.89481E-01
  2.35600E-02 -2.72539E+00 -1.60652E+00 -1.60667E+00  3.93333E-01
  2.35700E-02 -2.72456E+00 -1.60292E+00 -1.60308E+00  3.96921E-01
  2.35850E-02 -2.72333E+00 -1.59788E+00 -1.59804E+00  4.01957E-01
  2.36000E-02 -2.72209E+00 -1.59319E+00 -1.59335E+00  4.06651E-01
  2.36100E-02 -2.72127E+00 -1.59021E+00 -1.59036E+00  4.09643E-01
  2.36200E-02 -2.72045E+00 -1.58732E+00 -1.58747E+00  4.12527E-01
  2.36350E-02 -2.71922E+00 -1.58315E+00 -1.58331E+00  4.16688E-01
  2.36500E-02 -2.71799E+00 -1.57914E+00 -1.57930E+00  4.20697E-01
  2.36600E-02 -2.71717E+00 -1.57654E+00 -1.57670E+00  4.23295E-01
  2.36700E-02 -2.71635E+00 -1.57400E+00 -1.57415E+00  4.25847E-01
  2.37000E-02 -2.71389E+00 -1.56661E+00 -1.56677E+00  4.33230E-01
  2.37200E-02 -2.71226E+00 -1.56185E+00 -1.56200E+00  4.37997E-01
  2.37500E-02 -2.70983E+00 -1.55493E+00 -1.55508E+00  4.44922E-01
  2.37700E-02 -2.70820E+00 -1.55042E+00 -1.55058E+00  4.49423E-01
  2.38000E-02 -2.70576E+00 -1.54379E+00 -1.54394E+00  4.56057E-01
  2.38200E-02 -2.70415E+00 -1.53945E+00 -1.53961E+00  4.60393E-01
  2.38500E-02 -2.70174E+00 -1.53304E+00 -1.53319E+00  4.66807E-01
  2.38700E-02 -2.70013E+00 -1.52883E+00 -1.52898E+00  4.71023E-01
  2.39000E-02 -2.69771E+00 -1.52258E+00 -1.52273E+00  4.77274E-01
  2.39200E-02 -2.69610E+00 -1.51845E+00 -1.51860E+00  4.81399E-01
  2.39500E-02 -2.69369E+00 -1.51233E+00 -1.51248E+00  4.87517E-01
  2.39700E-02 -2.69207E+00 -1.50829E+00 -1.50844E+00  4.91561E-01
  2.40000E-02 -2.68966E+00 -1.50227E+00 -1.50243E+00  4.97575E-01
  2.40500E-02 -2.68569E+00 -1.49236E+00 -1.49252E+00  5.07482E-01
  2.41000E-02 -2.68173E+00 -1.48258E+00 -1.48273E+00  5.17272E-01
  2.41500E-02 -2.67776E+00 -1.47290E+00 -1.47306E+00  5.26936E-01
  2.42000E-02 -2.67379E+00 -1.46330E+00 -1.46346E+00  5.36536E-01
  2.42500E-02 -2.66982E+00 -1.45381E+00 -1.45397E+00  5.46028E-01
  2.43000E-02 -2.66586E+00 -1.44445E+00 -1.44460E+00  5.55399E-01
  2.43500E-02 -2.66189E+00 -1.43518E+00 -1.43533E+00  5.64666E-01
  2.44000E-02 -2.65793E+00 -1.42601E+00 -1.42616E+00  5.73841E-01
  2.44500E-02 -2.65397E+00 -1.41692E+00 -1.41707E+00  5.82931E-01
  2.45000E-02 -2.65000E+00 -1.40790E+00 -1.40805E+00  5.91949E-01
  2.45500E-02 -2.64603E+00 -1.39895E+00 -1.39911E+00  6.00886E-01
  2.46000E-02 -2.64207E+00 -1.39009E+00 -1.39024E+00  6.09760E-01
  2.46500E-02 -2.63821E+00 -1.38127E+00 -1.38142E+00  6.18576E-01
  2.47000E-02 -2.63436E+00 -1.37253E+00 -1.37268E+00  6.27319E-01
  2.48000E-02 -2.62665E+00 -1.35519E+00 -1.35535E+00  6.44650E-01
  2.49000E-02 -2.61894E+00 -1.33803E+00 -1.33819E+00  6.61808E-01
  2.50000E-02 -2.61123E+00 -1.32088E+00 -1.32103E+00  6.78965E-01
  2.51000E-02 -2.60336E+00 -1.30397E+00 -1.30413E+00  6.95866E-01
  2.52000E-02 -2.59549E+00 -1.28754E+00 -1.28770E+00  7.12302E-01
  2.52700E-02 -2.58999E+00 -1.27622E+00 -1.27637E+00  7.23625E-01
  2.53500E-02 -2.58369E+00 -1.26345E+00 -1.26361E+00  7.36394E-01
  2.54200E-02 -2.57818E+00 -1.25227E+00 -1.25242E+00  7.47585E-01
  2.55000E-02 -2.57189E+00 -1.23992E+00 -1.24007E+00  7.59927E-01
  2.56000E-02 -2.56402E+00 -1.22451E+00 -1.22467E+00  7.75330E-01
  2.57000E-02 -2.55615E+00 -1.20930E+00 -1.20945E+00  7.90546E-01
  2.58500E-02 -2.54435E+00 -1.18681E+00 -1.18696E+00  8.13041E-01
  2.60000E-02 -2.53255E+00 -1.16452E+00 -1.16467E+00  8.35335E-01
  2.61000E-02 -2.52482E+00 -1.14985E+00 -1.15001E+00  8.49994E-01
  2.62000E-02 -2.51710E+00 -1.13554E+00 -1.13570E+00  8.64299E-01
  2.63500E-02 -2.50551E+00 -1.11453E+00 -1.11469E+00  8.85311E-01
  2.65000E-02 -2.49392E+00 -1.09397E+00 -1.09413E+00  9.05866E-01
  2.66500E-02 -2.48232E+00 -1.07382E+00 -1.07397E+00  9.26027E-01
  2.68000E-02 -2.47073E+00 -1.05401E+00 -1.05416E+00  9.45837E-01
  2.69000E-02 -2.46301E+00 -1.04096E+00 -1.04111E+00  9.58893E-01
  2.70000E-02 -2.45528E+00 -1.02792E+00 -1.02807E+00  9.71931E-01
  2.72000E-02 -2.44009E+00 -1.00247E+00 -1.00263E+00  9.97372E-01
  2.74000E-02 -2.42490E+00 -9.77908E-01 -9.78058E-01  1.02194E+00
  2.76000E-02 -2.40970E+00 -9.53983E-01 -9.54133E-01  1.04587E+00
  2.78000E-02 -2.39451E+00 -9.30497E-01 -9.30647E-01  1.06935E+00
  2.79500E-02 -2.38337E+00 -9.13228E-01 -9.13388E-01  1.08661E+00
  2.81000E-02 -2.37223E+00 -8.96402E-01 -8.96552E-01  1.10345E+00
  2.83000E-02 -2.35737E+00 -8.74459E-01 -8.74609E-01  1.12539E+00
  2.85000E-02 -2.34252E+00 -8.52907E-01 -8.53057E-01  1.14694E+00
  2.87000E-02 -2.32801E+00 -8.31865E-01 -8.32015E-01  1.16798E+00
  2.89000E-02 -2.31351E+00 -8.11458E-01 -8.11618E-01  1.18838E+00
  2.91000E-02 -2.29900E+00 -7.91531E-01 -7.91681E-01  1.20832E+00
  2.93000E-02 -2.28449E+00 -7.71908E-01 -7.72068E-01  1.22793E+00
  2.94500E-02 -2.27385E+00 -7.57471E-01 -7.57621E-01  1.24238E+00
  2.96000E-02 -2.26322E+00 -7.43382E-01 -7.43532E-01  1.25647E+00
  2.98000E-02 -2.24903E+00 -7.24974E-01 -7.25124E-01  1.27488E+00
  3.00000E-02 -2.23485E+00 -7.06839E-01 -7.06989E-01  1.29301E+00
  3.02000E-02 -2.22088E+00 -6.89131E-01 -6.89281E-01  1.31072E+00
  3.04000E-02 -2.20691E+00 -6.72033E-01 -6.72183E-01  1.32782E+00
  3.06000E-02 -2.19295E+00 -6.55384E-01 -6.55534E-01  1.34447E+00
  3.08000E-02 -2.17898E+00 -6.39128E-01 -6.39288E-01  1.36071E+00
  3.10000E-02 -2.16567E+00 -6.23227E-01 -6.23387E-01  1.37661E+00
  3.12000E-02 -2.15235E+00 -6.07640E-01 -6.07790E-01  1.39221E+00
  3.15000E-02 -2.13238E+00 -5.84600E-01 -5.84754E-01  1.41525E+00
  3.17000E-02 -2.11918E+00 -5.69596E-01 -5.69750E-01  1.43025E+00
  3.19000E-02 -2.10599E+00 -5.55129E-01 -5.55283E-01  1.44472E+00
  3.21000E-02 -2.09279E+00 -5.41039E-01 -5.41193E-01  1.45881E+00
  3.23000E-02 -2.07959E+00 -5.27276E-01 -5.27430E-01  1.47257E+00
  3.26000E-02 -2.06069E+00 -5.07174E-01 -5.07328E-01  1.49267E+00
  3.30000E-02 -2.03549E+00 -4.81110E-01 -4.81264E-01  1.51874E+00
  3.33000E-02 -2.01704E+00 -4.62219E-01 -4.62373E-01  1.53763E+00
  3.35000E-02 -2.00474E+00 -4.50067E-01 -4.50221E-01  1.54978E+00
  3.37000E-02 -1.99245E+00 -4.38178E-01 -4.38332E-01  1.56167E+00
  3.40000E-02 -1.97400E+00 -4.20705E-01 -4.20859E-01  1.57914E+00
  3.42000E-02 -1.96221E+00 -4.09332E-01 -4.09486E-01  1.59051E+00
  3.45000E-02 -1.94452E+00 -3.92840E-01 -3.92994E-01  1.60701E+00
  3.47000E-02 -1.93273E+00 -3.82127E-01 -3.82281E-01  1.61772E+00
  3.50000E-02 -1.91504E+00 -3.66343E-01 -3.66497E-01  1.63350E+00
  3.54000E-02 -1.89211E+00 -3.46089E-01 -3.46243E-01  1.65376E+00
  3.57000E-02 -1.87492E+00 -3.31562E-01 -3.31716E-01  1.66828E+00
  3.61000E-02 -1.85297E+00 -3.12860E-01 -3.13014E-01  1.68699E+00
  3.65000E-02 -1.83103E+00 -2.94716E-01 -2.94870E-01  1.70513E+00
  3.69000E-02 -1.80959E+00 -2.77266E-01 -2.77420E-01  1.72258E+00
  3.73000E-02 -1.78815E+00 -2.60655E-01 -2.60809E-01  1.73919E+00
  3.77000E-02 -1.76760E+00 -2.44666E-01 -2.44820E-01  1.75518E+00
  3.80000E-02 -1.75218E+00 -2.32958E-01 -2.33112E-01  1.76689E+00
  3.83000E-02 -1.73722E+00 -2.21572E-01 -2.21726E-01  1.77827E+00
  3.85000E-02 -1.72724E+00 -2.14211E-01 -2.14365E-01  1.78563E+00
  3.90000E-02 -1.70231E+00 -1.96348E-01 -1.96502E-01  1.80350E+00
  3.95000E-02 -1.67838E+00 -1.79290E-01 -1.79444E-01  1.82056E+00
  3.97000E-02 -1.66881E+00 -1.72702E-01 -1.72856E-01  1.82714E+00
  4.00000E-02 -1.65445E+00 -1.62941E-01 -1.63095E-01  1.83690E+00
  4.03000E-02 -1.64042E+00 -1.53444E-01 -1.53598E-01  1.84640E+00
  4.07000E-02 -1.62171E+00 -1.41441E-01 -1.41595E-01  1.85840E+00
  4.11000E-02 -1.60373E+00 -1.29925E-01 -1.30079E-01  1.86992E+00
  4.15000E-02 -1.58575E+00 -1.18851E-01 -1.19005E-01  1.88100E+00
  4.18000E-02 -1.57278E+00 -1.10806E-01 -1.10960E-01  1.88904E+00
  4.22000E-02 -1.55548E+00 -1.00392E-01 -1.00546E-01  1.89945E+00
  4.26000E-02 -1.53883E+00 -9.02905E-02 -9.04445E-02  1.90956E+00
  4.30000E-02 -1.52219E+00 -8.03657E-02 -8.05197E-02  1.91948E+00
  4.33000E-02 -1.50996E+00 -7.31165E-02 -7.32705E-02  1.92673E+00
  4.35000E-02 -1.50182E+00 -6.84618E-02 -6.86158E-02  1.93138E+00
  4.40000E-02 -1.48144E+00 -5.72405E-02 -5.73945E-02  1.94261E+00
  4.45000E-02 -1.46205E+00 -4.65053E-02 -4.66593E-02  1.95334E+00
  4.50000E-02 -1.44267E+00 -3.60903E-02 -3.62443E-02  1.96376E+00
  4.54000E-02 -1.42749E+00 -2.80617E-02 -2.82157E-02  1.97178E+00
  4.57000E-02 -1.41610E+00 -2.23147E-02 -2.24687E-02  1.97753E+00
  4.61000E-02 -1.40145E+00 -1.49165E-02 -1.50705E-02  1.98493E+00
  4.65000E-02 -1.38680E+00 -7.78695E-03 -7.94095E-03  1.99206E+00
  4.68000E-02 -1.37620E+00 -2.59779E-03 -2.75179E-03  1.99725E+00
  4.72000E-02 -1.36207E+00  4.13180E-03  3.97780E-03  2.00398E+00
  4.76000E-02 -1.34842E+00  1.06725E-02  1.05185E-02  2.01052E+00
  4.80000E-02 -1.33477E+00  1.71154E-02  1.69614E-02  2.01696E+00
  4.85000E-02 -1.31809E+00  2.48570E-02  2.47030E-02  2.02470E+00
  4.90000E-02 -1.30141E+00  3.21698E-02  3.20157E-02  2.03202E+00
  4.95000E-02 -1.28546E+00  3.91786E-02  3.90246E-02  2.03902E+00
  5.00000E-02 -1.26952E+00  4.59947E-02  4.58407E-02  2.04584E+00
  5.05000E-02 -1.25402E+00  5.25251E-02  5.23711E-02  2.05237E+00
  5.10000E-02 -1.23852E+00  5.86819E-02  5.85279E-02  2.05853E+00
  5.15000E-02 -1.22369E+00  6.45625E-02  6.44085E-02  2.06441E+00
  5.20000E-02 -1.20885E+00  7.02022E-02  7.00482E-02  2.07005E+00
  5.26000E-02 -1.19183E+00  7.67042E-02  7.65502E-02  2.07655E+00
  5.32000E-02 -1.17482E+00  8.30273E-02  8.28733E-02  2.08287E+00
  5.37000E-02 -1.16116E+00  8.79957E-02  8.78417E-02  2.08784E+00
  5.43000E-02 -1.14476E+00  9.36644E-02  9.35104E-02  2.09351E+00
  5.50000E-02 -1.12648E+00  1.00003E-01  9.98493E-02  2.09985E+00
  5.57000E-02 -1.10821E+00  1.05983E-01  1.05829E-01  2.10583E+00
  5.64000E-02 -1.09081E+00  1.11547E-01  1.11393E-01  2.11139E+00
  5.70000E-02 -1.07589E+00  1.16067E-01  1.15913E-01  2.11591E+00
  5.78000E-02 -1.05700E+00  1.21813E-01  1.21659E-01  2.12166E+00
  5.85000E-02 -1.04048E+00  1.26639E-01  1.26485E-01  2.12649E+00
  5.92000E-02 -1.02453E+00  1.31116E-01  1.30962E-01  2.13096E+00
  5.96000E-02 -1.01567E+00  1.33569E-01  1.33415E-01  2.13341E+00
  6.00000E-02 -1.00682E+00  1.35986E-01  1.35832E-01  2.13583E+00
  6.07000E-02 -9.91803E-01  1.39994E-01  1.39840E-01  2.13984E+00
  6.15000E-02 -9.74641E-01  1.44220E-01  1.44066E-01  2.14407E+00
  6.22000E-02 -9.60451E-01  1.47694E-01  1.47540E-01  2.14754E+00
  6.30000E-02 -9.44233E-01  1.51493E-01  1.51339E-01  2.15134E+00
  6.40000E-02 -9.24658E-01  1.55901E-01  1.55747E-01  2.15575E+00
  6.50000E-02 -9.05783E-01  1.59945E-01  1.59791E-01  2.15979E+00
  6.58000E-02 -8.91208E-01  1.62945E-01  1.62790E-01  2.16279E+00
  6.65000E-02 -8.78454E-01  1.65362E-01  1.65208E-01  2.16521E+00
  6.73000E-02 -8.64629E-01  1.67956E-01  1.67802E-01  2.16780E+00
  6.80000E-02 -8.52532E-01  1.70129E-01  1.69975E-01  2.16997E+00
  6.90000E-02 -8.35837E-01  1.73011E-01  1.72857E-01  2.17286E+00
  7.00000E-02 -8.19702E-01  1.75680E-01  1.75526E-01  2.17553E+00
  7.15000E-02 -7.96188E-01  1.79198E-01  1.79044E-01  2.17904E+00
  7.30000E-02 -7.73815E-01  1.82153E-01  1.81999E-01  2.18200E+00
  7.40000E-02 -7.59496E-01  1.83913E-01  1.83759E-01  2.18376E+00
  7.50000E-02 -7.45629E-01  1.85590E-01  1.85436E-01  2.18544E+00
  7.65000E-02 -7.25308E-01  1.87785E-01  1.87631E-01  2.18763E+00
  7.80000E-02 -7.05920E-01  1.89551E-01  1.89397E-01  2.18940E+00
  7.90000E-02 -6.93483E-01  1.90583E-01  1.90429E-01  2.19043E+00
  8.00000E-02 -6.81418E-01  1.91569E-01  1.91415E-01  2.19141E+00
  8.15000E-02 -6.63699E-01  1.92803E-01  1.92649E-01  2.19265E+00
  8.30000E-02 -6.46751E-01  1.93712E-01  1.93558E-01  2.19356E+00
  8.40000E-02 -6.35858E-01  1.94179E-01  1.94025E-01  2.19402E+00
  8.50000E-02 -6.25274E-01  1.94678E-01  1.94524E-01  2.19452E+00
  8.65000E-02 -6.09732E-01  1.95049E-01  1.94895E-01  2.19489E+00
  8.80000E-02 -5.94833E-01  1.95483E-01  1.95329E-01  2.19533E+00
  8.90000E-02 -5.85240E-01  1.95574E-01  1.95420E-01  2.19542E+00
  9.00000E-02 -5.75906E-01  1.95690E-01  1.95536E-01  2.19554E+00
  9.15000E-02 -5.62198E-01  1.95588E-01  1.95434E-01  2.19543E+00
  9.30000E-02 -5.49031E-01  1.95535E-01  1.95381E-01  2.19538E+00
  9.40000E-02 -5.40539E-01  1.95356E-01  1.95202E-01  2.19520E+00
  9.50000E-02 -5.32267E-01  1.95198E-01  1.95044E-01  2.19504E+00
  9.65000E-02 -5.20127E-01  1.94786E-01  1.94632E-01  2.19463E+00
  9.80000E-02 -5.08445E-01  1.94414E-01  1.94260E-01  2.19426E+00
  9.90000E-02 -5.00850E-01  1.94072E-01  1.93918E-01  2.19392E+00
  1.00000E-01 -4.93442E-01  1.93745E-01  1.93591E-01  2.19359E+00
  1.02000E-01 -4.78991E-01  1.92898E-01  1.92744E-01  2.19274E+00
  1.04000E-01 -4.65231E-01  1.91869E-01  1.91715E-01  2.19172E+00
  1.06000E-01 -4.52118E-01  1.90751E-01  1.90597E-01  2.19060E+00
  1.07300E-01 -4.43920E-01  1.90022E-01  1.89868E-01  2.18987E+00
  1.08500E-01 -4.36520E-01  1.89365E-01  1.89211E-01  2.18921E+00
  1.09800E-01 -4.28657E-01  1.88491E-01  1.88337E-01  2.18834E+00
  1.11000E-01 -4.21604E-01  1.87699E-01  1.87545E-01  2.18754E+00
  1.12500E-01 -4.13054E-01  1.86728E-01  1.86574E-01  2.18657E+00
  1.14000E-01 -4.04787E-01  1.85777E-01  1.85623E-01  2.18562E+00
  1.15500E-01 -3.96751E-01  1.84707E-01  1.84553E-01  2.18455E+00
  1.17000E-01 -3.88898E-01  1.83655E-01  1.83501E-01  2.18350E+00
  1.19000E-01 -3.78818E-01  1.82279E-01  1.82125E-01  2.18212E+00
  1.22000E-01 -3.64482E-01  1.80053E-01  1.79899E-01  2.17990E+00
  1.24000E-01 -3.55271E-01  1.78602E-01  1.78448E-01  2.17845E+00
  1.25500E-01 -3.48609E-01  1.77416E-01  1.77262E-01  2.17726E+00
  1.27000E-01 -3.42149E-01  1.76244E-01  1.76090E-01  2.17609E+00
  1.28500E-01 -3.35882E-01  1.75083E-01  1.74929E-01  2.17493E+00
  1.30000E-01 -3.29802E-01  1.73934E-01  1.73780E-01  2.17378E+00
  1.33000E-01 -3.18026E-01  1.71541E-01  1.71387E-01  2.17139E+00
  1.35000E-01 -3.10550E-01  1.69969E-01  1.69815E-01  2.16982E+00
  1.38000E-01 -2.99769E-01  1.67642E-01  1.67488E-01  2.16749E+00
  1.40000E-01 -2.92915E-01  1.66109E-01  1.65955E-01  2.16596E+00
  1.43000E-01 -2.83012E-01  1.63749E-01  1.63595E-01  2.16360E+00
  1.45000E-01 -2.76707E-01  1.62192E-01  1.62038E-01  2.16204E+00
  1.48000E-01 -2.67581E-01  1.59881E-01  1.59727E-01  2.15973E+00
  1.50000E-01 -2.61763E-01  1.58354E-01  1.58200E-01  2.15820E+00
  1.53000E-01 -2.53320E-01  1.56069E-01  1.55915E-01  2.15591E+00
  1.55000E-01 -2.47931E-01  1.54558E-01  1.54404E-01  2.15440E+00
  1.58000E-01 -2.40186E-01  1.52309E-01  1.52155E-01  2.15216E+00
  1.60000E-01 -2.35180E-01  1.50821E-01  1.50667E-01  2.15067E+00
  1.63000E-01 -2.27978E-01  1.48605E-01  1.48451E-01  2.14845E+00
  1.65000E-01 -2.23371E-01  1.47137E-01  1.46983E-01  2.14698E+00
  1.68000E-01 -2.16663E-01  1.44949E-01  1.44795E-01  2.14479E+00
  1.70000E-01 -2.12368E-01  1.43498E-01  1.43344E-01  2.14334E+00
  1.72000E-01 -2.08206E-01  1.42113E-01  1.41959E-01  2.14196E+00
  1.74000E-01 -2.04126E-01  1.40734E-01  1.40580E-01  2.14058E+00
  1.77000E-01 -1.98239E-01  1.38677E-01  1.38523E-01  2.13852E+00
  1.80000E-01 -1.92617E-01  1.36632E-01  1.36478E-01  2.13648E+00
  1.83300E-01 -1.86665E-01  1.34396E-01  1.34242E-01  2.13424E+00
  1.86000E-01 -1.81999E-01  1.32648E-01  1.32494E-01  2.13249E+00
  1.88000E-01 -1.78647E-01  1.31358E-01  1.31204E-01  2.13120E+00
  1.90000E-01 -1.75392E-01  1.30073E-01  1.29919E-01  2.12992E+00
  1.92000E-01 -1.72210E-01  1.28792E-01  1.28638E-01  2.12864E+00
  1.96000E-01 -1.66104E-01  1.26342E-01  1.26188E-01  2.12619E+00
  1.98000E-01 -1.63163E-01  1.25123E-01  1.24969E-01  2.12497E+00
  2.00000E-01 -1.60303E-01  1.23907E-01  1.23753E-01  2.12375E+00
  2.03000E-01 -1.56104E-01  1.22146E-01  1.21992E-01  2.12199E+00
  2.05000E-01 -1.53400E-01  1.20977E-01  1.20823E-01  2.12082E+00
  2.08000E-01 -1.49478E-01  1.19228E-01  1.19074E-01  2.11907E+00
  2.10000E-01 -1.46949E-01  1.18065E-01  1.17911E-01  2.11791E+00
  2.13000E-01 -1.43280E-01  1.16422E-01  1.16268E-01  2.11627E+00
  2.15000E-01 -1.40913E-01  1.15329E-01  1.15175E-01  2.11518E+00
  2.18000E-01 -1.37421E-01  1.13695E-01  1.13541E-01  2.11354E+00
  2.20000E-01 -1.35167E-01  1.12609E-01  1.12455E-01  2.11245E+00
  2.23000E-01 -1.31892E-01  1.11058E-01  1.10904E-01  2.11090E+00
  2.25000E-01 -1.29777E-01  1.10028E-01  1.09874E-01  2.10987E+00
  2.28000E-01 -1.26701E-01  1.08485E-01  1.08331E-01  2.10833E+00
  2.30000E-01 -1.24713E-01  1.07460E-01  1.07306E-01  2.10731E+00
  2.33000E-01 -1.21780E-01  1.06011E-01  1.05857E-01  2.10586E+00
  2.35000E-01 -1.19884E-01  1.05048E-01  1.04894E-01  2.10489E+00
  2.38000E-01 -1.17124E-01  1.03607E-01  1.03453E-01  2.10345E+00
  2.40000E-01 -1.15338E-01  1.02648E-01  1.02494E-01  2.10249E+00
  2.42000E-01 -1.13577E-01  1.01739E-01  1.01585E-01  2.10158E+00
  2.45000E-01 -1.11013E-01  1.00379E-01  1.00225E-01  2.10022E+00
  2.48000E-01 -1.08536E-01  9.90218E-02  9.88677E-02  2.09887E+00
  2.50000E-01 -1.06931E-01  9.81189E-02  9.79648E-02  2.09796E+00
  2.53000E-01 -1.04569E-01  9.68345E-02  9.66804E-02  2.09668E+00
  2.55000E-01 -1.03039E-01  9.59798E-02  9.58257E-02  2.09583E+00
  2.58000E-01 -1.00807E-01  9.47002E-02  9.45461E-02  2.09455E+00
  2.60000E-01 -9.93598E-02  9.38485E-02  9.36944E-02  2.09369E+00
  2.64000E-01 -9.65595E-02  9.22425E-02  9.20884E-02  2.09209E+00
  2.68000E-01 -9.38503E-02  9.06407E-02  9.04867E-02  2.09049E+00
  2.73000E-01 -9.06127E-02  8.87193E-02  8.85653E-02  2.08857E+00
  2.77000E-01 -8.81438E-02  8.71864E-02  8.70324E-02  2.08703E+00
  2.80000E-01 -8.63589E-02  8.60921E-02  8.59381E-02  2.08594E+00
  2.83000E-01 -8.46127E-02  8.49997E-02  8.48457E-02  2.08485E+00
  2.86000E-01 -8.29197E-02  8.39397E-02  8.37857E-02  2.08379E+00
  2.89000E-01 -8.12778E-02  8.28814E-02  8.27274E-02  2.08273E+00
  2.92000E-01 -7.96780E-02  8.18610E-02  8.17070E-02  2.08171E+00
  2.95000E-01 -7.81224E-02  8.08422E-02  8.06882E-02  2.08069E+00
  2.98000E-01 -7.66124E-02  7.98555E-02  7.97015E-02  2.07970E+00
  3.00000E-01 -7.56302E-02  7.91985E-02  7.90445E-02  2.07904E+00
  3.05000E-01 -7.32384E-02  7.76237E-02  7.74697E-02  2.07747E+00
  3.10000E-01 -7.09593E-02  7.60526E-02  7.58986E-02  2.07590E+00
  3.15000E-01 -6.87696E-02  7.45658E-02  7.44118E-02  2.07441E+00
  3.20000E-01 -6.66804E-02  7.30824E-02  7.29284E-02  2.07293E+00
  3.24000E-01 -6.50672E-02  7.19721E-02  7.18180E-02  2.07182E+00
  3.28000E-01 -6.35121E-02  7.08636E-02  7.07096E-02  2.07071E+00
  3.32000E-01 -6.20124E-02  6.97570E-02  6.96029E-02  2.06960E+00
  3.35000E-01 -6.09223E-02  6.89281E-02  6.87740E-02  2.06877E+00
  3.39000E-01 -5.95004E-02  6.79089E-02  6.77549E-02  2.06775E+00
  3.43000E-01 -5.81277E-02  6.68914E-02  6.67373E-02  2.06674E+00
  3.47000E-01 -5.68020E-02  6.58753E-02  6.57213E-02  2.06572E+00
  3.50000E-01 -5.58374E-02  6.51142E-02  6.49602E-02  2.06496E+00
  3.55000E-01 -5.42705E-02  6.39276E-02  6.37736E-02  2.06377E+00
  3.60000E-01 -5.27686E-02  6.27430E-02  6.25890E-02  2.06259E+00
  3.65000E-01 -5.13217E-02  6.16186E-02  6.14646E-02  2.06146E+00
  3.70000E-01 -4.99334E-02  6.04962E-02  6.03422E-02  2.06034E+00
  3.76000E-01 -4.83257E-02  5.92465E-02  5.90924E-02  2.05909E+00
  3.81000E-01 -4.70442E-02  5.82068E-02  5.80528E-02  2.05805E+00
  3.86000E-01 -4.58127E-02  5.71687E-02  5.70147E-02  2.05701E+00
  3.91400E-01 -4.45360E-02  5.60492E-02  5.58951E-02  2.05590E+00
  3.91900E-01 -4.44205E-02  5.59513E-02  5.57972E-02  2.05580E+00
  3.92400E-01 -4.43054E-02  5.58533E-02  5.56992E-02  2.05570E+00
  3.93400E-01 -4.40766E-02  5.56579E-02  5.55039E-02  2.05550E+00
  3.97000E-01 -4.32672E-02  5.49733E-02  5.48193E-02  2.05482E+00
  3.98500E-01 -4.29366E-02  5.46883E-02  5.45343E-02  2.05453E+00
  4.00000E-01 -4.26096E-02  5.44033E-02  5.42493E-02  2.05425E+00
  4.05000E-01 -4.15338E-02  5.35114E-02  5.33574E-02  2.05336E+00
  4.10000E-01 -4.04979E-02  5.26207E-02  5.24667E-02  2.05247E+00
  4.15000E-01 -3.94999E-02  5.17312E-02  5.15772E-02  2.05158E+00
  4.20000E-01 -3.85380E-02  5.08427E-02  5.06887E-02  2.05069E+00
  4.28000E-01 -3.70545E-02  4.95763E-02  4.94223E-02  2.04942E+00
  4.35000E-01 -3.58248E-02  4.84702E-02  4.83162E-02  2.04832E+00
  4.43000E-01 -3.44920E-02  4.72083E-02  4.70543E-02  2.04705E+00
  4.50000E-01 -3.33851E-02  4.61058E-02  4.59518E-02  2.04595E+00
  4.55000E-01 -3.26192E-02  4.54050E-02  4.52510E-02  2.04525E+00
  4.60000E-01 -3.18790E-02  4.47049E-02  4.45509E-02  2.04455E+00
  4.65000E-01 -3.11632E-02  4.40056E-02  4.38516E-02  2.04385E+00
  4.70000E-01 -3.04710E-02  4.33070E-02  4.31530E-02  2.04315E+00
  4.78000E-01 -2.94007E-02  4.23040E-02  4.21500E-02  2.04215E+00
  4.85000E-01 -2.85090E-02  4.14277E-02  4.12737E-02  2.04127E+00
  4.93000E-01 -2.75378E-02  4.04277E-02  4.02737E-02  2.04027E+00
  5.00000E-01 -2.67274E-02  3.95538E-02  3.93998E-02  2.03940E+00
  5.03000E-01 -2.63876E-02  3.92120E-02  3.90580E-02  2.03906E+00
  5.06000E-01 -2.60542E-02  3.88705E-02  3.87165E-02  2.03872E+00
  5.12000E-01 -2.54056E-02  3.81879E-02  3.80339E-02  2.03803E+00
  5.18000E-01 -2.47804E-02  3.75389E-02  3.73849E-02  2.03738E+00
  5.21000E-01 -2.44762E-02  3.72147E-02  3.70607E-02  2.03706E+00
  5.24900E-01 -2.40890E-02  3.67935E-02  3.66395E-02  2.03664E+00
  5.32000E-01 -2.34051E-02  3.60991E-02  3.59451E-02  2.03595E+00
  5.40000E-01 -2.26639E-02  3.53177E-02  3.51637E-02  2.03516E+00
  5.50000E-01 -2.17847E-02  3.43423E-02  3.41883E-02  2.03419E+00
  5.55000E-01 -2.13611E-02  3.38551E-02  3.37011E-02  2.03370E+00
  5.60000E-01 -2.09494E-02  3.33683E-02  3.32143E-02  2.03321E+00
  5.65000E-01 -2.05492E-02  3.29473E-02  3.27933E-02  2.03279E+00
  5.70000E-01 -2.01600E-02  3.25266E-02  3.23726E-02  2.03237E+00
  5.75000E-01 -1.97816E-02  3.21063E-02  3.19523E-02  2.03195E+00
  5.80000E-01 -1.94134E-02  3.16862E-02  3.15322E-02  2.03153E+00
  5.90000E-01 -1.87027E-02  3.08469E-02  3.06929E-02  2.03069E+00
  6.00000E-01 -1.80294E-02  3.00086E-02  2.98546E-02  2.02985E+00
  6.10000E-01 -1.73869E-02  2.92870E-02  2.91330E-02  2.02913E+00
  6.20000E-01 -1.67773E-02  2.85663E-02  2.84122E-02  2.02841E+00
  6.30000E-01 -1.61962E-02  2.78464E-02  2.76924E-02  2.02769E+00
  6.40000E-01 -1.56440E-02  2.71274E-02  2.69733E-02  2.02697E+00
  6.50000E-01 -1.51187E-02  2.65007E-02  2.63467E-02  2.02635E+00
  6.60000E-01 -1.46146E-02  2.58747E-02  2.57207E-02  2.02572E+00
  6.68000E-01 -1.42288E-02  2.53744E-02  2.52204E-02  2.02522E+00
  6.76800E-01 -1.38212E-02  2.48246E-02  2.46706E-02  2.02467E+00
  6.82000E-01 -1.35882E-02  2.45315E-02  2.43775E-02  2.02438E+00
  6.88000E-01 -1.33265E-02  2.41935E-02  2.40395E-02  2.02404E+00
  6.94000E-01 -1.30719E-02  2.38557E-02  2.37017E-02  2.02370E+00
  6.97000E-01 -1.29473E-02  2.36868E-02  2.35328E-02  2.02353E+00
  7.00000E-01 -1.28244E-02  2.35181E-02  2.33641E-02  2.02336E+00
  7.08000E-01 -1.25027E-02  2.31188E-02  2.29648E-02  2.02296E+00
  7.15000E-01 -1.22307E-02  2.27696E-02  2.26156E-02  2.02262E+00
  7.22000E-01 -1.19671E-02  2.24207E-02  2.22667E-02  2.02227E+00
  7.30000E-01 -1.16759E-02  2.20223E-02  2.18683E-02  2.02187E+00
  7.40000E-01 -1.13261E-02  2.15247E-02  2.13707E-02  2.02137E+00
  7.50000E-01 -1.09912E-02  2.10274E-02  2.08734E-02  2.02087E+00
  7.58000E-01 -1.07323E-02  2.06879E-02  2.05339E-02  2.02053E+00
  7.65000E-01 -1.05129E-02  2.03910E-02  2.02370E-02  2.02024E+00
  7.73000E-01 -1.02700E-02  2.00519E-02  1.98979E-02  2.01990E+00
  7.80000E-01 -1.00641E-02  1.97554E-02  1.96014E-02  2.01960E+00
  7.90000E-01 -9.78016E-03  1.93320E-02  1.91780E-02  2.01918E+00
  8.00000E-01 -9.50763E-03  1.89091E-02  1.87551E-02  2.01876E+00
  8.10000E-01 -9.24482E-03  1.85451E-02  1.83911E-02  2.01839E+00
  8.20000E-01 -8.99237E-03  1.81814E-02  1.80274E-02  2.01803E+00
  8.28000E-01 -8.79750E-03  1.78907E-02  1.77367E-02  2.01774E+00
  8.35000E-01 -8.63196E-03  1.76365E-02  1.74825E-02  2.01748E+00
  8.43000E-01 -8.44821E-03  1.73461E-02  1.71921E-02  2.01719E+00
  8.50000E-01 -8.29203E-03  1.70921E-02  1.69381E-02  2.01694E+00
  8.60000E-01 -8.07605E-03  1.67778E-02  1.66238E-02  2.01662E+00
  8.70000E-01 -7.86809E-03  1.64637E-02  1.63097E-02  2.01631E+00
  8.85000E-01 -7.57037E-03  1.59930E-02  1.58390E-02  2.01584E+00
  9.00000E-01 -7.28863E-03  1.55227E-02  1.53687E-02  2.01537E+00
  9.10000E-01 -7.10909E-03  1.52497E-02  1.50957E-02  2.01510E+00
  9.20000E-01 -6.93587E-03  1.49769E-02  1.48229E-02  2.01482E+00
  9.35000E-01 -6.68724E-03  1.45680E-02  1.44140E-02  2.01441E+00
  9.50000E-01 -6.45127E-03  1.41595E-02  1.40055E-02  2.01401E+00
  9.60000E-01 -6.30072E-03  1.39209E-02  1.37669E-02  2.01377E+00
  9.70000E-01 -6.15519E-03  1.36825E-02  1.35285E-02  2.01353E+00
  9.85000E-01 -5.94583E-03  1.33251E-02  1.31711E-02  2.01317E+00
  1.00000E+00 -5.74660E-03  1.29681E-02  1.28140E-02  2.01281E+00
  1.01000E+00 -5.61940E-03  1.27562E-02  1.26021E-02  2.01260E+00
  1.02000E+00 -5.49623E-03  1.25444E-02  1.23903E-02  2.01239E+00
  1.03000E+00 -5.37691E-03  1.23328E-02  1.21787E-02  2.01218E+00
  1.03600E+00 -5.30711E-03  1.22059E-02  1.20518E-02  2.01205E+00
  1.04100E+00 -5.24994E-03  1.21001E-02  1.19460E-02  2.01195E+00
  1.05500E+00 -5.09452E-03  1.18525E-02  1.16984E-02  2.01170E+00
  1.07000E+00 -4.93526E-03  1.15874E-02  1.14333E-02  2.01143E+00
  1.08500E+00 -4.78386E-03  1.13225E-02  1.11684E-02  2.01117E+00
  1.10000E+00 -4.63909E-03  1.10578E-02  1.09038E-02  2.01090E+00
  1.11500E+00 -4.50057E-03  1.07934E-02  1.06393E-02  2.01064E+00
  1.13000E+00 -4.36795E-03  1.05291E-02  1.03750E-02  2.01038E+00
  1.14000E+00 -4.28266E-03  1.03530E-02  1.01989E-02  2.01020E+00
  1.15000E+00 -4.19976E-03  1.01770E-02  1.00229E-02  2.01002E+00
  1.16000E+00 -4.11963E-03  1.00390E-02  9.88491E-03  2.00988E+00
  1.17000E+00 -4.04170E-03  9.90102E-03  9.74696E-03  2.00975E+00
  1.18500E+00 -3.92875E-03  9.69421E-03  9.54017E-03  2.00954E+00
  1.20000E+00 -3.82031E-03  9.48756E-03  9.33352E-03  2.00933E+00
  1.21500E+00 -3.71617E-03  9.28104E-03  9.12700E-03  2.00913E+00
  1.23000E+00 -3.61608E-03  9.07466E-03  8.92063E-03  2.00892E+00
  1.24200E+00 -3.53925E-03  8.90964E-03  8.75562E-03  2.00876E+00
  1.25400E+00 -3.46476E-03  8.74470E-03  8.59068E-03  2.00859E+00
  1.27000E+00 -3.36894E-03  8.57217E-03  8.41815E-03  2.00842E+00
  1.29000E+00 -3.25448E-03  8.35668E-03  8.20266E-03  2.00820E+00
  1.30500E+00 -3.17242E-03  8.19519E-03  8.04117E-03  2.00804E+00
  1.32000E+00 -3.09357E-03  8.03379E-03  7.87977E-03  2.00788E+00
  1.33500E+00 -3.01754E-03  7.87249E-03  7.71847E-03  2.00772E+00
  1.35000E+00 -2.94420E-03  7.71128E-03  7.55726E-03  2.00756E+00
  1.36500E+00 -2.87342E-03  7.55016E-03  7.39614E-03  2.00740E+00
  1.38000E+00 -2.80508E-03  7.38912E-03  7.23510E-03  2.00724E+00
  1.39500E+00 -2.73909E-03  7.26256E-03  7.10854E-03  2.00711E+00
  1.41000E+00 -2.67548E-03  7.13607E-03  6.98205E-03  2.00698E+00
  1.42500E+00 -2.61407E-03  7.00966E-03  6.85564E-03  2.00686E+00
  1.44000E+00 -2.55469E-03  6.88331E-03  6.72929E-03  2.00673E+00
  1.45500E+00 -2.49725E-03  6.75703E-03  6.60301E-03  2.00660E+00
  1.47000E+00 -2.44168E-03  6.63082E-03  6.47680E-03  2.00648E+00
  1.48500E+00 -2.38789E-03  6.50467E-03  6.35065E-03  2.00635E+00
  1.50000E+00 -2.33580E-03  6.37857E-03  6.22455E-03  2.00622E+00
  1.51500E+00 -2.28535E-03  6.29035E-03  6.13633E-03  2.00614E+00
  1.53000E+00 -2.23647E-03  6.20217E-03  6.04815E-03  2.00605E+00
  1.55000E+00 -2.17364E-03  6.08469E-03  5.93067E-03  2.00593E+00
  1.57000E+00 -2.11334E-03  5.96729E-03  5.81327E-03  2.00581E+00
  1.59000E+00 -2.05545E-03  5.84998E-03  5.69596E-03  2.00570E+00
  1.61000E+00 -1.99983E-03  5.73276E-03  5.57874E-03  2.00558E+00
  1.63000E+00 -1.94638E-03  5.61560E-03  5.46158E-03  2.00546E+00
  1.65000E+00 -1.89499E-03  5.49852E-03  5.34450E-03  2.00534E+00
  1.67000E+00 -1.84531E-03  5.38151E-03  5.22749E-03  2.00523E+00
  1.69000E+00 -1.79750E-03  5.26457E-03  5.11055E-03  2.00511E+00
  1.71000E+00 -1.75148E-03  5.14769E-03  4.99367E-03  2.00499E+00
  1.73000E+00 -1.70714E-03  5.03087E-03  4.87685E-03  2.00488E+00
  1.75000E+00 -1.66442E-03  4.91410E-03  4.76008E-03  2.00476E+00
  1.77000E+00 -1.62324E-03  4.79740E-03  4.64338E-03  2.00464E+00
  1.80000E+00 -1.56419E-03  4.62243E-03  4.46841E-03  2.00447E+00
  1.82000E+00 -1.52623E-03  4.54361E-03  4.38959E-03  2.00439E+00
  1.85000E+00 -1.47175E-03  4.42548E-03  4.27146E-03  2.00427E+00
  1.87000E+00 -1.43699E-03  4.34677E-03  4.19275E-03  2.00419E+00
  1.90000E+00 -1.38703E-03  4.22880E-03  4.07478E-03  2.00407E+00
  1.92000E+00 -1.35496E-03  4.15020E-03  3.99618E-03  2.00400E+00
  1.95000E+00 -1.30884E-03  4.03237E-03  3.87835E-03  2.00388E+00
  1.97000E+00 -1.27915E-03  3.95386E-03  3.79984E-03  2.00380E+00
  2.00000E+00 -1.23641E-03  3.83616E-03  3.68214E-03  2.00368E+00
  2.03000E+00 -1.19553E-03  3.75140E-03  3.59738E-03  2.00360E+00
  2.07000E+00 -1.14399E-03  3.63850E-03  3.48448E-03  2.00348E+00
  2.11000E+00 -1.09525E-03  3.52571E-03  3.37169E-03  2.00337E+00
  2.15000E+00 -1.04944E-03  3.41302E-03  3.25900E-03  2.00326E+00
  2.18000E+00 -1.01668E-03  3.32857E-03  3.17455E-03  2.00317E+00
  2.22000E+00 -9.75232E-04  3.21605E-03  3.06203E-03  2.00306E+00
  2.26000E+00 -9.35849E-04  3.10361E-03  2.94959E-03  2.00295E+00
  2.30000E+00 -8.98706E-04  2.99125E-03  2.83723E-03  2.00284E+00
  2.35000E+00 -8.54927E-04  2.89336E-03  2.73934E-03  2.00274E+00
  2.40000E+00 -8.14137E-04  2.79558E-03  2.64156E-03  2.00264E+00
  2.45000E+00 -7.75739E-04  2.69789E-03  2.54387E-03  2.00254E+00
  2.50000E+00 -7.39874E-04  2.60029E-03  2.44627E-03  2.00245E+00
  2.53000E+00 -7.19318E-04  2.54178E-03  2.38776E-03  2.00239E+00
  2.56000E+00 -6.99565E-04  2.48329E-03  2.32927E-03  2.00233E+00
  2.62100E+00 -6.61714E-04  2.36444E-03  2.21042E-03  2.00221E+00
  2.62200E+00 -6.61118E-04  2.36279E-03  2.20878E-03  2.00221E+00
  2.62300E+00 -6.60522E-04  2.36117E-03  2.20716E-03  2.00221E+00
  2.67000E+00 -6.33299E-04  2.29700E-03  2.14299E-03  2.00214E+00
  2.71000E+00 -6.11274E-04  2.24243E-03  2.08842E-03  2.00209E+00
  2.75000E+00 -5.90322E-04  2.18791E-03  2.03389E-03  2.00203E+00
  2.80000E+00 -5.65537E-04  2.11979E-03  1.96578E-03  2.00197E+00
  2.85000E+00 -5.42091E-04  2.05173E-03  1.89772E-03  2.00190E+00
  2.90000E+00 -5.19999E-04  1.98372E-03  1.82971E-03  2.00183E+00
  2.95000E+00 -4.99163E-04  1.91576E-03  1.76174E-03  2.00176E+00
  2.98000E+00 -4.87225E-04  1.87500E-03  1.72098E-03  2.00172E+00
  3.00000E+00 -4.79490E-04  1.84784E-03  1.69382E-03  2.00169E+00
  3.07000E+00 -4.53711E-04  1.79387E-03  1.63985E-03  2.00164E+00
  3.15000E+00 -4.26590E-04  1.73228E-03  1.57826E-03  2.00158E+00
  3.22000E+00 -4.04706E-04  1.67845E-03  1.52443E-03  2.00152E+00
  3.30000E+00 -3.81596E-04  1.61701E-03  1.46299E-03  2.00146E+00
  3.35000E+00 -3.68156E-04  1.57865E-03  1.42463E-03  2.00142E+00
  3.40000E+00 -3.55379E-04  1.54031E-03  1.38629E-03  2.00139E+00
  3.45000E+00 -3.43222E-04  1.50199E-03  1.34797E-03  2.00135E+00
  3.50000E+00 -3.31647E-04  1.46370E-03  1.30968E-03  2.00131E+00
  3.57000E+00 -3.16500E-04  1.41012E-03  1.25610E-03  2.00126E+00
  3.65000E+00 -3.00368E-04  1.34894E-03  1.19492E-03  2.00119E+00
  3.72000E+00 -2.87195E-04  1.29545E-03  1.14143E-03  2.00114E+00
  3.80000E+00 -2.73126E-04  1.23435E-03  1.08033E-03  2.00108E+00
  3.90000E+00 -2.57047E-04  1.15804E-03  1.00401E-03  2.00100E+00
  4.00000E+00 -2.42287E-04  1.08178E-03  9.27754E-04  2.00093E+00
  4.02000E+00 -2.39509E-04  1.07193E-03  9.17911E-04  2.00092E+00
  4.04000E+00 -2.36777E-04  1.06209E-03  9.08071E-04  2.00091E+00
  4.08600E+00 -2.30658E-04  1.03946E-03  8.85444E-04  2.00089E+00
  4.19000E+00 -2.17636E-04  1.00207E-03  8.48059E-04  2.00085E+00
  4.30000E+00 -2.04978E-04  9.62580E-04  8.08565E-04  2.00081E+00
  4.40000E+00 -1.94426E-04  9.26717E-04  7.72702E-04  2.00077E+00
  4.50000E+00 -1.84637E-04  8.90889E-04  7.36873E-04  2.00074E+00
  4.65000E+00 -1.71250E-04  8.37204E-04  6.83187E-04  2.00068E+00
  4.80000E+00 -1.59213E-04  7.83581E-04  6.29563E-04  2.00063E+00
  4.90000E+00 -1.51827E-04  7.47863E-04  5.93845E-04  2.00059E+00
  5.00000E+00 -1.44922E-04  7.12167E-04  5.58149E-04  2.00056E+00
  5.10000E+00 -1.38417E-04  6.88352E-04  5.34334E-04  2.00053E+00
  5.20000E+00 -1.32322E-04  6.64557E-04  5.10539E-04  2.00051E+00
  5.41472E+00 -1.20407E-04  6.13521E-04  4.59503E-04  2.00046E+00
  5.70000E+00 -1.06675E-04  5.61107E-04  4.07089E-04  2.00041E+00
  6.00000E+00 -9.44160E-05  5.06095E-04  3.52078E-04  2.00035E+00
  6.20000E+00 -8.72508E-05  4.77131E-04  3.23114E-04  2.00032E+00
  6.40384E+00 -8.06954E-05  4.47647E-04  2.93630E-04  2.00029E+00
  6.70000E+00 -7.23059E-05  4.13108E-04  2.59091E-04  2.00026E+00
  7.00000E+00 -6.50016E-05  3.78179E-04  2.24161E-04  2.00022E+00
  7.30000E+00 -5.87100E-05  3.52620E-04  1.98603E-04  2.00020E+00
  7.50000E+00 -5.49840E-05  3.35604E-04  1.81587E-04  2.00018E+00
  7.80000E+00 -5.00396E-05  3.10111E-04  1.56093E-04  2.00016E+00
  8.00000E+00 -4.70867E-05  2.93132E-04  1.39115E-04  2.00014E+00
  8.04778E+00 -4.64248E-05  2.89809E-04  1.35792E-04  2.00014E+00
  8.50000E+00 -4.07663E-05  2.63264E-04  1.09246E-04  2.00011E+00
  9.00000E+00 -3.56267E-05  2.33972E-04  7.99546E-05  2.00008E+00
  9.50000E+00 -3.13742E-05  2.12601E-04  5.85832E-05  2.00006E+00
  1.00000E+01 -2.77989E-05  1.91269E-04  3.72514E-05  2.00004E+00
  1.06000E+01 -2.42018E-05  1.72649E-04  1.86320E-05  2.00002E+00
  1.12200E+01 -2.11156E-05  1.53448E-04 -5.69440E-07  2.00000E+00
  1.21000E+01 -1.75837E-05  1.38075E-04 -1.59426E-05  1.99998E+00
  1.30000E+01 -1.47715E-05  1.22401E-04 -3.16168E-05  1.99997E+00
  1.40000E+01 -1.23464E-05  1.05028E-04 -4.89900E-05  1.99995E+00
  1.50000E+01 -1.04594E-05  8.76882E-05 -6.63293E-05  1.99993E+00
  1.62000E+01 -8.69430E-06  7.67977E-05 -7.72198E-05  1.99992E+00
  1.74790E+01 -7.24399E-06  6.52200E-05 -8.87975E-05  1.99991E+00
  2.00000E+01 -5.23395E-06  5.02266E-05 -1.03791E-04  1.99990E+00
  2.21630E+01 -4.08068E-06  4.11411E-05 -1.12876E-04  1.99989E+00
  2.74700E+01 -2.42680E-06  2.70796E-05 -1.26938E-04  1.99987E+00
  3.00000E+01 -1.96132E-06  2.28017E-05 -1.31216E-04  1.99987E+00
  3.60300E+01 -1.25817E-06  1.59389E-05 -1.38079E-04  1.99986E+00
  4.00000E+01 -9.76569E-07  1.29883E-05 -1.41029E-04  1.99986E+00
  4.60000E+01 -6.96160E-07  9.87471E-06 -1.44143E-04  1.99986E+00
  5.00000E+01 -5.68869E-07  8.38365E-06 -1.45634E-04  1.99985E+00
  5.75300E+01 -4.04953E-07  6.36333E-06 -1.47654E-04  1.99985E+00
  5.95400E+01 -3.72623E-07  5.94753E-06 -1.48070E-04  1.99985E+00
  6.00000E+01 -3.65739E-07  5.85808E-06 -1.48160E-04  1.99985E+00
  6.68300E+01 -2.82481E-07  4.73784E-06 -1.49280E-04  1.99985E+00
  7.00000E+01 -2.52794E-07  4.32460E-06 -1.49693E-04  1.99985E+00
  7.49600E+01 -2.14550E-07  3.77898E-06 -1.50239E-04  1.99985E+00
  7.71100E+01 -2.00495E-07  3.57415E-06 -1.50443E-04  1.99985E+00
  8.00000E+01 -1.83576E-07  3.32411E-06 -1.50694E-04  1.99985E+00
  9.00000E+01 -1.38438E-07  2.63506E-06 -1.51383E-04  1.99985E+00
  1.00000E+02 -1.07552E-07  2.14026E-06 -1.51878E-04  1.99985E+00
  1.45400E+02 -4.44769E-08  1.02059E-06 -1.52997E-04  1.99985E+00
  1.50000E+02 -4.13825E-08  9.59557E-07 -1.53057E-04  1.99985E+00
  2.00000E+02 -2.12596E-08  5.42436E-07 -1.53475E-04  1.99985E+00
  2.44700E+02 -1.37052E-08  3.63388E-07 -1.53654E-04  1.99985E+00
  2.79200E+02 -1.02852E-08  2.79601E-07 -1.53738E-04  1.99985E+00
  3.00000E+02 -8.79615E-09  2.42322E-07 -1.53776E-04  1.99985E+00
  3.16500E+02 -7.90610E-09  2.17796E-07 -1.53800E-04  1.99985E+00
  3.20100E+02 -7.72993E-09  2.12946E-07 -1.53805E-04  1.99985E+00
  3.44300E+02 -6.68515E-09  1.84184E-07 -1.53833E-04  1.99985E+00
  4.00000E+02 -4.95855E-09  1.36589E-07 -1.53881E-04  1.99985E+00
  4.11100E+02 -4.71990E-09  1.29318E-07 -1.53888E-04  1.99985E+00
  4.11800E+02 -4.70546E-09  1.28879E-07 -1.53889E-04  1.99985E+00
  4.44000E+02 -4.10848E-09  1.10899E-07 -1.53907E-04  1.99985E+00
  4.68050E+02 -3.73592E-09  9.98156E-08 -1.53918E-04  1.99985E+00
  5.00000E+02 -3.31680E-09  8.74674E-08 -1.53930E-04  1.99985E+00
  6.00000E+02 -2.48463E-09  6.07438E-08 -1.53956E-04  1.99985E+00
  6.61600E+02 -2.14139E-09  4.99344E-08 -1.53968E-04  1.99985E+00
  7.00000E+02 -1.98490E-09  4.45974E-08 -1.53973E-04  1.99985E+00
  7.23300E+02 -1.89938E-09  4.17670E-08 -1.53976E-04  1.99985E+00
  7.78900E+02 -1.71931E-09  3.60073E-08 -1.53982E-04  1.99985E+00
  8.00000E+02 -1.65859E-09  3.41247E-08 -1.53984E-04  1.99985E+00
  8.67400E+02 -1.51499E-09  2.90167E-08 -1.53989E-04  1.99985E+00
  8.89200E+02 -1.47346E-09  2.76120E-08 -1.53990E-04  1.99985E+00
  9.00000E+02 -1.45368E-09  2.69540E-08 -1.53991E-04  1.99985E+00
  9.64000E+02 -1.34607E-09  2.35074E-08 -1.53994E-04  1.99985E+00
  1.00000E+03 -1.29193E-09  2.18776E-08 -1.53996E-04  1.99985E+00
  1.00480E+03 -1.27415E-09  2.16787E-08 -1.53996E-04  1.99985E+00
  1.08580E+03 -1.08281E-09  1.85115E-08 -1.53999E-04  1.99985E+00
  1.12050E+03 -1.05152E-09  1.73567E-08 -1.54000E-04  1.99985E+00
  1.12110E+03 -1.05098E-09  1.73377E-08 -1.54000E-04  1.99985E+00
  1.17320E+03 -1.01211E-09  1.57986E-08 -1.54002E-04  1.99985E+00
  1.27450E+03 -9.62942E-10  1.33786E-08 -1.54004E-04  1.99985E+00
  1.33250E+03 -9.21646E-10  1.22389E-08 -1.54005E-04  1.99985E+00
  1.40800E+03 -8.71589E-10  1.09591E-08 -1.54007E-04  1.99985E+00
  1.50000E+03 -8.15830E-10  9.65063E-09 -1.54008E-04  1.99985E+00
  2.00000E+03 -6.14913E-10  5.40815E-09 -1.54012E-04  1.99985E+00
  3.00000E+03 -4.19751E-10  2.39080E-09 -1.54015E-04  1.99985E+00
  4.00000E+03 -3.21362E-10  1.33783E-09 -1.54016E-04  1.99985E+00
  5.00000E+03 -2.61124E-10  8.52457E-10 -1.54017E-04  1.99985E+00
  5.00001E+03 -2.61123E-10  8.52453E-10 -1.54017E-04  1.99985E+00
  6.00000E+03 -2.20198E-10  5.89794E-10 -1.54017E-04  1.99985E+00
  7.00000E+03 -1.90473E-10  4.31946E-10 -1.54017E-04  1.99985E+00
  8.00000E+03 -1.67876E-10  3.29790E-10 -1.54017E-04  1.99985E+00
  9.00000E+03 -1.50107E-10  2.59941E-10 -1.54017E-04  1.99985E+00
  1.00000E+04 -1.35732E-10  2.10083E-10 -1.54017E-04  1.99985E+00
 *** END OF DATA ***
 
