 TITLE = Anomalous Scattering Factors, 03_Li_asf
 # COLUMNS = 5
 LABEL 1 = photon energy, E (keV)
 LABEL 2 = g'' = -f''CL = -f2
 LABEL 3 = g'
 LABEL 4 = f'
 LABEL 5 = f1
 REMARK BEGIN = 03_Li_asf
   ASF: ANOMALOUS-SCATTERING-FACTOR CONVERTER, VERSION 9A, May 21, 1996.
   ASF: RUN TIME/DATA/MACHINE= 17:29:45 May 23, 1996 www-phys
   INPUT G' FILE=  /home/rayleigh/data/asf/gli0sl|m=RE
   INPUT G'' FILE= /home/rayleigh/data/asf/gli0sl|m=IM
   OUTPUT FILE=    03_Li_asf
   ASF: # G' VALUES FOUND IN INPUT G' FILE=      733
   ASF: # G'' VALUES FOUND IN INPUT G'' FILE=    820
   ASF: # EXPLICIT BOUND-BOUND TRANSITIONS=     54
   ASF: INPUT G'  FILE EKEVMIN, EKEVMAX=   0.00000E+00  1.00000E+04
   ASF: INPUT G'' FILE EKEVMIN, EKEVMAX=   0.00000E+00  1.00000E+04
       OUTPUT FILE EKEVMIN, EKEVMAX=       0.00000E+00  1.00000E+04
   ASF: RETAIN INPUT-FILE ENERGY GRID.
     # UNIQUE G'/G'' ENERGIES=   1011
 REMARK END = 03_Li_asf
      E (keV)          g''           g'           f'           f1
  0.00000E+00  0.00000E+00 -2.99917E+00 -2.99959E+00  4.10000E-04
  9.72926E-04  0.00000E+00 -3.25547E+00 -3.25589E+00 -2.55894E-01
  1.00000E-03  0.00000E+00 -3.27507E+00 -3.27549E+00 -2.75492E-01
  1.50000E-03  0.00000E+00 -4.11949E+00 -4.11991E+00 -1.11991E+00
  1.70000E-03  0.00000E+00 -5.45603E+00 -5.45645E+00 -2.45645E+00
  1.94585E-03  0.00000E+00 -7.16769E+02 -7.16770E+02 -7.13770E+02
  1.94640E-03 -1.18802E+03 -3.39686E+02 -3.39686E+02 -3.36686E+02
  1.94689E-03 -2.24644E+03 -2.43655E+00 -2.43697E+00  5.63028E-01
  1.94793E-03  0.00000E+00  7.11896E+02  7.11896E+02  7.14896E+02
  2.00000E-03  0.00000E+00  1.15535E+01  1.15531E+01  1.45531E+01
  2.94008E-03  0.00000E+00 -1.66625E+00 -1.66667E+00  1.33333E+00
  3.00000E-03  0.00000E+00 -1.70849E+00 -1.70891E+00  1.29109E+00
  3.93223E-03  0.00000E+00 -6.81343E+00 -6.81385E+00 -3.81385E+00
  3.93331E-03 -1.50252E+01 -2.02639E+00 -2.02681E+00  9.73191E-01
  3.93439E-03  0.00000E+00  2.72138E+00  2.72096E+00  5.72096E+00
  3.95835E-03  0.00000E+00 -1.83968E+00 -1.84010E+00  1.15990E+00
  3.98232E-03  0.00000E+00 -1.94892E+00 -1.94934E+00  1.05066E+00
  3.98340E-03 -1.09827E-02 -1.94793E+00 -1.94835E+00  1.05165E+00
  3.98448E-03  0.00000E+00 -1.94685E+00 -1.94727E+00  1.05273E+00
  4.00000E-03  0.00000E+00 -1.97689E+00 -1.97731E+00  1.02269E+00
  4.30315E-03  0.00000E+00 -2.10649E+00 -2.10691E+00  8.93086E-01
  4.62182E-03  0.00000E+00 -8.78375E+00 -8.78417E+00 -5.78417E+00
  4.62291E-03 -2.08610E+01 -2.16734E+00 -2.16776E+00  8.32242E-01
  4.62401E-03  0.00000E+00  4.46548E+00  4.46506E+00  7.46506E+00
  4.78127E-03  0.00000E+00 -2.14752E+00 -2.14794E+00  8.52057E-01
  4.93854E-03  0.00000E+00 -6.61707E+00 -6.61749E+00 -3.61749E+00
  4.93964E-03 -1.39745E+01 -2.16538E+00 -2.16580E+00  8.34197E-01
  4.94074E-03  0.00000E+00  2.25187E+00  2.25145E+00  5.25145E+00
  5.00000E-03  0.00000E+00 -2.12417E+00 -2.12459E+00  8.75412E-01
  5.02518E-03  0.00000E+00 -2.16412E+00 -2.16454E+00  8.35458E-01
  5.10962E-03  0.00000E+00 -5.05795E+00 -5.05837E+00 -2.05837E+00
  5.11072E-03 -9.03418E+00 -2.18880E+00 -2.18922E+00  8.10781E-01
  5.11182E-03  0.00000E+00  6.80340E-01  6.79920E-01  3.67992E+00
  5.16209E-03  0.00000E+00 -2.17256E+00 -2.17298E+00  8.27018E-01
  5.21235E-03  0.00000E+00 -4.10636E+00 -4.10678E+00 -1.10678E+00
  5.21346E-03 -6.02512E+00 -2.18861E+00 -2.18903E+00  8.10969E-01
  5.21456E-03  0.00000E+00 -2.78991E-01 -2.79411E-01  2.72059E+00
  5.24669E-03  0.00000E+00 -2.17765E+00 -2.17807E+00  8.21928E-01
  5.27882E-03  0.00000E+00 -3.51841E+00 -3.51883E+00 -5.18827E-01
  5.27993E-03 -4.17501E+00 -2.19659E+00 -2.19702E+00  8.02979E-01
  5.28104E-03  0.00000E+00 -8.74801E-01 -8.75221E-01  2.12478E+00
  5.30266E-03  0.00000E+00 -2.18107E+00 -2.18149E+00  8.18509E-01
  5.32428E-03  0.00000E+00 -3.14609E+00 -3.14651E+00 -1.46514E-01
  5.32539E-03 -2.99632E+00 -2.19804E+00 -2.19846E+00  8.01541E-01
  5.32650E-03  0.00000E+00 -1.25001E+00 -1.25043E+00  1.74957E+00
  5.34162E-03  0.00000E+00 -2.18347E+00 -2.18389E+00  8.16109E-01
  5.35674E-03  0.00000E+00 -2.89884E+00 -2.89926E+00  1.00741E-01
  5.35785E-03 -2.21654E+00 -2.19885E+00 -2.19927E+00  8.00729E-01
  5.35896E-03  0.00000E+00 -1.49891E+00 -1.49933E+00  1.50067E+00
  5.36983E-03  0.00000E+00 -2.18516E+00 -2.18558E+00  8.14417E-01
  5.38071E-03  0.00000E+00 -2.72868E+00 -2.72910E+00  2.70900E-01
  5.38182E-03 -1.68271E+00 -2.19923E+00 -2.19965E+00  8.00352E-01
  5.38293E-03  0.00000E+00 -1.66986E+00 -1.67028E+00  1.32972E+00
  5.39092E-03  0.00000E+00 -2.18642E+00 -2.18684E+00  8.13159E-01
  5.39892E-03  0.00000E+00 -2.60776E+00 -2.60818E+00  3.91819E-01
  5.40003E-03 -1.30602E+00 -2.19937E+00 -2.19979E+00  8.00210E-01
  5.40114E-03  0.00000E+00 -1.79112E+00 -1.79154E+00  1.20846E+00
  5.40711E-03  0.00000E+00 -2.18747E+00 -2.18789E+00  8.12110E-01
  5.41308E-03  0.00000E+00 -2.51930E+00 -2.51972E+00  4.80283E-01
  5.41419E-03 -1.03314E+00 -2.19937E+00 -2.19980E+00  8.00201E-01
  5.41530E-03  0.00000E+00 -1.87964E+00 -1.88006E+00  1.11994E+00
  5.41980E-03  0.00000E+00 -2.18812E+00 -2.18854E+00  8.11459E-01
  5.42431E-03  0.00000E+00 -2.45274E+00 -2.45316E+00  5.46837E-01
  5.42542E-03 -8.30856E-01 -2.19857E+00 -2.19899E+00  8.01007E-01
  5.42653E-03  0.00000E+00 -1.94684E+00 -1.94726E+00  1.05274E+00
  5.42994E-03  0.00000E+00 -2.18877E+00 -2.18919E+00  8.10814E-01
  5.43335E-03  0.00000E+00 -2.40138E+00 -2.40180E+00  5.98199E-01
  5.43446E-03 -6.77869E-01 -2.19899E+00 -2.19941E+00  8.00594E-01
  5.43557E-03  0.00000E+00 -1.99698E+00 -1.99740E+00  1.00260E+00
  5.43816E-03  0.00000E+00 -2.18904E+00 -2.18947E+00  8.10528E-01
  5.44075E-03  0.00000E+00 -2.36076E+00 -2.36118E+00  6.38823E-01
  5.44186E-03 -5.60098E-01 -2.19868E+00 -2.19910E+00  8.00899E-01
  5.44297E-03  0.00000E+00 -2.03715E+00 -2.03757E+00  9.62428E-01
  5.44492E-03  0.00000E+00 -2.18903E+00 -2.18945E+00  8.10551E-01
  5.44688E-03  0.00000E+00 -2.32775E+00 -2.32817E+00  6.71826E-01
  5.44799E-03 -4.68007E-01 -2.19831E+00 -2.19874E+00  8.01257E-01
  5.44910E-03  0.00000E+00 -2.06963E+00 -2.07005E+00  9.29947E-01
  5.45055E-03  0.00000E+00 -2.18902E+00 -2.18944E+00  8.10564E-01
  5.45201E-03  0.00000E+00 -2.30010E+00 -2.30052E+00  6.99483E-01
  5.45312E-03 -3.94981E-01 -2.19774E+00 -2.19816E+00  8.01843E-01
  5.45423E-03  0.00000E+00 -2.09641E+00 -2.09683E+00  9.03172E-01
  5.45529E-03  0.00000E+00 -2.18910E+00 -2.18952E+00  8.10483E-01
  5.45635E-03  0.00000E+00 -2.27625E+00 -2.27667E+00  7.23331E-01
  5.45746E-03 -3.36352E-01 -2.19692E+00 -2.19734E+00  8.02661E-01
  5.45857E-03  0.00000E+00 -2.11892E+00 -2.11934E+00  8.80661E-01
  5.45931E-03  0.00000E+00 -2.18812E+00 -2.18854E+00  8.11464E-01
  5.46006E-03  0.00000E+00 -2.25481E+00 -2.25523E+00  7.44766E-01
  5.46117E-03 -2.88748E-01 -2.19520E+00 -2.19562E+00  8.04376E-01
  5.46228E-03  0.00000E+00 -2.13640E+00 -2.13682E+00  8.63183E-01
  5.46284E-03  0.00000E+00 -2.18992E+00 -2.19034E+00  8.09662E-01
  5.46340E-03  0.00000E+00 -2.24154E+00 -2.24196E+00  7.58036E-01
  5.46451E-03 -2.49929E-01 -2.19904E+00 -2.19946E+00  8.00535E-01
  5.46562E-03  0.00000E+00 -2.16065E+00 -2.16107E+00  8.38932E-01
  5.46588E-03  0.00000E+00 -2.18959E+00 -2.19001E+00  8.09992E-01
  5.46614E-03  0.00000E+00 -2.21793E+00 -2.21835E+00  7.81649E-01
  5.46725E-03 -2.17771E-01 -2.19329E+00 -2.19372E+00  8.06283E-01
  5.46836E-03  0.00000E+00 -2.16452E+00 -2.16494E+00  8.35057E-01
  5.46894E-03  0.00000E+00 -2.21738E+00 -2.21780E+00  7.82202E-01
  5.46952E-03  0.00000E+00 -2.27776E+00 -2.27818E+00  7.21820E-01
  5.47063E-03 -3.59206E-01 -2.19357E+00 -2.19399E+00  8.06011E-01
  5.47174E-03  0.00000E+00 -2.10894E+00 -2.10936E+00  8.90639E-01
  5.47250E-03  0.00000E+00 -2.18220E+00 -2.18262E+00  8.17376E-01
  5.47326E-03  0.00000E+00 -2.24992E+00 -2.25034E+00  7.49660E-01
  5.47437E-03 -2.81884E-01 -2.19477E+00 -2.19519E+00  8.04807E-01
  5.47548E-03  0.00000E+00 -2.14238E+00 -2.14280E+00  8.57200E-01
  5.47585E-03  0.00000E+00 -2.18221E+00 -2.18263E+00  8.17372E-01
  5.47621E-03  0.00000E+00 -2.21962E+00 -2.22004E+00  7.79956E-01
  5.47732E-03 -2.25287E-01 -2.19137E+00 -2.19179E+00  8.08214E-01
  5.47843E-03  0.00000E+00 -2.16410E+00 -2.16452E+00  8.35478E-01
  5.47873E-03  0.00000E+00 -2.19645E+00 -2.19687E+00  8.03126E-01
  5.47904E-03  0.00000E+00 -2.23070E+00 -2.23112E+00  7.68879E-01
  5.48015E-03 -2.61718E-01 -2.18825E+00 -2.18867E+00  8.11331E-01
  5.48126E-03  0.00000E+00 -2.14500E+00 -2.14542E+00  8.54575E-01
  5.48164E-03  0.00000E+00 -2.18541E+00 -2.18583E+00  8.14172E-01
  5.48201E-03  0.00000E+00 -2.22450E+00 -2.22492E+00  7.75084E-01
  5.48312E-03 -2.52110E-01 -2.18530E+00 -2.18572E+00  8.14276E-01
  5.48423E-03  0.00000E+00 -2.14731E+00 -2.14773E+00  8.52266E-01
  5.48447E-03  0.00000E+00 -2.17443E+00 -2.17485E+00  8.25149E-01
  5.48472E-03  0.00000E+00 -2.20179E+00 -2.20222E+00  7.97776E-01
  5.48583E-03 -2.17167E-01 -2.17857E+00 -2.17899E+00  8.21011E-01
  5.48694E-03  0.00000E+00 -2.15740E+00 -2.15782E+00  8.42183E-01
  5.48706E-03  0.00000E+00 -2.17164E+00 -2.17206E+00  8.27937E-01
  5.48718E-03  0.00000E+00 -2.18584E+00 -2.18626E+00  8.13736E-01
  5.48829E-03 -2.11925E-01 -2.16421E+00 -2.16463E+00  8.35372E-01
  5.48940E-03  0.00000E+00 -2.13524E+00 -2.13566E+00  8.64342E-01
  5.48946E-03  0.00000E+00 -2.14116E+00 -2.14158E+00  8.58424E-01
  5.48951E-03  0.00000E+00 -2.14615E+00 -2.14657E+00  8.53434E-01
  5.49062E-03 -1.20983E-01 -2.15308E+00 -2.15350E+00  8.46501E-01
  5.49173E-03  0.00000E+00 -2.13949E+00 -2.13991E+00  8.60093E-01
  5.49240E-03  0.00000E+00 -2.16610E+00 -2.16652E+00  8.33477E-01
  5.49300E-03  0.00000E+00 -2.18246E+00 -2.18288E+00  8.17120E-01
  5.49400E-03  0.00000E+00 -2.20542E+00 -2.20584E+00  7.94163E-01
  5.49500E-03  0.00000E+00 -2.22974E+00 -2.23016E+00  7.69839E-01
  5.49600E-03  0.00000E+00 -2.26229E+00 -2.26271E+00  7.37290E-01
  5.49700E-03 -9.50030E-02 -2.28966E+00 -2.29008E+00  7.09918E-01
  5.49800E-03 -9.50470E-02 -2.24745E+00 -2.24787E+00  7.52127E-01
  5.49900E-03 -9.50911E-02 -2.23604E+00 -2.23646E+00  7.63540E-01
  5.50000E-03 -9.51352E-02 -2.22947E+00 -2.22989E+00  7.70115E-01
  5.50100E-03 -9.51793E-02 -2.22509E+00 -2.22551E+00  7.74488E-01
  5.50200E-03 -9.52234E-02 -2.22195E+00 -2.22237E+00  7.77627E-01
  5.50300E-03 -9.52675E-02 -2.21957E+00 -2.21999E+00  7.80008E-01
  5.50450E-03 -9.53337E-02 -2.21692E+00 -2.21734E+00  7.82661E-01
  5.50600E-03 -9.54000E-02 -2.21497E+00 -2.21539E+00  7.84609E-01
  5.50900E-03 -9.55326E-02 -2.21231E+00 -2.21273E+00  7.87273E-01
  5.51300E-03 -9.57094E-02 -2.21012E+00 -2.21054E+00  7.89461E-01
  5.51600E-03 -9.58423E-02 -2.20904E+00 -2.20946E+00  7.90535E-01
  5.52000E-03 -9.60195E-02 -2.20803E+00 -2.20845E+00  7.91552E-01
  5.52700E-03 -9.63305E-02 -2.20691E+00 -2.20733E+00  7.92671E-01
  5.53500E-03 -9.66860E-02 -2.20619E+00 -2.20661E+00  7.93388E-01
  5.55000E-03 -9.73553E-02 -2.20556E+00 -2.20598E+00  7.94019E-01
  5.56000E-03 -9.77862E-02 -2.20541E+00 -2.20583E+00  7.94172E-01
  5.57000E-03 -9.82172E-02 -2.20536E+00 -2.20578E+00  7.94220E-01
  5.60000E-03 -9.95186E-02 -2.20555E+00 -2.20597E+00  7.94033E-01
  5.62000E-03 -1.00335E-01 -2.20582E+00 -2.20624E+00  7.93759E-01
  5.65000E-03 -1.01560E-01 -2.20634E+00 -2.20676E+00  7.93241E-01
  5.70000E-03 -1.03629E-01 -2.20730E+00 -2.20772E+00  7.92277E-01
  5.77000E-03 -1.06440E-01 -2.20863E+00 -2.20905E+00  7.90949E-01
  5.85000E-03 -1.09561E-01 -2.21006E+00 -2.21048E+00  7.89518E-01
  5.92000E-03 -1.12261E-01 -2.21153E+00 -2.21195E+00  7.88055E-01
  6.00000E-03 -1.15178E-01 -2.21227E+00 -2.21269E+00  7.87313E-01
  6.10000E-03 -1.18768E-01 -2.21372E+00 -2.21414E+00  7.85857E-01
  6.20000E-03 -1.22182E-01 -2.21437E+00 -2.21479E+00  7.85209E-01
  6.27000E-03 -1.24473E-01 -2.21511E+00 -2.21553E+00  7.84470E-01
  6.35000E-03 -1.27044E-01 -2.21565E+00 -2.21607E+00  7.83931E-01
  6.42000E-03 -1.29232E-01 -2.21589E+00 -2.21631E+00  7.83688E-01
  6.50000E-03 -1.31636E-01 -2.21595E+00 -2.21637E+00  7.83635E-01
  6.60000E-03 -1.34507E-01 -2.21634E+00 -2.21676E+00  7.83237E-01
  6.70000E-03 -1.37263E-01 -2.21646E+00 -2.21688E+00  7.83119E-01
  6.85000E-03 -1.41174E-01 -2.21620E+00 -2.21662E+00  7.83385E-01
  7.00000E-03 -1.44848E-01 -2.21548E+00 -2.21590E+00  7.84100E-01
  7.10000E-03 -1.47156E-01 -2.21512E+00 -2.21554E+00  7.84463E-01
  7.20000E-03 -1.49353E-01 -2.21460E+00 -2.21502E+00  7.84976E-01
  7.35000E-03 -1.52447E-01 -2.21358E+00 -2.21400E+00  7.85999E-01
  7.50000E-03 -1.55317E-01 -2.21229E+00 -2.21271E+00  7.87290E-01
  7.60000E-03 -1.57122E-01 -2.21154E+00 -2.21196E+00  7.88039E-01
  7.70000E-03 -1.58834E-01 -2.21070E+00 -2.21112E+00  7.88884E-01
  7.85000E-03 -1.61252E-01 -2.20926E+00 -2.20968E+00  7.90317E-01
  8.00000E-03 -1.63491E-01 -2.20765E+00 -2.20807E+00  7.91929E-01
  8.10000E-03 -1.64887E-01 -2.20677E+00 -2.20719E+00  7.92806E-01
  8.20000E-03 -1.66210E-01 -2.20583E+00 -2.20625E+00  7.93748E-01
  8.35000E-03 -1.68066E-01 -2.20430E+00 -2.20472E+00  7.95278E-01
  8.50000E-03 -1.69771E-01 -2.20264E+00 -2.20306E+00  7.96935E-01
  8.60000E-03 -1.70826E-01 -2.20148E+00 -2.20190E+00  7.98105E-01
  8.70000E-03 -1.71819E-01 -2.20026E+00 -2.20068E+00  7.99323E-01
  8.85000E-03 -1.73143E-01 -2.19835E+00 -2.19877E+00  8.01235E-01
  9.00000E-03 -1.74455E-01 -2.19634E+00 -2.19676E+00  8.03241E-01
  9.20000E-03 -1.75949E-01 -2.19409E+00 -2.19451E+00  8.05494E-01
  9.50000E-03 -1.77825E-01 -2.19045E+00 -2.19087E+00  8.09129E-01
  9.70000E-03 -1.78858E-01 -2.18823E+00 -2.18865E+00  8.11349E-01
  9.85000E-03 -1.79529E-01 -2.18650E+00 -2.18692E+00  8.13085E-01
  9.93000E-03 -1.79843E-01 -2.18555E+00 -2.18597E+00  8.14033E-01
  1.00000E-02 -1.80116E-01 -2.18470E+00 -2.18512E+00  8.14876E-01
  1.02000E-02 -1.80778E-01 -2.18269E+00 -2.18311E+00  8.16885E-01
  1.04000E-02 -1.81284E-01 -2.18060E+00 -2.18102E+00  8.18978E-01
  1.06000E-02 -1.81712E-01 -2.17843E+00 -2.17885E+00  8.21146E-01
  1.08000E-02 -1.82000E-01 -2.17620E+00 -2.17662E+00  8.23383E-01
  1.11000E-02 -1.82269E-01 -2.17345E+00 -2.17387E+00  8.26128E-01
  1.15000E-02 -1.82292E-01 -2.16960E+00 -2.17002E+00  8.29977E-01
  1.19000E-02 -1.81972E-01 -2.16647E+00 -2.16689E+00  8.33114E-01
  1.23000E-02 -1.81402E-01 -2.16317E+00 -2.16359E+00  8.36407E-01
  1.26000E-02 -1.80797E-01 -2.16127E+00 -2.16169E+00  8.38311E-01
  1.30000E-02 -1.79852E-01 -2.15863E+00 -2.15905E+00  8.40951E-01
  1.35000E-02 -1.78455E-01 -2.15624E+00 -2.15666E+00  8.43342E-01
  1.40000E-02 -1.76795E-01 -2.15372E+00 -2.15414E+00  8.45859E-01
  1.45000E-02 -1.74977E-01 -2.15227E+00 -2.15269E+00  8.47315E-01
  1.50000E-02 -1.73021E-01 -2.15073E+00 -2.15115E+00  8.48854E-01
  1.57000E-02 -1.70100E-01 -2.15026E+00 -2.15068E+00  8.49322E-01
  1.65000E-02 -1.66557E-01 -2.14961E+00 -2.15003E+00  8.49969E-01
  1.73000E-02 -1.62895E-01 -2.15106E+00 -2.15148E+00  8.48517E-01
  1.80000E-02 -1.59637E-01 -2.15230E+00 -2.15272E+00  8.47279E-01
  1.90000E-02 -1.54946E-01 -2.15606E+00 -2.15648E+00  8.43516E-01
  2.00000E-02 -1.50268E-01 -2.16134E+00 -2.16176E+00  8.38242E-01
  2.15000E-02 -1.43397E-01 -2.17201E+00 -2.17244E+00  8.27564E-01
  2.30000E-02 -1.36780E-01 -2.18588E+00 -2.18630E+00  8.13699E-01
  2.40000E-02 -1.32522E-01 -2.19686E+00 -2.19728E+00  8.02721E-01
  2.50000E-02 -1.28398E-01 -2.20926E+00 -2.20968E+00  7.90315E-01
  2.58000E-02 -1.25204E-01 -2.22055E+00 -2.22097E+00  7.79029E-01
  2.65000E-02 -1.22488E-01 -2.23057E+00 -2.23099E+00  7.69012E-01
  2.73000E-02 -1.19472E-01 -2.24361E+00 -2.24403E+00  7.55975E-01
  2.80000E-02 -1.16907E-01 -2.25518E+00 -2.25560E+00  7.44397E-01
  2.90000E-02 -1.13362E-01 -2.27352E+00 -2.27394E+00  7.26058E-01
  3.00000E-02 -1.09956E-01 -2.29351E+00 -2.29393E+00  7.06071E-01
  3.02000E-02 -1.09283E-01 -2.29773E+00 -2.29815E+00  7.01849E-01
  3.04000E-02 -1.08618E-01 -2.30197E+00 -2.30239E+00  6.97608E-01
  3.06000E-02 -1.07962E-01 -2.30635E+00 -2.30677E+00  6.93229E-01
  3.08942E-02 -1.07011E-01 -2.31283E+00 -2.31325E+00  6.86752E-01
  3.19000E-02 -1.03852E-01 -2.33628E+00 -2.33670E+00  6.63300E-01
  3.30000E-02 -1.00552E-01 -2.36416E+00 -2.36458E+00  6.35417E-01
  3.40000E-02 -9.76640E-02 -2.39168E+00 -2.39210E+00  6.07898E-01
  3.50000E-02 -9.48880E-02 -2.42146E+00 -2.42188E+00  5.78122E-01
  3.57000E-02 -9.29996E-02 -2.44423E+00 -2.44465E+00  5.55346E-01
  3.65000E-02 -9.09308E-02 -2.47082E+00 -2.47124E+00  5.28755E-01
  3.73000E-02 -8.89110E-02 -2.50023E+00 -2.50065E+00  4.99347E-01
  3.80000E-02 -8.72146E-02 -2.52658E+00 -2.52700E+00  4.72999E-01
  3.90000E-02 -8.48610E-02 -2.56782E+00 -2.56824E+00  4.31755E-01
  4.00000E-02 -8.25988E-02 -2.61280E+00 -2.61322E+00  3.86785E-01
  4.07000E-02 -8.10490E-02 -2.64677E+00 -2.64719E+00  3.52813E-01
  4.15000E-02 -7.93446E-02 -2.68841E+00 -2.68883E+00  3.11168E-01
  4.22000E-02 -7.79087E-02 -2.72759E+00 -2.72801E+00  2.71993E-01
  4.30000E-02 -7.63275E-02 -2.77579E+00 -2.77621E+00  2.23791E-01
  4.40000E-02 -7.43914E-02 -2.84210E+00 -2.84252E+00  1.57478E-01
  4.45000E-02 -7.34689E-02 -2.87807E+00 -2.87849E+00  1.21510E-01
  4.50000E-02 -7.25463E-02 -2.91621E+00 -2.91663E+00  8.33740E-02
  4.57000E-02 -7.12750E-02 -2.97359E+00 -2.97401E+00  2.59867E-02
  4.65000E-02 -6.98723E-02 -3.04582E+00 -3.04624E+00 -4.62449E-02
  4.72000E-02 -6.86867E-02 -3.11584E+00 -3.11626E+00 -1.16258E-01
  4.80000E-02 -6.73771E-02 -3.20528E+00 -3.20570E+00 -2.05705E-01
  4.85000E-02 -6.65754E-02 -3.26726E+00 -3.26768E+00 -2.67684E-01
  4.90000E-02 -6.57737E-02 -3.33481E+00 -3.33523E+00 -3.35232E-01
  4.95000E-02 -6.50066E-02 -3.40888E+00 -3.40930E+00 -4.09302E-01
  5.00000E-02 -6.42396E-02 -3.49068E+00 -3.49110E+00 -4.91100E-01
  5.05000E-02 -6.34943E-02 -3.58179E+00 -3.58221E+00 -5.82209E-01
  5.10000E-02 -6.27490E-02 -3.68431E+00 -3.68473E+00 -6.84725E-01
  5.15000E-02 -6.20349E-02 -3.80111E+00 -3.80153E+00 -8.01534E-01
  5.20000E-02 -6.13209E-02 -3.93627E+00 -3.93669E+00 -9.36687E-01
  5.26000E-02 -6.05005E-02 -4.13132E+00 -4.13174E+00 -1.13174E+00
  5.32000E-02 -5.96801E-02 -4.37872E+00 -4.37914E+00 -1.37914E+00
  5.34000E-02 -5.94157E-02 -4.47770E+00 -4.47812E+00 -1.47812E+00
  5.37000E-02 -5.90191E-02 -4.64740E+00 -4.64782E+00 -1.64782E+00
  5.40000E-02 -5.86225E-02 -4.85049E+00 -4.85091E+00 -1.85091E+00
  5.43000E-02 -5.82259E-02 -5.10067E+00 -5.10109E+00 -2.10109E+00
  5.46000E-02 -5.78446E-02 -5.42086E+00 -5.42128E+00 -2.42128E+00
  5.48000E-02 -5.75904E-02 -5.69264E+00 -5.69306E+00 -2.69306E+00
  5.50000E-02 -5.73362E-02 -6.03482E+00 -6.03524E+00 -3.03524E+00
  5.53000E-02 -5.69549E-02 -6.76884E+00 -6.76926E+00 -3.76926E+00
  5.55000E-02 -5.67086E-02 -7.53024E+00 -7.53066E+00 -4.53066E+00
  5.58000E-02 -5.63393E-02 -9.72059E+00 -9.72101E+00 -6.72101E+00
  5.60000E-02 -5.60930E-02 -1.34985E+01 -1.34989E+01 -1.04989E+01
  5.62967E-02 -5.57277E-02 -1.29238E+03 -1.29238E+03 -1.28938E+03
  5.62978E-02 -2.12645E+03 -6.32324E+02 -6.32324E+02 -6.29324E+02
  5.62988E-02 -4.05954E+03 -2.44726E+01 -2.44731E+01 -2.14731E+01
  5.63010E-02 -5.57226E-02  1.26325E+03  1.26325E+03  1.26625E+03
  5.66000E-02 -5.53680E-02  4.46360E+00  4.46318E+00  7.46318E+00
  5.68000E-02 -5.51307E-02  6.67348E-01  6.66928E-01  3.66693E+00
  5.70000E-02 -5.48935E-02 -1.08365E+00 -1.08407E+00  1.91593E+00
  5.72920E-02 -5.45472E-02 -2.59793E+00 -2.59835E+00  4.01654E-01
  5.74000E-02 -5.44233E-02 -3.04532E+00 -3.04574E+00 -4.57371E-02
  5.75000E-02 -5.43087E-02 -3.44768E+00 -3.44810E+00 -4.48095E-01
  5.76500E-02 -5.41366E-02 -4.07939E+00 -4.07981E+00 -1.07981E+00
  5.78000E-02 -5.39646E-02 -4.84092E+00 -4.84134E+00 -1.84134E+00
  5.79000E-02 -5.38499E-02 -5.52512E+00 -5.52554E+00 -2.52554E+00
  5.80000E-02 -5.37353E-02 -6.53935E+00 -6.53977E+00 -3.53977E+00
  5.81400E-02 -5.35747E-02 -9.82953E+00 -9.82995E+00 -6.82995E+00
  5.82830E-02 -5.34107E-02 -4.06111E+02 -4.06112E+02 -4.03112E+02
  5.82841E-02 -6.41577E+02 -2.11511E+02 -2.11511E+02 -2.08511E+02
  5.82852E-02 -1.28310E+03 -4.07598E+00 -4.07640E+00 -1.07640E+00
  5.82874E-02 -5.34059E-02  3.97959E+02  3.97959E+02  4.00959E+02
  5.83900E-02 -5.32912E-02  4.08564E+00  4.08522E+00  7.08522E+00
  5.85000E-02 -5.31682E-02 -5.84819E-01 -5.85239E-01  2.41476E+00
  5.85600E-02 -5.31012E-02 -1.71408E+00 -1.71450E+00  1.28550E+00
  5.86300E-02 -5.30229E-02 -2.69508E+00 -2.69550E+00  3.04500E-01
  5.87100E-02 -5.29347E-02 -3.68745E+00 -3.68787E+00 -6.87870E-01
  5.88000E-02 -5.28354E-02 -5.01497E+00 -5.01539E+00 -2.01539E+00
  5.88900E-02 -5.27361E-02 -7.84286E+00 -7.84328E+00 -4.84328E+00
  5.89726E-02 -5.26450E-02 -1.76107E+02 -1.76108E+02 -1.73108E+02
  5.89737E-02 -2.73154E+02 -9.16211E+01 -9.16215E+01 -8.86215E+01
  5.89748E-02 -5.46256E+02 -3.87916E+00 -3.87958E+00 -8.79581E-01
  5.89770E-02 -5.26402E-02  1.68349E+02  1.68348E+02  1.71348E+02
  5.90600E-02 -5.25495E-02 -2.87584E-02 -2.91784E-02  2.97082E+00
  5.91332E-02 -5.24696E-02 -2.81105E+00 -2.81147E+00  1.88533E-01
  5.91700E-02 -5.24296E-02 -3.82048E+00 -3.82090E+00 -8.20904E-01
  5.92100E-02 -5.23862E-02 -5.15928E+00 -5.15970E+00 -2.15970E+00
  5.92500E-02 -5.23427E-02 -7.94706E+00 -7.94748E+00 -4.94748E+00
  5.92894E-02 -5.22999E-02 -9.20549E+01 -9.20553E+01 -8.90553E+01
  5.92916E-02 -2.79912E+02 -2.42619E+00 -2.42661E+00  5.73391E-01
  5.92938E-02 -5.22952E-02  8.34049E+01  8.34045E+01  8.64045E+01
  5.93400E-02 -5.22452E-02 -4.25316E-01 -4.25736E-01  2.57426E+00
  5.93771E-02 -5.22051E-02 -2.89853E+00 -2.89895E+00  1.01050E-01
  5.94200E-02 -5.21589E-02 -5.41571E+00 -5.41613E+00 -2.41613E+00
  5.94604E-02 -5.21153E-02 -5.48922E+01 -5.48926E+01 -5.18926E+01
  5.94626E-02 -1.61839E+02 -3.69358E+00 -3.69400E+00 -6.94002E-01
  5.94648E-02 -5.21106E-02  4.75046E+01  4.75042E+01  5.05042E+01
  5.94900E-02 -5.20835E-02 -2.39862E-01 -2.40282E-01  2.75972E+00
  5.95140E-02 -5.20577E-02 -2.96351E+00 -2.96393E+00  3.60736E-02
  5.95400E-02 -5.20298E-02 -5.54785E+00 -5.54827E+00 -2.54827E+00
  5.95632E-02 -5.20049E-02 -3.58255E+01 -3.58259E+01 -3.28259E+01
  5.95654E-02 -1.01794E+02 -3.64515E+00 -3.64557E+00 -6.45566E-01
  5.95676E-02 -5.20002E-02  2.85343E+01  2.85339E+01  3.15339E+01
  5.95830E-02 -5.19837E-02 -2.89340E-01 -2.89760E-01  2.71024E+00
  5.95986E-02 -5.19670E-02 -3.01068E+00 -3.01110E+00 -1.11028E-02
  5.96140E-02 -5.19505E-02 -5.32053E+00 -5.32095E+00 -2.32095E+00
  5.96296E-02 -5.19338E-02 -2.50796E+01 -2.50800E+01 -2.20800E+01
  5.96318E-02 -6.81181E+01 -3.60173E+00 -3.60215E+00 -6.02153E-01
  5.96340E-02 -5.19291E-02  1.78743E+01  1.78739E+01  2.08739E+01
  5.96545E-02 -5.19071E-02 -3.03808E+00 -3.03850E+00 -3.84963E-02
  5.96751E-02 -5.18852E-02 -1.85613E+01 -1.85618E+01 -1.55618E+01
  5.96773E-02 -4.77985E+01 -3.57282E+00 -3.57324E+00 -5.73244E-01
  5.96795E-02 -5.18805E-02  1.14124E+01  1.14120E+01  1.44120E+01
  5.96935E-02 -5.18655E-02 -3.06546E+00 -3.06588E+00 -6.58814E-02
  5.97076E-02 -5.18505E-02 -1.43630E+01 -1.43634E+01 -1.13634E+01
  5.97098E-02 -3.48209E+01 -3.55238E+00 -3.55280E+00 -5.52795E-01
  5.97120E-02 -5.18458E-02  7.25243E+00  7.25201E+00  1.02520E+01
  5.97217E-02 -5.18354E-02 -3.07862E+00 -3.07904E+00 -7.90405E-02
  5.97315E-02 -5.18250E-02 -1.15013E+01 -1.15018E+01 -8.50176E+00
  5.97337E-02 -2.61494E+01 -3.51848E+00 -3.51890E+00 -5.18898E-01
  5.97359E-02 -5.18204E-02  4.45539E+00  4.45497E+00  7.45497E+00
  5.97428E-02 -5.18130E-02 -3.10810E+00 -3.10852E+00 -1.08522E-01
  5.97497E-02 -5.18057E-02 -9.47864E+00 -9.47906E+00 -6.47906E+00
  5.97519E-02 -2.01367E+01 -3.49492E+00 -3.49534E+00 -4.95339E-01
  5.97541E-02 -5.18010E-02  2.47493E+00  2.47451E+00  5.47451E+00
  5.97590E-02 -5.17958E-02 -3.12340E+00 -3.12382E+00 -1.23819E-01
  5.97639E-02 -5.17905E-02 -7.99458E+00 -7.99500E+00 -4.99500E+00
  5.97661E-02 -1.58375E+01 -3.48537E+00 -3.48579E+00 -4.85788E-01
  5.97683E-02 -5.17859E-02  1.00109E+00  1.00067E+00  4.00067E+00
  5.97717E-02 -5.17823E-02 -3.12921E+00 -3.12963E+00 -1.29628E-01
  5.97751E-02 -5.17786E-02 -6.82872E+00 -6.82914E+00 -3.82914E+00
  5.97773E-02 -1.26823E+01 -3.45284E+00 -3.45326E+00 -4.53264E-01
  5.97795E-02 -5.17740E-02 -1.07469E-01 -1.07889E-01  2.89211E+00
  5.97818E-02 -5.17715E-02 -3.09047E+00 -3.09089E+00 -9.08944E-02
  5.97842E-02 -5.17690E-02 -5.92231E+00 -5.92273E+00 -2.92273E+00
  5.97864E-02 -1.03149E+01 -3.45209E+00 -3.45251E+00 -4.52508E-01
  5.97886E-02 -5.17643E-02 -1.03327E+00 -1.03369E+00  1.96631E+00
  5.97901E-02 -5.17627E-02 -3.14356E+00 -3.14398E+00 -1.43978E-01
  5.97916E-02 -5.17611E-02 -5.13058E+00 -5.13100E+00 -2.13100E+00
  5.97938E-02 -8.50389E+00 -3.42905E+00 -3.42947E+00 -4.29471E-01
  5.97960E-02 -5.17564E-02 -1.80624E+00 -1.80666E+00  1.19334E+00
  5.97968E-02 -5.17555E-02 -3.05977E+00 -3.06019E+00 -6.01936E-02
  5.97977E-02 -5.17546E-02 -4.40489E+00 -4.40531E+00 -1.40531E+00
  5.97999E-02 -7.09506E+00 -3.38591E+00 -3.38633E+00 -3.86335E-01
  5.98021E-02 -5.17499E-02 -2.47214E+00 -2.47256E+00  5.27444E-01
  5.98024E-02 -5.17496E-02 -2.99781E+00 -2.99823E+00  1.76626E-03
  5.98028E-02 -5.17492E-02 -3.68030E+00 -3.68072E+00 -6.80720E-01
  5.98050E-02 -5.98261E+00 -3.24766E+00 -3.24808E+00 -2.48077E-01
  5.98072E-02 -5.17445E-02 -2.67257E+00 -2.67299E+00  3.27012E-01
  5.98081E-02 -5.17436E-02 -3.96857E+00 -3.96899E+00 -9.68987E-01
  5.98089E-02 -5.17427E-02 -5.24756E+00 -5.24798E+00 -2.24798E+00
  5.98111E-02 -9.41309E+00 -3.29161E+00 -3.29203E+00 -2.92026E-01
  5.98133E-02 -5.17380E-02 -1.27426E+00 -1.27468E+00  1.72532E+00
  5.98144E-02 -5.17369E-02 -2.90782E+00 -2.90824E+00  9.17583E-02
  5.98155E-02 -5.17357E-02 -4.42658E+00 -4.42700E+00 -1.42700E+00
  5.98177E-02 -7.02556E+00 -3.35607E+00 -3.35649E+00 -3.56494E-01
  5.98199E-02 -5.17310E-02 -2.35937E+00 -2.35979E+00  6.40205E-01
  5.98206E-02 -5.17303E-02 -3.45569E+00 -3.45611E+00 -4.56111E-01
  5.98212E-02 -5.17296E-02 -4.41142E+00 -4.41184E+00 -1.41184E+00
  5.98234E-02 -7.59284E+00 -3.29921E+00 -3.29963E+00 -2.99627E-01
  5.98256E-02 -5.17249E-02 -2.10586E+00 -2.10628E+00  8.93718E-01
  5.98262E-02 -5.17243E-02 -3.02349E+00 -3.02391E+00 -2.39061E-02
  5.98268E-02 -5.17237E-02 -3.98386E+00 -3.98428E+00 -9.84285E-01
  5.98290E-02 -6.74717E+00 -3.21632E+00 -3.21674E+00 -2.16736E-01
  5.98312E-02 -5.17190E-02 -2.44730E+00 -2.44772E+00  5.52283E-01
  5.98316E-02 -5.17187E-02 -3.10312E+00 -3.10354E+00 -1.03539E-01
  5.98319E-02 -5.17183E-02 -3.59856E+00 -3.59898E+00 -5.98976E-01
  5.98341E-02 -6.16791E+00 -3.09243E+00 -3.09285E+00 -9.28475E-02
  5.98363E-02 -5.17136E-02 -2.66435E+00 -2.66477E+00  3.35231E-01
  5.98365E-02 -5.17134E-02 -3.02232E+00 -3.02274E+00 -2.27428E-02
  5.98367E-02 -5.17132E-02 -3.35153E+00 -3.35195E+00 -3.51952E-01
  5.98389E-02 -6.06476E+00 -2.90090E+00 -2.90132E+00  9.86793E-02
  5.98409E-02 -5.17087E-02 -2.49173E+00 -2.49215E+00  5.07854E-01
  5.98410E-02 -5.17086E-02 -2.37280E+00 -2.37322E+00  6.26781E-01
  5.98411E-02 -5.17086E-02 -2.28575E+00 -2.28617E+00  7.13829E-01
  5.98431E-02 -4.63010E+00 -2.37894E+00 -2.37936E+00  6.20642E-01
  5.98453E-02 -5.17041E-02 -1.84907E+00 -1.84949E+00  1.15051E+00
  5.98470E-02 -6.15737E-02 -3.21558E+00 -3.21600E+00 -2.16003E-01
  5.98490E-02 -3.50490E-01 -4.73537E+00 -4.73577E+00 -1.73577E+00
  5.98510E-02 -1.98850E+00 -5.12368E+00 -5.12408E+00 -2.12408E+00
  5.98530E-02 -2.81989E+00 -4.76852E+00 -4.76892E+00 -1.76892E+00
  5.98545E-02 -2.82003E+00 -4.18898E+00 -4.18940E+00 -1.18940E+00
  5.98560E-02 -2.82018E+00 -4.03478E+00 -4.03520E+00 -1.03520E+00
  5.98580E-02 -2.82037E+00 -3.90819E+00 -3.90861E+00 -9.08614E-01
  5.98600E-02 -2.82056E+00 -3.82564E+00 -3.82606E+00 -8.26058E-01
  5.98615E-02 -2.82070E+00 -3.78022E+00 -3.78064E+00 -7.80636E-01
  5.98630E-02 -2.82084E+00 -3.74408E+00 -3.74450E+00 -7.44504E-01
  5.98640E-02 -2.82094E+00 -3.72397E+00 -3.72439E+00 -7.24393E-01
  5.98650E-02 -2.82104E+00 -3.70597E+00 -3.70639E+00 -7.06390E-01
  5.98665E-02 -2.82118E+00 -3.68306E+00 -3.68348E+00 -6.83476E-01
  5.98680E-02 -2.82132E+00 -3.66336E+00 -3.66378E+00 -6.63781E-01
  5.98690E-02 -2.82142E+00 -3.65172E+00 -3.65214E+00 -6.52143E-01
  5.98700E-02 -2.82151E+00 -3.64132E+00 -3.64174E+00 -6.41739E-01
  5.98730E-02 -2.82180E+00 -3.61488E+00 -3.61530E+00 -6.15301E-01
  5.98750E-02 -2.82199E+00 -3.60044E+00 -3.60086E+00 -6.00858E-01
  5.98770E-02 -2.82218E+00 -3.58791E+00 -3.58833E+00 -5.88327E-01
  5.98800E-02 -2.82247E+00 -3.57212E+00 -3.57254E+00 -5.72542E-01
  5.98820E-02 -2.82266E+00 -3.56303E+00 -3.56345E+00 -5.63450E-01
  5.98850E-02 -2.82295E+00 -3.55125E+00 -3.55167E+00 -5.51667E-01
  5.98870E-02 -2.82314E+00 -3.54432E+00 -3.54474E+00 -5.44744E-01
  5.98900E-02 -2.82342E+00 -3.53516E+00 -3.53558E+00 -5.35584E-01
  5.98950E-02 -2.82390E+00 -3.52223E+00 -3.52265E+00 -5.22647E-01
  5.99000E-02 -2.82438E+00 -3.51175E+00 -3.51217E+00 -5.12174E-01
  5.99050E-02 -2.82486E+00 -3.50286E+00 -3.50328E+00 -5.03276E-01
  5.99100E-02 -2.82534E+00 -3.49529E+00 -3.49571E+00 -4.95714E-01
  5.99150E-02 -2.82582E+00 -3.48870E+00 -3.48912E+00 -4.89123E-01
  5.99200E-02 -2.82630E+00 -3.48291E+00 -3.48333E+00 -4.83329E-01
  5.99250E-02 -2.82665E+00 -3.47767E+00 -3.47809E+00 -4.78091E-01
  5.99300E-02 -2.82701E+00 -3.47292E+00 -3.47334E+00 -4.73343E-01
  5.99400E-02 -2.82771E+00 -3.46473E+00 -3.46515E+00 -4.65150E-01
  5.99500E-02 -2.82842E+00 -3.45790E+00 -3.45832E+00 -4.58320E-01
  5.99600E-02 -2.82913E+00 -3.45205E+00 -3.45247E+00 -4.52474E-01
  5.99700E-02 -2.82975E+00 -3.44693E+00 -3.44735E+00 -4.47354E-01
  5.99800E-02 -2.83038E+00 -3.44239E+00 -3.44281E+00 -4.42809E-01
  5.99900E-02 -2.83100E+00 -3.43825E+00 -3.43867E+00 -4.38672E-01
  5.99950E-02 -2.83131E+00 -3.43635E+00 -3.43677E+00 -4.36773E-01
  5.99970E-02 -2.83143E+00 -3.43561E+00 -3.43604E+00 -4.36040E-01
  6.00000E-02 -2.83162E+00 -3.43444E+00 -3.43486E+00 -4.34859E-01
  6.00150E-02 -2.83276E+00 -3.42948E+00 -3.42990E+00 -4.29898E-01
  6.00300E-02 -2.83391E+00 -3.42480E+00 -3.42522E+00 -4.25224E-01
  6.00500E-02 -2.83543E+00 -3.41908E+00 -3.41950E+00 -4.19495E-01
  6.00700E-02 -2.83695E+00 -3.41381E+00 -3.41423E+00 -4.14232E-01
  6.00900E-02 -2.83848E+00 -3.40886E+00 -3.40928E+00 -4.09285E-01
  6.01100E-02 -2.84000E+00 -3.40420E+00 -3.40462E+00 -4.04616E-01
  6.01300E-02 -2.84153E+00 -3.39972E+00 -3.40014E+00 -4.00140E-01
  6.01500E-02 -2.84305E+00 -3.39543E+00 -3.39585E+00 -3.95848E-01
  6.01800E-02 -2.84534E+00 -3.38920E+00 -3.38963E+00 -3.89634E-01
  6.02200E-02 -2.84838E+00 -3.38124E+00 -3.38166E+00 -3.81660E-01
  6.02600E-02 -2.85143E+00 -3.37352E+00 -3.37394E+00 -3.73935E-01
  6.03000E-02 -2.85448E+00 -3.36585E+00 -3.36627E+00 -3.66265E-01
  6.03500E-02 -2.85784E+00 -3.35653E+00 -3.35695E+00 -3.56953E-01
  6.04000E-02 -2.86119E+00 -3.34761E+00 -3.34803E+00 -3.48027E-01
  6.04500E-02 -2.86455E+00 -3.33891E+00 -3.33933E+00 -3.39334E-01
  6.05000E-02 -2.86791E+00 -3.33037E+00 -3.33079E+00 -3.30786E-01
  6.05500E-02 -2.87126E+00 -3.32193E+00 -3.32235E+00 -3.22353E-01
  6.06000E-02 -2.87462E+00 -3.31358E+00 -3.31400E+00 -3.14005E-01
  6.06500E-02 -2.87797E+00 -3.30528E+00 -3.30570E+00 -3.05704E-01
  6.07000E-02 -2.88133E+00 -3.29697E+00 -3.29739E+00 -2.97392E-01
  6.07500E-02 -2.88450E+00 -3.28872E+00 -3.28914E+00 -2.89142E-01
  6.08000E-02 -2.88767E+00 -3.28059E+00 -3.28101E+00 -2.81013E-01
  6.09000E-02 -2.89401E+00 -3.26454E+00 -3.26496E+00 -2.64964E-01
  6.10000E-02 -2.90035E+00 -3.24865E+00 -3.24907E+00 -2.49070E-01
  6.11000E-02 -2.90669E+00 -3.23276E+00 -3.23318E+00 -2.33178E-01
  6.12000E-02 -2.91277E+00 -3.21697E+00 -3.21739E+00 -2.17387E-01
  6.13000E-02 -2.91886E+00 -3.20133E+00 -3.20175E+00 -2.01747E-01
  6.14000E-02 -2.92495E+00 -3.18572E+00 -3.18614E+00 -1.86144E-01
  6.15000E-02 -2.93103E+00 -3.16993E+00 -3.17035E+00 -1.70355E-01
  6.16500E-02 -2.93927E+00 -3.14647E+00 -3.14689E+00 -1.46890E-01
  6.18000E-02 -2.94751E+00 -3.12333E+00 -3.12375E+00 -1.23747E-01
  6.20000E-02 -2.95791E+00 -3.09283E+00 -3.09325E+00 -9.32513E-02
  6.22000E-02 -2.96830E+00 -3.06252E+00 -3.06294E+00 -6.29416E-02
  6.24000E-02 -2.97771E+00 -3.03254E+00 -3.03296E+00 -3.29578E-02
  6.26000E-02 -2.98712E+00 -3.00316E+00 -3.00358E+00 -3.57533E-03
  6.28000E-02 -2.99653E+00 -2.97397E+00 -2.97439E+00  2.56074E-02
  6.30000E-02 -3.00594E+00 -2.94446E+00 -2.94488E+00  5.51165E-02
  6.31500E-02 -3.01203E+00 -2.92235E+00 -2.92277E+00  7.72316E-02
  6.33000E-02 -3.01811E+00 -2.90062E+00 -2.90104E+00  9.89644E-02
  6.35000E-02 -3.02623E+00 -2.87178E+00 -2.87220E+00  1.27797E-01
  6.37000E-02 -3.03345E+00 -2.84313E+00 -2.84355E+00  1.56454E-01
  6.40000E-02 -3.04428E+00 -2.80074E+00 -2.80116E+00  1.98841E-01
  6.42000E-02 -3.05070E+00 -2.77269E+00 -2.77311E+00  2.26892E-01
  6.45000E-02 -3.06033E+00 -2.73116E+00 -2.73158E+00  2.68416E-01
  6.48000E-02 -3.06889E+00 -2.69010E+00 -2.69052E+00  3.09475E-01
  6.50000E-02 -3.07460E+00 -2.66283E+00 -2.66325E+00  3.36753E-01
  6.54000E-02 -3.08411E+00 -2.60937E+00 -2.60979E+00  3.90209E-01
  6.58000E-02 -3.09362E+00 -2.55665E+00 -2.55707E+00  4.42927E-01
  6.61000E-02 -3.09924E+00 -2.51749E+00 -2.51791E+00  4.82094E-01
  6.65000E-02 -3.10673E+00 -2.46607E+00 -2.46649E+00  5.33510E-01
  6.69000E-02 -3.11226E+00 -2.41550E+00 -2.41592E+00  5.84081E-01
  6.73000E-02 -3.11779E+00 -2.36577E+00 -2.36619E+00  6.33810E-01
  6.77000E-02 -3.12156E+00 -2.31678E+00 -2.31720E+00  6.82801E-01
  6.80000E-02 -3.12439E+00 -2.28054E+00 -2.28096E+00  7.19035E-01
  6.85000E-02 -3.12744E+00 -2.22104E+00 -2.22146E+00  7.78541E-01
  6.90000E-02 -3.12920E+00 -2.16281E+00 -2.16323E+00  8.36769E-01
  6.95000E-02 -3.12975E+00 -2.10583E+00 -2.10626E+00  8.93743E-01
  7.00000E-02 -3.12922E+00 -2.05000E+00 -2.05042E+00  9.49580E-01
  7.07000E-02 -3.12663E+00 -1.97390E+00 -1.97432E+00  1.02568E+00
  7.11000E-02 -3.12394E+00 -1.93144E+00 -1.93186E+00  1.06814E+00
  7.15000E-02 -3.12125E+00 -1.88971E+00 -1.89013E+00  1.10987E+00
  7.19000E-02 -3.11743E+00 -1.84870E+00 -1.84912E+00  1.15088E+00
  7.23000E-02 -3.11362E+00 -1.80840E+00 -1.80882E+00  1.19118E+00
  7.30000E-02 -3.10521E+00 -1.73935E+00 -1.73977E+00  1.26023E+00
  7.35000E-02 -3.09793E+00 -1.69148E+00 -1.69190E+00  1.30810E+00
  7.40000E-02 -3.09065E+00 -1.64459E+00 -1.64501E+00  1.35499E+00
  7.45000E-02 -3.08202E+00 -1.59868E+00 -1.59910E+00  1.40090E+00
  7.50000E-02 -3.07339E+00 -1.55370E+00 -1.55412E+00  1.44588E+00
  7.58000E-02 -3.05726E+00 -1.48420E+00 -1.48462E+00  1.51538E+00
  7.65000E-02 -3.04315E+00 -1.42525E+00 -1.42567E+00  1.57433E+00
  7.73000E-02 -3.02468E+00 -1.36013E+00 -1.36055E+00  1.63945E+00
  7.80000E-02 -3.00851E+00 -1.30506E+00 -1.30548E+00  1.69452E+00
  7.85000E-02 -2.99589E+00 -1.26658E+00 -1.26700E+00  1.73300E+00
  7.90000E-02 -2.98328E+00 -1.22908E+00 -1.22950E+00  1.77050E+00
  7.95000E-02 -2.97002E+00 -1.19242E+00 -1.19284E+00  1.80716E+00
  8.00000E-02 -2.95676E+00 -1.15653E+00 -1.15695E+00  1.84305E+00
  8.08000E-02 -2.93434E+00 -1.10107E+00 -1.10149E+00  1.89851E+00
  8.15000E-02 -2.91472E+00 -1.05413E+00 -1.05455E+00  1.94545E+00
  8.23000E-02 -2.89118E+00 -1.00231E+00 -1.00273E+00  1.99727E+00
  8.30000E-02 -2.87059E+00 -9.58571E-01 -9.58991E-01  2.04101E+00
  8.35000E-02 -2.85527E+00 -9.28047E-01 -9.28467E-01  2.07153E+00
  8.40000E-02 -2.83996E+00 -8.98264E-01 -8.98684E-01  2.10132E+00
  8.45000E-02 -2.82465E+00 -8.69158E-01 -8.69578E-01  2.13042E+00
  8.50000E-02 -2.80933E+00 -8.40703E-01 -8.41123E-01  2.15888E+00
  8.57000E-02 -2.78712E+00 -8.02119E-01 -8.02539E-01  2.19746E+00
  8.65000E-02 -2.76174E+00 -7.59529E-01 -7.59950E-01  2.24005E+00
  8.73000E-02 -2.73635E+00 -7.18494E-01 -7.18915E-01  2.28109E+00
  8.80000E-02 -2.71414E+00 -6.83843E-01 -6.84263E-01  2.31574E+00
  8.85000E-02 -2.69801E+00 -6.59681E-01 -6.60102E-01  2.33990E+00
  8.90000E-02 -2.68188E+00 -6.36104E-01 -6.36525E-01  2.36347E+00
  8.95000E-02 -2.66575E+00 -6.13047E-01 -6.13467E-01  2.38653E+00
  9.00000E-02 -2.64962E+00 -5.90418E-01 -5.90839E-01  2.40916E+00
  9.07000E-02 -2.62698E+00 -5.59812E-01 -5.60232E-01  2.43977E+00
  9.15000E-02 -2.60112E+00 -5.26569E-01 -5.26990E-01  2.47301E+00
  9.23000E-02 -2.57525E+00 -4.94544E-01 -4.94964E-01  2.50504E+00
  9.30000E-02 -2.55261E+00 -4.67020E-01 -4.67441E-01  2.53256E+00
  9.35000E-02 -2.53658E+00 -4.47790E-01 -4.48211E-01  2.55179E+00
  9.40000E-02 -2.52055E+00 -4.29284E-01 -4.29705E-01  2.57029E+00
  9.45000E-02 -2.50451E+00 -4.11213E-01 -4.11634E-01  2.58837E+00
  9.50000E-02 -2.48848E+00 -3.93333E-01 -3.93754E-01  2.60625E+00
  9.58000E-02 -2.46327E+00 -3.65757E-01 -3.66178E-01  2.63382E+00
  9.65000E-02 -2.44121E+00 -3.42797E-01 -3.43218E-01  2.65678E+00
  9.72000E-02 -2.41914E+00 -3.20587E-01 -3.21008E-01  2.67899E+00
  9.80000E-02 -2.39393E+00 -2.95792E-01 -2.96212E-01  2.70379E+00
  9.85000E-02 -2.37853E+00 -2.80648E-01 -2.81069E-01  2.71893E+00
  9.90000E-02 -2.36313E+00 -2.65929E-01 -2.66349E-01  2.73365E+00
  9.95000E-02 -2.34774E+00 -2.51558E-01 -2.51979E-01  2.74802E+00
  1.00000E-01 -2.33234E+00 -2.37499E-01 -2.37920E-01  2.76208E+00
  1.00500E-01 -2.31728E+00 -2.23801E-01 -2.24222E-01  2.77578E+00
  1.01000E-01 -2.30222E+00 -2.10511E-01 -2.10932E-01  2.78907E+00
  1.01500E-01 -2.28717E+00 -1.97529E-01 -1.97949E-01  2.80205E+00
  1.02000E-01 -2.27211E+00 -1.84725E-01 -1.85146E-01  2.81485E+00
  1.02500E-01 -2.25741E+00 -1.72213E-01 -1.72634E-01  2.82737E+00
  1.03000E-01 -2.24272E+00 -1.60105E-01 -1.60526E-01  2.83947E+00
  1.03500E-01 -2.22802E+00 -1.48270E-01 -1.48690E-01  2.85131E+00
  1.04000E-01 -2.21332E+00 -1.36612E-01 -1.37033E-01  2.86297E+00
  1.04500E-01 -2.19901E+00 -1.25221E-01 -1.25642E-01  2.87436E+00
  1.05000E-01 -2.18470E+00 -1.14187E-01 -1.14608E-01  2.88539E+00
  1.05500E-01 -2.17038E+00 -1.03408E-01 -1.03829E-01  2.89617E+00
  1.06000E-01 -2.15607E+00 -9.27863E-02 -9.32073E-02  2.90679E+00
  1.06700E-01 -2.13644E+00 -7.83502E-02 -7.87702E-02  2.92123E+00
  1.07300E-01 -2.11961E+00 -6.64137E-02 -6.68347E-02  2.93317E+00
  1.07900E-01 -2.10310E+00 -5.47313E-02 -5.51523E-02  2.94485E+00
  1.08200E-01 -2.09484E+00 -4.89166E-02 -4.93376E-02  2.95066E+00
  1.08500E-01 -2.08658E+00 -4.32778E-02 -4.36978E-02  2.95630E+00
  1.09100E-01 -2.07052E+00 -3.23328E-02 -3.27534E-02  2.96725E+00
  1.09800E-01 -2.05179E+00 -2.00179E-02 -2.04384E-02  2.97956E+00
  1.10400E-01 -2.03574E+00 -9.77794E-03 -1.01984E-02  2.98980E+00
  1.11000E-01 -2.01968E+00  1.99726E-04 -2.20874E-04  2.99978E+00
  1.11800E-01 -1.99923E+00  1.31849E-02  1.27643E-02  3.01276E+00
  1.12500E-01 -1.98135E+00  2.43321E-02  2.39115E-02  3.02391E+00
  1.13300E-01 -1.96090E+00  3.64186E-02  3.59981E-02  3.03600E+00
  1.14000E-01 -1.94301E+00  4.66083E-02  4.61877E-02  3.04619E+00
  1.14800E-01 -1.92348E+00  5.79143E-02  5.74937E-02  3.05749E+00
  1.15500E-01 -1.90640E+00  6.75858E-02  6.71653E-02  3.06717E+00
  1.16300E-01 -1.88687E+00  7.80806E-02  7.76600E-02  3.07766E+00
  1.17000E-01 -1.86979E+00  8.69066E-02  8.64860E-02  3.08649E+00
  1.17500E-01 -1.85816E+00  9.30391E-02  9.26185E-02  3.09262E+00
  1.18000E-01 -1.84652E+00  9.90408E-02  9.86203E-02  3.09862E+00
  1.18500E-01 -1.83488E+00  1.04928E-01  1.04507E-01  3.10451E+00
  1.19000E-01 -1.82325E+00  1.10757E-01  1.10336E-01  3.11034E+00
  1.19800E-01 -1.80532E+00  1.19776E-01  1.19356E-01  3.11936E+00
  1.20500E-01 -1.78963E+00  1.27323E-01  1.26902E-01  3.12690E+00
  1.21300E-01 -1.77170E+00  1.35650E-01  1.35230E-01  3.13523E+00
  1.22000E-01 -1.75601E+00  1.42759E-01  1.42339E-01  3.14234E+00
  1.23000E-01 -1.73447E+00  1.52493E-01  1.52072E-01  3.15207E+00
  1.24000E-01 -1.71292E+00  1.61690E-01  1.61270E-01  3.16127E+00
  1.25500E-01 -1.68209E+00  1.74735E-01  1.74314E-01  3.17431E+00
  1.26200E-01 -1.66770E+00  1.80620E-01  1.80200E-01  3.18020E+00
  1.27000E-01 -1.65125E+00  1.87042E-01  1.86622E-01  3.18662E+00
  1.27800E-01 -1.63564E+00  1.93187E-01  1.92767E-01  3.19277E+00
  1.28500E-01 -1.62197E+00  1.98375E-01  1.97954E-01  3.19795E+00
  1.30000E-01 -1.59270E+00  2.09024E-01  2.08603E-01  3.20860E+00
  1.31500E-01 -1.56480E+00  2.18947E-01  2.18526E-01  3.21853E+00
  1.33000E-01 -1.53690E+00  2.28090E-01  2.27669E-01  3.22767E+00
  1.34000E-01 -1.51917E+00  2.33849E-01  2.33428E-01  3.23343E+00
  1.35000E-01 -1.50145E+00  2.39407E-01  2.38986E-01  3.23899E+00
  1.36500E-01 -1.47586E+00  2.47238E-01  2.46817E-01  3.24682E+00
  1.38000E-01 -1.45026E+00  2.54450E-01  2.54030E-01  3.25403E+00
  1.39000E-01 -1.43397E+00  2.58987E-01  2.58567E-01  3.25857E+00
  1.40000E-01 -1.41769E+00  2.63373E-01  2.62952E-01  3.26295E+00
  1.41500E-01 -1.39413E+00  2.69529E-01  2.69108E-01  3.26911E+00
  1.43000E-01 -1.37056E+00  2.75149E-01  2.74728E-01  3.27473E+00
  1.44000E-01 -1.35555E+00  2.78655E-01  2.78234E-01  3.27823E+00
  1.45000E-01 -1.34055E+00  2.81984E-01  2.81564E-01  3.28156E+00
  1.48000E-01 -1.29748E+00  2.91050E-01  2.90630E-01  3.29063E+00
  1.50000E-01 -1.27000E+00  2.96505E-01  2.96085E-01  3.29608E+00
  1.53000E-01 -1.23005E+00  3.03626E-01  3.03206E-01  3.30321E+00
  1.55000E-01 -1.20453E+00  3.07658E-01  3.07238E-01  3.30724E+00
  1.58000E-01 -1.16783E+00  3.12876E-01  3.12455E-01  3.31245E+00
  1.60000E-01 -1.14435E+00  3.15876E-01  3.15455E-01  3.31545E+00
  1.63000E-01 -1.11055E+00  3.19777E-01  3.19357E-01  3.31936E+00
  1.65000E-01 -1.08890E+00  3.22098E-01  3.21677E-01  3.32168E+00
  1.68000E-01 -1.05733E+00  3.24994E-01  3.24573E-01  3.32457E+00
  1.70000E-01 -1.03710E+00  3.26509E-01  3.26089E-01  3.32609E+00
  1.72000E-01 -1.01748E+00  3.27772E-01  3.27351E-01  3.32735E+00
  1.74000E-01 -9.98459E-01  3.28811E-01  3.28391E-01  3.32839E+00
  1.77000E-01 -9.70977E-01  3.30008E-01  3.29588E-01  3.32959E+00
  1.80000E-01 -9.44695E-01  3.30885E-01  3.30464E-01  3.33046E+00
  1.83300E-01 -9.16891E-01  3.31429E-01  3.31009E-01  3.33101E+00
  1.86000E-01 -8.95108E-01  3.31541E-01  3.31120E-01  3.33112E+00
  1.88000E-01 -8.79503E-01  3.31482E-01  3.31061E-01  3.33106E+00
  1.90000E-01 -8.64331E-01  3.31281E-01  3.30860E-01  3.33086E+00
  1.92000E-01 -8.49487E-01  3.31093E-01  3.30672E-01  3.33067E+00
  1.96000E-01 -8.20998E-01  3.30232E-01  3.29811E-01  3.32981E+00
  1.98000E-01 -8.07324E-01  3.29678E-01  3.29257E-01  3.32926E+00
  2.00000E-01 -7.94012E-01  3.29094E-01  3.28674E-01  3.32867E+00
  2.03000E-01 -7.74515E-01  3.27966E-01  3.27546E-01  3.32755E+00
  2.05000E-01 -7.61938E-01  3.27227E-01  3.26807E-01  3.32681E+00
  2.08000E-01 -7.43677E-01  3.25817E-01  3.25397E-01  3.32540E+00
  2.10000E-01 -7.31887E-01  3.24889E-01  3.24468E-01  3.32447E+00
  2.13000E-01 -7.14756E-01  3.23354E-01  3.22933E-01  3.32293E+00
  2.15000E-01 -7.03688E-01  3.22341E-01  3.21920E-01  3.32192E+00
  2.18000E-01 -6.87406E-01  3.20647E-01  3.20226E-01  3.32023E+00
  2.20000E-01 -6.76881E-01  3.19527E-01  3.19106E-01  3.31911E+00
  2.23000E-01 -6.61569E-01  3.17606E-01  3.17185E-01  3.31719E+00
  2.25000E-01 -6.51665E-01  3.16333E-01  3.15912E-01  3.31591E+00
  2.28000E-01 -6.37244E-01  3.14436E-01  3.14015E-01  3.31401E+00
  2.30000E-01 -6.27911E-01  3.13178E-01  3.12757E-01  3.31276E+00
  2.33000E-01 -6.14182E-01  3.11114E-01  3.10693E-01  3.31069E+00
  2.35000E-01 -6.05292E-01  3.09745E-01  3.09324E-01  3.30932E+00
  2.38000E-01 -5.92335E-01  3.07700E-01  3.07280E-01  3.30728E+00
  2.40000E-01 -5.83939E-01  3.06343E-01  3.05923E-01  3.30592E+00
  2.45000E-01 -5.63604E-01  3.02736E-01  3.02315E-01  3.30232E+00
  2.50000E-01 -5.44367E-01  2.99155E-01  2.98734E-01  3.29873E+00
  2.55000E-01 -5.25962E-01  2.95417E-01  2.94996E-01  3.29500E+00
  2.60000E-01 -5.08518E-01  2.91701E-01  2.91280E-01  3.29128E+00
  2.64000E-01 -4.95210E-01  2.88672E-01  2.88251E-01  3.28825E+00
  2.68000E-01 -4.82322E-01  2.85655E-01  2.85234E-01  3.28523E+00
  2.73000E-01 -4.66890E-01  2.81900E-01  2.81479E-01  3.28148E+00
  2.77000E-01 -4.55094E-01  2.78909E-01  2.78488E-01  3.27849E+00
  2.80000E-01 -4.46551E-01  2.76656E-01  2.76235E-01  3.27624E+00
  2.83000E-01 -4.38175E-01  2.74409E-01  2.73988E-01  3.27399E+00
  2.86000E-01 -4.30043E-01  2.72167E-01  2.71746E-01  3.27175E+00
  2.89000E-01 -4.22144E-01  2.69930E-01  2.69509E-01  3.26951E+00
  2.95000E-01 -4.06924E-01  2.65496E-01  2.65075E-01  3.26508E+00
  2.98000E-01 -3.99624E-01  2.63285E-01  2.62865E-01  3.26286E+00
  3.00000E-01 -3.94870E-01  2.61813E-01  2.61393E-01  3.26139E+00
  3.05000E-01 -3.83237E-01  2.58182E-01  2.57762E-01  3.25776E+00
  3.10000E-01 -3.72127E-01  2.54562E-01  2.54142E-01  3.25414E+00
  3.15000E-01 -3.61509E-01  2.50951E-01  2.50531E-01  3.25053E+00
  3.20000E-01 -3.51354E-01  2.47349E-01  2.46929E-01  3.24693E+00
  3.24000E-01 -3.43433E-01  2.44549E-01  2.44129E-01  3.24413E+00
  3.28000E-01 -3.35783E-01  2.41753E-01  2.41333E-01  3.24133E+00
  3.32000E-01 -3.28394E-01  2.38963E-01  2.38543E-01  3.23854E+00
  3.35000E-01 -3.23016E-01  2.36873E-01  2.36453E-01  3.23645E+00
  3.39000E-01 -3.16053E-01  2.34180E-01  2.33760E-01  3.23376E+00
  3.43000E-01 -3.09320E-01  2.31492E-01  2.31071E-01  3.23107E+00
  3.47000E-01 -3.02806E-01  2.28807E-01  2.28387E-01  3.22839E+00
  3.50000E-01 -2.98059E-01  2.26796E-01  2.26375E-01  3.22638E+00
  3.55000E-01 -2.90319E-01  2.23579E-01  2.23158E-01  3.22316E+00
  3.60000E-01 -2.82885E-01  2.20367E-01  2.19946E-01  3.21995E+00
  3.65000E-01 -2.75739E-01  2.17241E-01  2.16820E-01  3.21682E+00
  3.70000E-01 -2.68868E-01  2.14120E-01  2.13699E-01  3.21370E+00
  3.76000E-01 -2.60902E-01  2.10550E-01  2.10129E-01  3.21013E+00
  3.81000E-01 -2.54537E-01  2.07579E-01  2.07159E-01  3.20716E+00
  3.86000E-01 -2.48408E-01  2.04613E-01  2.04192E-01  3.20419E+00
  3.91400E-01 -2.42039E-01  2.01413E-01  2.00993E-01  3.20099E+00
  3.91900E-01 -2.41462E-01  2.01128E-01  2.00708E-01  3.20071E+00
  3.92400E-01 -2.40887E-01  2.00843E-01  2.00422E-01  3.20042E+00
  3.93400E-01 -2.39743E-01  2.00274E-01  1.99853E-01  3.19985E+00
  3.97000E-01 -2.35695E-01  1.98247E-01  1.97826E-01  3.19783E+00
  3.98500E-01 -2.34039E-01  1.97417E-01  1.96996E-01  3.19700E+00
  4.00000E-01 -2.32401E-01  1.96588E-01  1.96167E-01  3.19617E+00
  4.05000E-01 -2.27029E-01  1.93873E-01  1.93453E-01  3.19345E+00
  4.10000E-01 -2.21845E-01  1.91162E-01  1.90742E-01  3.19074E+00
  4.15000E-01 -2.16841E-01  1.88541E-01  1.88121E-01  3.18812E+00
  4.20000E-01 -2.12007E-01  1.85923E-01  1.85503E-01  3.18550E+00
  4.28000E-01 -2.04584E-01  1.81917E-01  1.81497E-01  3.18150E+00
  4.35000E-01 -1.98410E-01  1.78417E-01  1.77997E-01  3.17800E+00
  4.43000E-01 -1.91697E-01  1.74639E-01  1.74219E-01  3.17422E+00
  4.50000E-01 -1.86104E-01  1.71338E-01  1.70918E-01  3.17092E+00
  4.55000E-01 -1.82237E-01  1.69091E-01  1.68671E-01  3.16867E+00
  4.60000E-01 -1.78491E-01  1.66846E-01  1.66425E-01  3.16643E+00
  4.65000E-01 -1.74862E-01  1.64674E-01  1.64254E-01  3.16425E+00
  4.70000E-01 -1.71344E-01  1.62504E-01  1.62084E-01  3.16208E+00
  4.78000E-01 -1.65936E-01  1.59192E-01  1.58772E-01  3.15877E+00
  4.85000E-01 -1.61415E-01  1.56297E-01  1.55877E-01  3.15588E+00
  4.93000E-01 -1.56475E-01  1.53182E-01  1.52762E-01  3.15276E+00
  5.00000E-01 -1.52338E-01  1.50460E-01  1.50040E-01  3.15004E+00
  5.03000E-01 -1.50604E-01  1.49351E-01  1.48930E-01  3.14893E+00
  5.06000E-01 -1.48900E-01  1.48242E-01  1.47822E-01  3.14782E+00
  5.12000E-01 -1.45578E-01  1.46027E-01  1.45606E-01  3.14561E+00
  5.18000E-01 -1.42368E-01  1.43903E-01  1.43482E-01  3.14348E+00
  5.21000E-01 -1.40803E-01  1.42842E-01  1.42421E-01  3.14242E+00
  5.24900E-01 -1.38808E-01  1.41463E-01  1.41042E-01  3.14104E+00
  5.32000E-01 -1.35284E-01  1.39079E-01  1.38658E-01  3.13866E+00
  5.40000E-01 -1.31475E-01  1.36395E-01  1.35974E-01  3.13597E+00
  5.50000E-01 -1.26938E-01  1.33264E-01  1.32843E-01  3.13284E+00
  5.60000E-01 -1.22595E-01  1.30136E-01  1.29716E-01  3.12972E+00
  5.70000E-01 -1.18473E-01  1.27205E-01  1.26785E-01  3.12679E+00
  5.80000E-01 -1.14559E-01  1.24278E-01  1.23858E-01  3.12386E+00
  5.90000E-01 -1.10837E-01  1.21556E-01  1.21136E-01  3.12114E+00
  6.00000E-01 -1.07296E-01  1.18837E-01  1.18416E-01  3.11842E+00
  6.10000E-01 -1.03887E-01  1.16295E-01  1.15875E-01  3.11587E+00
  6.20000E-01 -1.00639E-01  1.13755E-01  1.13335E-01  3.11334E+00
  6.30000E-01 -9.75423E-02  1.11369E-01  1.10949E-01  3.11095E+00
  6.40000E-01 -9.45874E-02  1.08984E-01  1.08564E-01  3.10856E+00
  6.50000E-01 -9.17658E-02  1.06760E-01  1.06339E-01  3.10634E+00
  6.60000E-01 -8.90431E-02  1.04537E-01  1.04116E-01  3.10412E+00
  6.68000E-01 -8.69517E-02  1.02850E-01  1.02429E-01  3.10243E+00
  6.76800E-01 -8.47355E-02  1.00996E-01  1.00575E-01  3.10058E+00
  6.82000E-01 -8.34657E-02  9.99464E-02  9.95258E-02  3.09953E+00
  6.88000E-01 -8.20358E-02  9.87361E-02  9.83156E-02  3.09832E+00
  6.94000E-01 -8.06426E-02  9.75735E-02  9.71530E-02  3.09715E+00
  7.00000E-01 -7.92847E-02  9.64114E-02  9.59908E-02  3.09599E+00
  7.08000E-01 -7.75081E-02  9.49501E-02  9.45295E-02  3.09453E+00
  7.15000E-01 -7.60021E-02  9.36721E-02  9.32515E-02  3.09325E+00
  7.22000E-01 -7.45397E-02  9.23947E-02  9.19741E-02  3.09197E+00
  7.30000E-01 -7.29195E-02  9.09356E-02  9.05150E-02  3.09051E+00
  7.40000E-01 -7.09675E-02  8.92383E-02  8.88178E-02  3.08882E+00
  7.50000E-01 -6.90930E-02  8.75422E-02  8.71217E-02  3.08712E+00
  7.58000E-01 -6.76360E-02  8.62766E-02  8.58561E-02  3.08586E+00
  7.65000E-01 -6.63986E-02  8.51698E-02  8.47492E-02  3.08475E+00
  7.73000E-01 -6.50255E-02  8.39054E-02  8.34848E-02  3.08348E+00
  7.80000E-01 -6.38587E-02  8.27995E-02  8.23789E-02  3.08238E+00
  7.90000E-01 -6.22454E-02  8.13268E-02  8.09062E-02  3.08091E+00
  8.00000E-01 -6.06924E-02  7.98549E-02  7.94344E-02  3.07943E+00
  8.10000E-01 -5.91848E-02  7.84606E-02  7.80401E-02  3.07804E+00
  8.20000E-01 -5.77324E-02  7.70671E-02  7.66466E-02  3.07665E+00
  8.35000E-01 -5.56517E-02  7.51076E-02  7.46871E-02  3.07469E+00
  8.50000E-01 -5.36811E-02  7.31497E-02  7.27292E-02  3.07273E+00
  8.60000E-01 -5.24187E-02  7.19269E-02  7.15064E-02  3.07151E+00
  8.70000E-01 -5.12001E-02  7.07047E-02  7.02842E-02  3.07028E+00
  8.85000E-01 -4.94499E-02  6.89853E-02  6.85647E-02  3.06856E+00
  9.00000E-01 -4.77874E-02  6.72671E-02  6.68465E-02  3.06685E+00
  9.10000E-01 -4.67178E-02  6.62287E-02  6.58081E-02  3.06581E+00
  9.20000E-01 -4.56834E-02  6.51909E-02  6.47703E-02  3.06477E+00
  9.35000E-01 -4.41946E-02  6.36349E-02  6.32143E-02  3.06321E+00
  9.50000E-01 -4.27769E-02  6.20799E-02  6.16593E-02  3.06166E+00
  9.60000E-01 -4.18655E-02  6.11601E-02  6.07395E-02  3.06074E+00
  9.70000E-01 -4.09826E-02  6.02406E-02  5.98200E-02  3.05982E+00
  9.85000E-01 -3.97076E-02  5.88621E-02  5.84415E-02  3.05844E+00
  1.00000E+00 -3.84907E-02  5.74844E-02  5.70638E-02  3.05706E+00
  1.01000E+00 -3.77047E-02  5.66376E-02  5.62170E-02  3.05622E+00
  1.02000E+00 -3.69422E-02  5.57912E-02  5.53706E-02  3.05537E+00
  1.03000E+00 -3.62023E-02  5.49812E-02  5.45606E-02  3.05456E+00
  1.03600E+00 -3.57689E-02  5.44953E-02  5.40747E-02  3.05407E+00
  1.04100E+00 -3.54136E-02  5.40904E-02  5.36698E-02  3.05367E+00
  1.05500E+00 -3.44460E-02  5.30527E-02  5.26321E-02  3.05263E+00
  1.07000E+00 -3.34523E-02  5.19413E-02  5.15207E-02  3.05152E+00
  1.08500E+00 -3.24939E-02  5.08306E-02  5.04100E-02  3.05041E+00
  1.10000E+00 -3.15756E-02  4.97203E-02  4.92997E-02  3.04930E+00
  1.11500E+00 -3.06951E-02  4.87309E-02  4.83103E-02  3.04831E+00
  1.13000E+00 -2.98505E-02  4.77419E-02  4.73213E-02  3.04732E+00
  1.14000E+00 -2.93064E-02  4.70828E-02  4.66622E-02  3.04666E+00
  1.15000E+00 -2.87768E-02  4.64239E-02  4.60033E-02  3.04600E+00
  1.16000E+00 -2.82572E-02  4.58286E-02  4.54080E-02  3.04541E+00
  1.17000E+00 -2.77513E-02  4.52335E-02  4.48129E-02  3.04481E+00
  1.18500E+00 -2.70171E-02  4.43411E-02  4.39206E-02  3.04392E+00
  1.20000E+00 -2.63112E-02  4.34491E-02  4.30286E-02  3.04303E+00
  1.21500E+00 -2.56322E-02  4.26434E-02  4.22229E-02  3.04222E+00
  1.23000E+00 -2.49788E-02  4.18379E-02  4.14174E-02  3.04142E+00
  1.24200E+00 -2.44717E-02  4.11938E-02  4.07733E-02  3.04077E+00
  1.25400E+00 -2.39795E-02  4.05498E-02  4.01293E-02  3.04013E+00
  1.27000E+00 -2.33458E-02  3.97833E-02  3.93628E-02  3.03936E+00
  1.29000E+00 -2.25877E-02  3.88255E-02  3.84050E-02  3.03841E+00
  1.30500E+00 -2.20419E-02  3.81075E-02  3.76870E-02  3.03769E+00
  1.32000E+00 -2.15138E-02  3.73897E-02  3.69692E-02  3.03697E+00
  1.33500E+00 -2.10040E-02  3.67494E-02  3.63289E-02  3.03633E+00
  1.35000E+00 -2.05119E-02  3.61093E-02  3.56888E-02  3.03569E+00
  1.36500E+00 -2.00365E-02  3.54694E-02  3.50489E-02  3.03505E+00
  1.38000E+00 -1.95772E-02  3.48297E-02  3.44092E-02  3.03441E+00
  1.39500E+00 -1.91332E-02  3.42547E-02  3.38342E-02  3.03383E+00
  1.41000E+00 -1.87027E-02  3.36799E-02  3.32594E-02  3.03326E+00
  1.42500E+00 -1.82858E-02  3.31053E-02  3.26848E-02  3.03268E+00
  1.44000E+00 -1.78823E-02  3.25309E-02  3.21103E-02  3.03211E+00
  1.45500E+00 -1.74918E-02  3.20121E-02  3.15915E-02  3.03159E+00
  1.47000E+00 -1.71138E-02  3.14934E-02  3.10729E-02  3.03107E+00
  1.48500E+00 -1.67476E-02  3.09749E-02  3.05544E-02  3.03055E+00
  1.50000E+00 -1.63928E-02  3.04566E-02  3.00361E-02  3.03004E+00
  1.51500E+00 -1.60473E-02  2.99905E-02  2.95700E-02  3.02957E+00
  1.53000E+00 -1.57123E-02  2.95246E-02  2.91041E-02  3.02910E+00
  1.55000E+00 -1.52815E-02  2.89036E-02  2.84831E-02  3.02848E+00
  1.57000E+00 -1.48678E-02  2.82828E-02  2.78623E-02  3.02786E+00
  1.59000E+00 -1.44703E-02  2.77315E-02  2.73110E-02  3.02731E+00
  1.61000E+00 -1.40882E-02  2.71805E-02  2.67600E-02  3.02676E+00
  1.63000E+00 -1.37207E-02  2.66297E-02  2.62092E-02  3.02621E+00
  1.65000E+00 -1.33671E-02  2.60790E-02  2.56585E-02  3.02566E+00
  1.67000E+00 -1.30243E-02  2.55914E-02  2.51708E-02  3.02517E+00
  1.69000E+00 -1.26941E-02  2.51039E-02  2.46833E-02  3.02468E+00
  1.71000E+00 -1.23761E-02  2.46165E-02  2.41959E-02  3.02420E+00
  1.73000E+00 -1.20696E-02  2.41293E-02  2.37087E-02  3.02371E+00
  1.75000E+00 -1.17740E-02  2.36925E-02  2.32719E-02  3.02327E+00
  1.77000E+00 -1.14890E-02  2.32558E-02  2.28353E-02  3.02284E+00
  1.78500E+00 -1.12818E-02  2.29284E-02  2.25079E-02  3.02251E+00
  1.80000E+00 -1.10800E-02  2.26010E-02  2.21805E-02  3.02218E+00
  1.82000E+00 -1.08175E-02  2.22135E-02  2.17930E-02  3.02179E+00
  1.85000E+00 -1.04404E-02  2.16323E-02  2.12118E-02  3.02121E+00
  1.87000E+00 -1.01997E-02  2.12451E-02  2.08245E-02  3.02082E+00
  1.90000E+00 -9.85342E-03  2.06643E-02  2.02437E-02  3.02024E+00
  1.92000E+00 -9.63069E-03  2.03254E-02  1.99048E-02  3.01990E+00
  1.95000E+00 -9.31011E-03  1.98173E-02  1.93967E-02  3.01940E+00
  1.97000E+00 -9.10497E-03  1.94786E-02  1.90580E-02  3.01906E+00
  2.00000E+00 -8.80940E-03  1.89708E-02  1.85502E-02  3.01855E+00
  2.03000E+00 -8.52566E-03  1.85358E-02  1.81152E-02  3.01812E+00
  2.05000E+00 -8.34383E-03  1.82459E-02  1.78253E-02  3.01783E+00
  2.07000E+00 -8.16759E-03  1.79560E-02  1.75355E-02  3.01754E+00
  2.09000E+00 -7.99671E-03  1.76663E-02  1.72457E-02  3.01725E+00
  2.11000E+00 -7.83098E-03  1.73766E-02  1.69560E-02  3.01696E+00
  2.13000E+00 -7.67021E-03  1.70869E-02  1.66664E-02  3.01667E+00
  2.15000E+00 -7.51419E-03  1.67974E-02  1.63769E-02  3.01638E+00
  2.18000E+00 -7.28868E-03  1.64342E-02  1.60137E-02  3.01601E+00
  2.22000E+00 -7.00302E-03  1.59501E-02  1.55296E-02  3.01553E+00
  2.26000E+00 -6.73336E-03  1.54663E-02  1.50458E-02  3.01505E+00
  2.30000E+00 -6.47855E-03  1.49827E-02  1.45622E-02  3.01456E+00
  2.32000E+00 -6.35534E-03  1.47836E-02  1.43631E-02  3.01436E+00
  2.35000E+00 -6.17681E-03  1.44852E-02  1.40646E-02  3.01406E+00
  2.37000E+00 -6.06181E-03  1.42862E-02  1.38657E-02  3.01387E+00
  2.40000E+00 -5.89505E-03  1.39879E-02  1.35674E-02  3.01357E+00
  2.42000E+00 -5.78755E-03  1.37891E-02  1.33685E-02  3.01337E+00
  2.45000E+00 -5.63156E-03  1.34909E-02  1.30703E-02  3.01307E+00
  2.48000E+00 -5.48160E-03  1.31928E-02  1.27722E-02  3.01277E+00
  2.50000E+00 -5.38482E-03  1.29941E-02  1.25735E-02  3.01257E+00
  2.53000E+00 -5.24340E-03  1.27424E-02  1.23219E-02  3.01232E+00
  2.56000E+00 -5.10730E-03  1.24908E-02  1.20703E-02  3.01207E+00
  2.59000E+00 -4.97626E-03  1.22393E-02  1.18187E-02  3.01182E+00
  2.62100E+00 -4.84590E-03  1.19794E-02  1.15589E-02  3.01156E+00
  2.62200E+00 -4.84178E-03  1.19714E-02  1.15508E-02  3.01155E+00
  2.62300E+00 -4.83766E-03  1.19635E-02  1.15430E-02  3.01154E+00
  2.67000E+00 -4.64973E-03  1.16237E-02  1.12031E-02  3.01120E+00
  2.71000E+00 -4.49800E-03  1.13346E-02  1.09140E-02  3.01091E+00
  2.75000E+00 -4.35334E-03  1.10456E-02  1.06250E-02  3.01063E+00
  2.80000E+00 -4.18180E-03  1.06845E-02  1.02639E-02  3.01026E+00
  2.85000E+00 -4.01946E-03  1.03820E-02  9.96137E-03  3.00996E+00
  2.90000E+00 -3.86607E-03  1.00795E-02  9.65894E-03  3.00966E+00
  2.95000E+00 -3.72101E-03  9.77719E-03  9.35663E-03  3.00936E+00
  2.98000E+00 -3.63773E-03  9.59585E-03  9.17530E-03  3.00918E+00
  3.00000E+00 -3.58370E-03  9.47497E-03  9.05443E-03  3.00905E+00
  3.03000E+00 -3.50458E-03  9.32906E-03  8.90852E-03  3.00891E+00
  3.07000E+00 -3.40296E-03  9.13457E-03  8.71403E-03  3.00871E+00
  3.11000E+00 -3.30555E-03  8.94014E-03  8.51960E-03  3.00852E+00
  3.15000E+00 -3.21212E-03  8.74576E-03  8.32522E-03  3.00833E+00
  3.18000E+00 -3.14453E-03  8.60002E-03  8.17948E-03  3.00818E+00
  3.22000E+00 -3.05757E-03  8.40573E-03  7.98519E-03  3.00799E+00
  3.26000E+00 -2.97404E-03  8.21149E-03  7.79095E-03  3.00779E+00
  3.30000E+00 -2.89377E-03  8.01729E-03  7.59675E-03  3.00760E+00
  3.35000E+00 -2.79736E-03  7.81986E-03  7.39932E-03  3.00740E+00
  3.40000E+00 -2.70552E-03  7.62250E-03  7.20195E-03  3.00720E+00
  3.45000E+00 -2.61797E-03  7.42519E-03  7.00464E-03  3.00700E+00
  3.50000E+00 -2.53445E-03  7.22794E-03  6.80739E-03  3.00681E+00
  3.53000E+00 -2.48593E-03  7.12988E-03  6.70933E-03  3.00671E+00
  3.57000E+00 -2.42330E-03  6.99917E-03  6.57863E-03  3.00658E+00
  3.61000E+00 -2.36292E-03  6.86849E-03  6.44795E-03  3.00645E+00
  3.65000E+00 -2.30468E-03  6.73784E-03  6.31730E-03  3.00632E+00
  3.68000E+00 -2.26235E-03  6.63988E-03  6.21933E-03  3.00622E+00
  3.72000E+00 -2.20763E-03  6.50928E-03  6.08873E-03  3.00609E+00
  3.76000E+00 -2.15480E-03  6.37870E-03  5.95816E-03  3.00596E+00
  3.80000E+00 -2.10378E-03  6.24816E-03  5.82762E-03  3.00583E+00
  3.85000E+00 -2.04217E-03  6.11184E-03  5.69130E-03  3.00569E+00
  3.90000E+00 -1.98313E-03  5.97556E-03  5.55502E-03  3.00556E+00
  3.95000E+00 -1.92652E-03  5.83932E-03  5.41878E-03  3.00542E+00
  4.00000E+00 -1.87220E-03  5.70311E-03  5.28257E-03  3.00528E+00
  4.02000E+00 -1.85101E-03  5.65371E-03  5.23317E-03  3.00523E+00
  4.04000E+00 -1.83016E-03  5.60431E-03  5.18377E-03  3.00518E+00
  4.06000E+00 -1.80964E-03  5.55491E-03  5.13437E-03  3.00513E+00
  4.08600E+00 -1.78347E-03  5.49071E-03  5.07017E-03  3.00507E+00
  4.14000E+00 -1.73081E-03  5.39171E-03  4.97117E-03  3.00497E+00
  4.19000E+00 -1.68402E-03  5.30008E-03  4.87953E-03  3.00488E+00
  4.25000E+00 -1.63025E-03  5.19015E-03  4.76960E-03  3.00477E+00
  4.30000E+00 -1.58730E-03  5.09856E-03  4.67802E-03  3.00468E+00
  4.35000E+00 -1.54586E-03  5.00701E-03  4.58646E-03  3.00459E+00
  4.40000E+00 -1.50596E-03  4.91547E-03  4.49493E-03  3.00449E+00
  4.45000E+00 -1.46752E-03  4.82396E-03  4.40341E-03  3.00440E+00
  4.50000E+00 -1.43047E-03  4.73246E-03  4.31192E-03  3.00431E+00
  4.58000E+00 -1.37378E-03  4.58611E-03  4.16557E-03  3.00417E+00
  4.65000E+00 -1.32679E-03  4.45809E-03  4.03755E-03  3.00404E+00
  4.73000E+00 -1.27586E-03  4.31183E-03  3.89128E-03  3.00389E+00
  4.80000E+00 -1.23356E-03  4.18388E-03  3.76333E-03  3.00376E+00
  4.85000E+00 -1.20457E-03  4.09251E-03  3.67196E-03  3.00367E+00
  4.90000E+00 -1.17655E-03  4.00115E-03  3.58060E-03  3.00358E+00
  5.00000E+00 -1.12325E-03  3.81847E-03  3.39792E-03  3.00340E+00
  5.05000E+00 -1.09786E-03  3.75643E-03  3.33588E-03  3.00334E+00
  5.10000E+00 -1.07329E-03  3.69440E-03  3.27386E-03  3.00327E+00
  5.20000E+00 -1.02645E-03  3.57039E-03  3.14984E-03  3.00315E+00
  5.31000E+00 -9.78244E-04  3.43402E-03  3.01348E-03  3.00301E+00
  5.41472E+00 -9.35315E-04  3.30424E-03  2.88370E-03  3.00288E+00
  5.49000E+00 -9.06106E-04  3.23165E-03  2.81111E-03  3.00281E+00
  5.56000E+00 -8.80010E-04  3.16417E-03  2.74363E-03  3.00274E+00
  5.63000E+00 -8.54963E-04  3.09671E-03  2.67617E-03  3.00268E+00
  5.70000E+00 -8.30924E-04  3.02926E-03  2.60872E-03  3.00261E+00
  5.78000E+00 -8.04621E-04  2.95219E-03  2.53165E-03  3.00253E+00
  5.85000E+00 -7.82574E-04  2.88477E-03  2.46423E-03  3.00246E+00
  5.92000E+00 -7.61383E-04  2.81737E-03  2.39683E-03  3.00240E+00
  6.00000E+00 -7.38157E-04  2.74035E-03  2.31981E-03  3.00232E+00
  6.10000E+00 -7.10409E-04  2.66401E-03  2.24347E-03  3.00224E+00
  6.20000E+00 -6.84131E-04  2.58769E-03  2.16715E-03  3.00217E+00
  6.30000E+00 -6.59223E-04  2.51140E-03  2.09085E-03  3.00209E+00
  6.40384E+00 -6.34709E-04  2.43219E-03  2.01164E-03  3.00201E+00
  6.55000E+00 -6.02330E-04  2.34210E-03  1.92155E-03  3.00192E+00
  6.70000E+00 -5.71448E-04  2.24968E-03  1.82913E-03  3.00183E+00
  6.85000E+00 -5.42781E-04  2.15730E-03  1.73675E-03  3.00174E+00
  6.92000E+00 -5.30104E-04  2.11420E-03  1.69365E-03  3.00169E+00
  7.00000E+00 -5.16128E-04  2.06495E-03  1.64440E-03  3.00164E+00
  7.15000E+00 -4.91247E-04  1.99711E-03  1.57656E-03  3.00158E+00
  7.30000E+00 -4.68045E-04  1.92930E-03  1.50875E-03  3.00151E+00
  7.40000E+00 -4.53438E-04  1.88410E-03  1.46356E-03  3.00146E+00
  7.50000E+00 -4.39474E-04  1.83892E-03  1.41837E-03  3.00142E+00
  7.65000E+00 -4.19654E-04  1.77116E-03  1.35062E-03  3.00135E+00
  7.80000E+00 -4.01088E-04  1.70343E-03  1.28288E-03  3.00128E+00
  7.90000E+00 -3.89356E-04  1.65828E-03  1.23774E-03  3.00124E+00
  8.00000E+00 -3.78108E-04  1.61314E-03  1.19260E-03  3.00119E+00
  8.04778E+00 -3.72881E-04  1.59543E-03  1.17489E-03  3.00117E+00
  8.30000E+00 -3.46926E-04  1.51605E-03  1.09551E-03  3.00110E+00
  8.50000E+00 -3.28140E-04  1.45313E-03  1.03259E-03  3.00103E+00
  8.80000E+00 -3.02580E-04  1.35879E-03  9.38250E-04  3.00094E+00
  9.00000E+00 -2.87093E-04  1.29593E-03  8.75387E-04  3.00088E+00
  9.30000E+00 -2.65845E-04  1.22647E-03  8.05924E-04  3.00081E+00
  9.50000E+00 -2.52906E-04  1.18018E-03  7.59637E-04  3.00076E+00
  9.80000E+00 -2.35094E-04  1.11078E-03  6.90236E-04  3.00069E+00
  1.00000E+01 -2.24197E-04  1.06453E-03  6.43985E-04  3.00064E+00
  1.03000E+01 -2.09105E-04  1.01366E-03  5.93115E-04  3.00059E+00
  1.06000E+01 -1.95420E-04  9.62813E-04  5.42270E-04  3.00054E+00
  1.09000E+01 -1.82976E-04  9.11992E-04  4.91448E-04  3.00049E+00
  1.11000E+01 -1.75299E-04  8.78123E-04  4.57578E-04  3.00046E+00
  1.12200E+01 -1.70911E-04  8.57805E-04  4.37260E-04  3.00044E+00
  1.17000E+01 -1.54838E-04  8.11727E-04  3.91182E-04  3.00039E+00
  1.21000E+01 -1.43040E-04  7.73359E-04  3.52814E-04  3.00035E+00
  1.26000E+01 -1.30017E-04  7.25432E-04  3.04887E-04  3.00030E+00
  1.30000E+01 -1.20782E-04  6.87114E-04  2.66569E-04  3.00027E+00
  1.35000E+01 -1.10457E-04  6.39241E-04  2.18696E-04  3.00022E+00
  1.40000E+01 -1.01343E-04  5.91391E-04  1.70846E-04  3.00017E+00
  1.45000E+01 -9.32630E-05  5.43563E-04  1.23018E-04  3.00012E+00
  1.50000E+01 -8.60692E-05  4.95752E-04  7.52076E-05  3.00008E+00
  1.56000E+01 -7.84135E-05  4.65450E-04  4.49048E-05  3.00004E+00
  1.62000E+01 -7.16903E-05  4.35166E-04  1.46215E-05  3.00001E+00
  1.68000E+01 -6.57577E-05  4.04899E-04 -1.56452E-05  2.99998E+00
  1.74790E+01 -5.98517E-05  3.70665E-04 -4.98797E-05  2.99995E+00
  1.81000E+01 -5.50871E-05  3.49950E-04 -7.05946E-05  2.99993E+00
  1.87000E+01 -5.09713E-05  3.29947E-04 -9.05981E-05  2.99991E+00
  2.00000E+01 -4.34335E-05  2.86637E-04 -1.33908E-04  2.99987E+00
  2.11000E+01 -3.82220E-05  2.60614E-04 -1.59931E-04  2.99984E+00
  2.21630E+01 -3.39901E-05  2.35485E-04 -1.85060E-04  2.99981E+00
  2.36000E+01 -2.92562E-05  2.13912E-04 -2.06633E-04  2.99979E+00
  2.50000E+01 -2.54957E-05  1.92914E-04 -2.27631E-04  2.99977E+00
  2.62000E+01 -2.27901E-05  1.74930E-04 -2.45615E-04  2.99975E+00
  2.74700E+01 -2.03496E-05  1.55906E-04 -2.64639E-04  2.99974E+00
  2.87000E+01 -1.83247E-05  1.44066E-04 -2.76479E-04  2.99972E+00
  3.00000E+01 -1.64817E-05  1.31560E-04 -2.88985E-04  2.99971E+00
  3.60300E+01 -1.06269E-05  9.23475E-05 -3.28197E-04  2.99967E+00
  4.00000E+01 -8.27070E-06  7.54191E-05 -3.45125E-04  2.99965E+00
  4.60000E+01 -5.91486E-06  5.74980E-05 -3.63047E-04  2.99964E+00
  5.00000E+01 -4.84262E-06  4.88912E-05 -3.71654E-04  2.99963E+00
  5.75300E+01 -3.45955E-06  3.72010E-05 -3.83344E-04  2.99962E+00
  5.95400E+01 -3.18614E-06  3.47908E-05 -3.85754E-04  2.99961E+00
  6.00000E+01 -3.12789E-06  3.42722E-05 -3.86273E-04  2.99961E+00
  6.68300E+01 -2.41671E-06  2.77667E-05 -3.92778E-04  2.99961E+00
  7.00000E+01 -2.16305E-06  2.53620E-05 -3.95183E-04  2.99960E+00
  7.49600E+01 -1.83686E-06  2.21831E-05 -3.98362E-04  2.99960E+00
  7.71100E+01 -1.71693E-06  2.09884E-05 -3.99557E-04  2.99960E+00
  8.00000E+01 -1.57253E-06  1.95288E-05 -4.01016E-04  2.99960E+00
  9.00000E+01 -1.19061E-06  1.55026E-05 -4.05042E-04  2.99959E+00
  1.00000E+02 -9.30217E-07  1.26081E-05 -4.07937E-04  2.99959E+00
  1.45400E+02 -3.87061E-07  6.04175E-06 -4.14503E-04  2.99959E+00
  1.50000E+02 -3.59826E-07  5.68219E-06 -4.14862E-04  2.99959E+00
  2.00000E+02 -1.86525E-07  3.21918E-06 -4.17326E-04  2.99958E+00
  2.44700E+02 -1.19064E-07  2.15993E-06 -4.18385E-04  2.99958E+00
  2.79200E+02 -9.02047E-08  1.66254E-06 -4.18882E-04  2.99958E+00
  3.00000E+02 -7.77672E-08  1.44182E-06 -4.19103E-04  2.99958E+00
  3.16500E+02 -6.96283E-08  1.29656E-06 -4.19249E-04  2.99958E+00
  3.20100E+02 -6.80211E-08  1.26778E-06 -4.19277E-04  2.99958E+00
  3.44300E+02 -5.85182E-08  1.09691E-06 -4.19449E-04  2.99958E+00
  4.00000E+02 -4.39221E-08  8.13714E-07 -4.19732E-04  2.99958E+00
  4.11100E+02 -4.17483E-08  7.70591E-07 -4.19775E-04  2.99958E+00
  4.11800E+02 -4.16168E-08  7.67987E-07 -4.19777E-04  2.99958E+00
  4.44000E+02 -3.61939E-08  6.61108E-07 -4.19884E-04  2.99958E+00
  4.68050E+02 -3.28210E-08  5.95099E-07 -4.19950E-04  2.99958E+00
  5.00000E+02 -2.93074E-08  5.21457E-07 -4.20024E-04  2.99958E+00
  6.00000E+02 -2.17568E-08  3.62255E-07 -4.20183E-04  2.99958E+00
  6.61600E+02 -1.89222E-08  2.97889E-07 -4.20247E-04  2.99958E+00
  7.00000E+02 -1.74572E-08  2.66102E-07 -4.20279E-04  2.99958E+00
  7.23300E+02 -1.66595E-08  2.49207E-07 -4.20296E-04  2.99958E+00
  7.78900E+02 -1.52019E-08  2.14785E-07 -4.20330E-04  2.99958E+00
  8.00000E+02 -1.47355E-08  2.03618E-07 -4.20341E-04  2.99958E+00
  8.67400E+02 -1.34093E-08  1.73328E-07 -4.20371E-04  2.99958E+00
  8.89200E+02 -1.30268E-08  1.64999E-07 -4.20380E-04  2.99958E+00
  9.00000E+02 -1.28448E-08  1.61101E-07 -4.20384E-04  2.99958E+00
  9.64000E+02 -1.18569E-08  1.40755E-07 -4.20404E-04  2.99958E+00
  1.00000E+03 -1.13614E-08  1.31394E-07 -4.20413E-04  2.99958E+00
  1.00480E+03 -1.11173E-08  1.30309E-07 -4.20414E-04  2.99958E+00
  1.08580E+03 -8.76066E-09  1.10893E-07 -4.20435E-04  2.99958E+00
  1.12050E+03 -8.44053E-09  1.03611E-07 -4.20442E-04  2.99958E+00
  1.12110E+03 -8.43669E-09  1.03492E-07 -4.20442E-04  2.99958E+00
  1.17320E+03 -8.34920E-09  9.40154E-08 -4.20451E-04  2.99958E+00
  1.27450E+03 -8.17732E-09  7.95907E-08 -4.20466E-04  2.99958E+00
  1.33250E+03 -7.89803E-09  7.28605E-08 -4.20472E-04  2.99958E+00
  1.40800E+03 -7.45840E-09  6.53802E-08 -4.20480E-04  2.99958E+00
  1.50000E+03 -6.87137E-09  5.75870E-08 -4.20488E-04  2.99958E+00
  2.00000E+03 -5.16902E-09  3.21739E-08 -4.20513E-04  2.99958E+00
  3.00000E+03 -3.51714E-09  1.41999E-08 -4.20531E-04  2.99958E+00
  4.00000E+03 -2.68902E-09  7.93169E-09 -4.20537E-04  2.99958E+00
  5.00000E+03 -2.18284E-09  5.04666E-09 -4.20540E-04  2.99958E+00
  5.00003E+03 -2.18283E-09  5.04659E-09 -4.20540E-04  2.99958E+00
  6.00000E+03 -1.83927E-09  3.48728E-09 -4.20542E-04  2.99958E+00
  7.00000E+03 -1.59031E-09  2.55126E-09 -4.20542E-04  2.99958E+00
  8.00000E+03 -1.40090E-09  1.94613E-09 -4.20543E-04  2.99958E+00
  9.00000E+03 -1.25216E-09  1.53259E-09 -4.20543E-04  2.99958E+00
  1.00000E+04 -1.13219E-09  1.23781E-09 -4.20544E-04  2.99958E+00
 *** END OF DATA ***
 
