 TITLE = Anomalous Scattering Factors, 04_Be_asf
 # COLUMNS = 5
 LABEL 1 = photon energy, E (keV)
 LABEL 2 = g'' = -f''CL = -f2
 LABEL 3 = g'
 LABEL 4 = f'
 LABEL 5 = f1
 REMARK BEGIN = 04_Be_asf
   ASF: ANOMALOUS-SCATTERING-FACTOR CONVERTER, VERSION 9A, May 21, 1996.
   ASF: RUN TIME/DATA/MACHINE= 17:29:49 May 23, 1996 www-phys
   INPUT G' FILE=  /home/rayleigh/data/asf/gbe0sl|m=RE
   INPUT G'' FILE= /home/rayleigh/data/asf/gbe0sl|m=IM
   OUTPUT FILE=    04_Be_asf
   ASF: # G' VALUES FOUND IN INPUT G' FILE=      761
   ASF: # G'' VALUES FOUND IN INPUT G'' FILE=    823
   ASF: # EXPLICIT BOUND-BOUND TRANSITIONS=     52
   ASF: INPUT G'  FILE EKEVMIN, EKEVMAX=   0.00000E+00  1.00000E+04
   ASF: INPUT G'' FILE EKEVMIN, EKEVMAX=   0.00000E+00  1.00000E+04
       OUTPUT FILE EKEVMIN, EKEVMAX=       0.00000E+00  1.00000E+04
   ASF: RETAIN INPUT-FILE ENERGY GRID.
     # UNIQUE G'/G'' ENERGIES=   1052
 REMARK END = 04_Be_asf
      E (keV)          g''           g'           f'           f1
  0.00000E+00  0.00000E+00 -3.99891E+00 -3.99972E+00  2.80000E-04
  1.00000E-03  0.00000E+00 -4.11540E+00 -4.11621E+00 -1.16211E-01
  1.50000E-03  0.00000E+00 -4.29164E+00 -4.29245E+00 -2.92454E-01
  1.78753E-03  0.00000E+00 -4.45503E+00 -4.45584E+00 -4.55837E-01
  2.00000E-03  0.00000E+00 -4.62151E+00 -4.62233E+00 -6.22334E-01
  3.00000E-03  0.00000E+00 -7.22593E+00 -7.22674E+00 -3.22674E+00
  3.30000E-03  0.00000E+00 -1.17685E+01 -1.17693E+01 -7.76932E+00
  3.57506E-03  0.00000E+00 -2.24694E+03 -2.24694E+03 -2.24294E+03
  3.57560E-03 -3.57344E+03 -1.11109E+03 -1.11109E+03 -1.10709E+03
  3.57613E-03 -7.08070E+03  3.04235E+00  3.04154E+00  7.04154E+00
  3.57720E-03  0.00000E+00  2.24732E+03  2.24732E+03  2.25132E+03
  4.00000E-03  0.00000E+00  2.69520E+00  2.69439E+00  6.69439E+00
  4.95834E-03  0.00000E+00 -1.24453E+00 -1.24535E+00  2.75465E+00
  5.00000E-03  0.00000E+00 -1.29568E+00 -1.29649E+00  2.70351E+00
  6.00000E-03  0.00000E+00 -2.02101E+00 -2.02182E+00  1.97818E+00
  6.33948E-03  0.00000E+00 -7.88943E+00 -7.89024E+00 -3.89024E+00
  6.34060E-03 -1.81377E+01 -2.15030E+00 -2.15111E+00  1.84889E+00
  6.34173E-03  0.00000E+00  3.63200E+00  3.63119E+00  7.63119E+00
  6.50320E-03  0.00000E+00 -2.15630E+00 -2.15711E+00  1.84289E+00
  6.66467E-03  0.00000E+00 -2.24053E+00 -2.24134E+00  1.75866E+00
  6.66580E-03 -2.44498E-02 -2.23324E+00 -2.23405E+00  1.76595E+00
  6.66693E-03  0.00000E+00 -2.22595E+00 -2.22676E+00  1.77324E+00
  6.93179E-03  0.00000E+00 -2.34671E+00 -2.34752E+00  1.65248E+00
  7.00000E-03  0.00000E+00 -2.38525E+00 -2.38607E+00  1.61393E+00
  7.19665E-03  0.00000E+00 -1.36703E+01 -1.36711E+01 -9.67106E+00
  7.19779E-03 -3.55792E+01 -2.38640E+00 -2.38721E+00  1.61279E+00
  7.19893E-03  0.00000E+00  8.90105E+00  8.90024E+00  1.29002E+01
  7.38417E-03  0.00000E+00 -2.39741E+00 -2.39822E+00  1.60178E+00
  7.56941E-03  0.00000E+00 -1.01754E+01 -1.01762E+01 -6.17620E+00
  7.57056E-03 -2.43507E+01 -2.43568E+00 -2.43650E+00  1.56350E+00
  7.57171E-03  0.00000E+00  5.27963E+00  5.27882E+00  9.27882E+00
  7.66803E-03  0.00000E+00 -2.44072E+00 -2.44153E+00  1.55847E+00
  7.76436E-03  0.00000E+00 -7.47666E+00 -7.47747E+00 -3.47747E+00
  7.76551E-03 -1.57072E+01 -2.50033E+00 -2.50114E+00  1.49886E+00
  7.76667E-03  0.00000E+00  2.50576E+00  2.50495E+00  6.50495E+00
  7.82280E-03  0.00000E+00 -2.46262E+00 -2.46343E+00  1.53657E+00
  7.87894E-03  0.00000E+00 -5.81070E+00 -5.81151E+00 -1.81151E+00
  7.88010E-03 -1.04109E+01 -2.49239E+00 -2.49320E+00  1.50680E+00
  7.88125E-03  0.00000E+00  7.98259E-01  7.97449E-01  4.79745E+00
  7.91660E-03  0.00000E+00 -2.47575E+00 -2.47656E+00  1.52344E+00
  7.95195E-03  0.00000E+00 -4.78342E+00 -4.78423E+00 -7.84233E-01
  7.95311E-03 -7.16798E+00 -2.50327E+00 -2.50408E+00  1.49592E+00
  7.95427E-03  0.00000E+00 -2.39140E-01 -2.39950E-01  3.76005E+00
  7.97779E-03  0.00000E+00 -2.48439E+00 -2.48520E+00  1.51480E+00
  8.00000E-03  0.00000E+00 -3.26950E+00 -3.27031E+00  7.29686E-01
  8.00131E-03  0.00000E+00 -4.13771E+00 -4.13852E+00 -1.38515E-01
  8.00247E-03 -5.11427E+00 -2.51423E+00 -2.51505E+00  1.48495E+00
  8.00363E-03  0.00000E+00 -8.90810E-01 -8.91620E-01  3.10838E+00
  8.01993E-03  0.00000E+00 -2.49033E+00 -2.49114E+00  1.50886E+00
  8.03624E-03  0.00000E+00 -3.70500E+00 -3.70581E+00  2.94190E-01
  8.03740E-03 -3.76385E+00 -2.51400E+00 -2.51481E+00  1.48519E+00
  8.03856E-03  0.00000E+00 -1.32799E+00 -1.32880E+00  2.67120E+00
  8.05020E-03  0.00000E+00 -2.49466E+00 -2.49547E+00  1.50453E+00
  8.06185E-03  0.00000E+00 -3.41525E+00 -3.41606E+00  5.83941E-01
  8.06301E-03 -2.84454E+00 -2.51906E+00 -2.51987E+00  1.48013E+00
  8.06417E-03  0.00000E+00 -1.62301E+00 -1.62382E+00  2.37618E+00
  8.07268E-03  0.00000E+00 -2.49792E+00 -2.49873E+00  1.50127E+00
  8.08119E-03  0.00000E+00 -3.20829E+00 -3.20910E+00  7.90902E-01
  8.08235E-03 -2.19913E+00 -2.52016E+00 -2.52098E+00  1.47902E+00
  8.08351E-03  0.00000E+00 -1.83224E+00 -1.83305E+00  2.16695E+00
  8.08983E-03  0.00000E+00 -2.50022E+00 -2.50103E+00  1.49897E+00
  8.09615E-03  0.00000E+00 -3.05636E+00 -3.05718E+00  9.42822E-01
  8.09732E-03 -1.73365E+00 -2.51939E+00 -2.52020E+00  1.47980E+00
  8.09848E-03  0.00000E+00 -1.98398E+00 -1.98479E+00  2.01521E+00
  8.10322E-03  0.00000E+00 -2.50200E+00 -2.50281E+00  1.49719E+00
  8.10797E-03  0.00000E+00 -2.94506E+00 -2.94587E+00  1.05413E+00
  8.10913E-03 -1.38996E+00 -2.52111E+00 -2.52192E+00  1.47808E+00
  8.11029E-03  0.00000E+00 -2.09760E+00 -2.09841E+00  1.90159E+00
  8.11387E-03  0.00000E+00 -2.50326E+00 -2.50407E+00  1.49593E+00
  8.11745E-03  0.00000E+00 -2.85767E+00 -2.85848E+00  1.14152E+00
  8.11862E-03 -1.13098E+00 -2.52012E+00 -2.52094E+00  1.47906E+00
  8.11978E-03  0.00000E+00 -2.18395E+00 -2.18476E+00  1.81524E+00
  8.12248E-03  0.00000E+00 -2.50406E+00 -2.50487E+00  1.49513E+00
  8.12519E-03  0.00000E+00 -2.78990E+00 -2.79071E+00  1.20929E+00
  8.12635E-03 -9.32282E-01 -2.52063E+00 -2.52144E+00  1.47856E+00
  8.12751E-03  0.00000E+00 -2.25229E+00 -2.25310E+00  1.74690E+00
  8.12954E-03  0.00000E+00 -2.50431E+00 -2.50512E+00  1.49488E+00
  8.13158E-03  0.00000E+00 -2.73429E+00 -2.73510E+00  1.26490E+00
  8.13274E-03 -7.77323E-01 -2.51993E+00 -2.52074E+00  1.47926E+00
  8.13390E-03  0.00000E+00 -2.30684E+00 -2.30765E+00  1.69235E+00
  8.13541E-03  0.00000E+00 -2.50461E+00 -2.50543E+00  1.49457E+00
  8.13692E-03  0.00000E+00 -2.68763E+00 -2.68844E+00  1.31156E+00
  8.13808E-03 -6.54783E-01 -2.51869E+00 -2.51950E+00  1.48050E+00
  8.13924E-03  0.00000E+00 -2.35148E+00 -2.35229E+00  1.64771E+00
  8.14033E-03  0.00000E+00 -2.50343E+00 -2.50424E+00  1.49576E+00
  8.14142E-03  0.00000E+00 -2.64622E+00 -2.64703E+00  1.35297E+00
  8.14258E-03 -5.56623E-01 -2.51556E+00 -2.51637E+00  1.48363E+00
  8.14374E-03  0.00000E+00 -2.38685E+00 -2.38766E+00  1.61234E+00
  8.14450E-03  0.00000E+00 -2.49931E+00 -2.50012E+00  1.49988E+00
  8.14526E-03  0.00000E+00 -2.60608E+00 -2.60689E+00  1.39311E+00
  8.14642E-03 -4.77076E-01 -2.50544E+00 -2.50625E+00  1.49375E+00
  8.14758E-03  0.00000E+00 -2.40072E+00 -2.40154E+00  1.59846E+00
  8.14849E-03  0.00000E+00 -2.51277E+00 -2.51358E+00  1.48642E+00
  8.14940E-03  0.00000E+00 -2.62017E+00 -2.62098E+00  1.37902E+00
  8.15056E-03 -4.12268E-01 -2.54282E+00 -2.54363E+00  1.45637E+00
  8.15172E-03  0.00000E+00 -2.48129E+00 -2.48210E+00  1.51790E+00
  8.15193E-03  0.00000E+00 -2.51976E+00 -2.52058E+00  1.47942E+00
  8.15214E-03  0.00000E+00 -2.55772E+00 -2.55853E+00  1.44147E+00
  8.15330E-03 -3.58648E-01 -2.52294E+00 -2.52375E+00  1.47625E+00
  8.15446E-03  0.00000E+00 -2.48102E+00 -2.48184E+00  1.51816E+00
  8.15499E-03  0.00000E+00 -2.56233E+00 -2.56314E+00  1.43686E+00
  8.15551E-03  0.00000E+00 -2.65309E+00 -2.65391E+00  1.34609E+00
  8.15667E-03 -5.90278E-01 -2.51968E+00 -2.52049E+00  1.47951E+00
  8.15784E-03  0.00000E+00 -2.38508E+00 -2.38589E+00  1.61411E+00
  8.15854E-03  0.00000E+00 -2.49809E+00 -2.49890E+00  1.50110E+00
  8.15925E-03  0.00000E+00 -2.60441E+00 -2.60522E+00  1.39478E+00
  8.16041E-03 -4.61938E-01 -2.51916E+00 -2.51997E+00  1.48003E+00
  8.16158E-03  0.00000E+00 -2.44069E+00 -2.44150E+00  1.55850E+00
  8.16189E-03  0.00000E+00 -2.49718E+00 -2.49799E+00  1.50201E+00
  8.16220E-03  0.00000E+00 -2.55100E+00 -2.55181E+00  1.44819E+00
  8.16336E-03 -3.68262E-01 -2.51262E+00 -2.51343E+00  1.48657E+00
  8.16452E-03  0.00000E+00 -2.47597E+00 -2.47678E+00  1.52322E+00
  8.16477E-03  0.00000E+00 -2.52110E+00 -2.52191E+00  1.47809E+00
  8.16503E-03  0.00000E+00 -2.56859E+00 -2.56941E+00  1.43059E+00
  8.16619E-03 -4.26608E-01 -2.50699E+00 -2.50780E+00  1.49220E+00
  8.16735E-03  0.00000E+00 -2.44372E+00 -2.44453E+00  1.55547E+00
  8.16768E-03  0.00000E+00 -2.50212E+00 -2.50293E+00  1.49707E+00
  8.16800E-03  0.00000E+00 -2.55848E+00 -2.55929E+00  1.44071E+00
  8.16916E-03 -4.09489E-01 -2.50209E+00 -2.50290E+00  1.49710E+00
  8.17032E-03  0.00000E+00 -2.44849E+00 -2.44930E+00  1.55070E+00
  8.17051E-03  0.00000E+00 -2.48384E+00 -2.48465E+00  1.51535E+00
  8.17070E-03  0.00000E+00 -2.51947E+00 -2.52028E+00  1.47972E+00
  8.17187E-03 -3.51313E-01 -2.49184E+00 -2.49265E+00  1.50735E+00
  8.17303E-03  0.00000E+00 -2.46602E+00 -2.46683E+00  1.53317E+00
  8.17312E-03  0.00000E+00 -2.48372E+00 -2.48453E+00  1.51547E+00
  8.17321E-03  0.00000E+00 -2.50087E+00 -2.50168E+00  1.49832E+00
  8.17437E-03 -3.52717E-01 -2.47047E+00 -2.47128E+00  1.52872E+00
  8.17553E-03  0.00000E+00 -2.43089E+00 -2.43170E+00  1.56830E+00
  8.17555E-03  0.00000E+00 -2.43382E+00 -2.43463E+00  1.56537E+00
  8.17556E-03  0.00000E+00 -2.43567E+00 -2.43648E+00  1.56352E+00
  8.17673E-03 -2.26139E-01 -2.44674E+00 -2.44755E+00  1.55245E+00
  8.17789E-03  0.00000E+00 -2.41889E+00 -2.41970E+00  1.58030E+00
  8.17890E-03  0.00000E+00 -2.48318E+00 -2.48400E+00  1.51600E+00
  8.18000E-03  0.00000E+00 -2.52969E+00 -2.53050E+00  1.46950E+00
  8.18080E-03  0.00000E+00 -2.56357E+00 -2.56438E+00  1.43562E+00
  8.18150E-03  0.00000E+00 -2.60042E+00 -2.60124E+00  1.39876E+00
  8.18180E-03  0.00000E+00 -2.61713E+00 -2.61794E+00  1.38206E+00
  8.18220E-03  0.00000E+00 -2.63902E+00 -2.63983E+00  1.36017E+00
  8.18300E-03 -1.59527E-01 -2.66737E+00 -2.66818E+00  1.33182E+00
  8.18370E-03 -1.59582E-01 -2.60790E+00 -2.60871E+00  1.39129E+00
  8.18450E-03 -1.59644E-01 -2.58927E+00 -2.59008E+00  1.40992E+00
  8.18530E-03 -1.59707E-01 -2.57820E+00 -2.57901E+00  1.42099E+00
  8.18600E-03 -1.59762E-01 -2.57151E+00 -2.57232E+00  1.42768E+00
  8.18680E-03 -1.59825E-01 -2.56586E+00 -2.56667E+00  1.43333E+00
  8.18750E-03 -1.59880E-01 -2.56205E+00 -2.56286E+00  1.43714E+00
  8.18900E-03 -1.59998E-01 -2.55610E+00 -2.55691E+00  1.44309E+00
  8.19050E-03 -1.60116E-01 -2.55200E+00 -2.55281E+00  1.44719E+00
  8.19200E-03 -1.60234E-01 -2.54901E+00 -2.54982E+00  1.45018E+00
  8.19500E-03 -1.60470E-01 -2.54496E+00 -2.54577E+00  1.45423E+00
  8.19700E-03 -1.60628E-01 -2.54315E+00 -2.54396E+00  1.45604E+00
  8.20000E-03 -1.60864E-01 -2.54118E+00 -2.54199E+00  1.45801E+00
  8.20700E-03 -1.61418E-01 -2.53855E+00 -2.53936E+00  1.46064E+00
  8.21500E-03 -1.62051E-01 -2.53714E+00 -2.53795E+00  1.46205E+00
  8.22200E-03 -1.62608E-01 -2.53658E+00 -2.53739E+00  1.46261E+00
  8.23000E-03 -1.63245E-01 -2.53635E+00 -2.53716E+00  1.46284E+00
  8.24500E-03 -1.64447E-01 -2.53654E+00 -2.53735E+00  1.46265E+00
  8.26000E-03 -1.65648E-01 -2.53713E+00 -2.53794E+00  1.46206E+00
  8.27500E-03 -1.66862E-01 -2.53794E+00 -2.53875E+00  1.46125E+00
  8.29000E-03 -1.68076E-01 -2.53886E+00 -2.53967E+00  1.46033E+00
  8.31000E-03 -1.69639E-01 -2.54019E+00 -2.54100E+00  1.45900E+00
  8.34000E-03 -1.71983E-01 -2.54234E+00 -2.54315E+00  1.45685E+00
  8.40000E-03 -1.76748E-01 -2.54676E+00 -2.54757E+00  1.45243E+00
  8.45000E-03 -1.80674E-01 -2.55038E+00 -2.55119E+00  1.44881E+00
  8.50000E-03 -1.84600E-01 -2.55389E+00 -2.55470E+00  1.44530E+00
  8.60000E-03 -1.92225E-01 -2.56059E+00 -2.56140E+00  1.43860E+00
  8.70000E-03 -1.99788E-01 -2.56686E+00 -2.56767E+00  1.43233E+00
  8.80000E-03 -2.07202E-01 -2.57258E+00 -2.57339E+00  1.42661E+00
  8.90000E-03 -2.14507E-01 -2.57809E+00 -2.57890E+00  1.42110E+00
  9.00000E-03 -2.21605E-01 -2.58258E+00 -2.58339E+00  1.41661E+00
  9.10000E-03 -2.28582E-01 -2.58708E+00 -2.58789E+00  1.41211E+00
  9.20000E-03 -2.35470E-01 -2.59091E+00 -2.59173E+00  1.40827E+00
  9.35000E-03 -2.45481E-01 -2.59617E+00 -2.59698E+00  1.40302E+00
  9.50000E-03 -2.55113E-01 -2.60040E+00 -2.60121E+00  1.39879E+00
  9.60000E-03 -2.61377E-01 -2.60297E+00 -2.60378E+00  1.39622E+00
  9.70000E-03 -2.67505E-01 -2.60519E+00 -2.60600E+00  1.39400E+00
  9.85000E-03 -2.76444E-01 -2.60795E+00 -2.60876E+00  1.39124E+00
  9.93000E-03 -2.81090E-01 -2.60916E+00 -2.60998E+00  1.39002E+00
  1.00000E-02 -2.85070E-01 -2.61009E+00 -2.61091E+00  1.38909E+00
  1.01000E-02 -2.90640E-01 -2.61120E+00 -2.61202E+00  1.38798E+00
  1.02000E-02 -2.96062E-01 -2.61208E+00 -2.61290E+00  1.38710E+00
  1.03000E-02 -3.01303E-01 -2.61276E+00 -2.61357E+00  1.38643E+00
  1.04000E-02 -3.06458E-01 -2.61324E+00 -2.61405E+00  1.38595E+00
  1.06000E-02 -3.16404E-01 -2.61366E+00 -2.61448E+00  1.38552E+00
  1.08000E-02 -3.25785E-01 -2.61345E+00 -2.61427E+00  1.38573E+00
  1.09500E-02 -3.32535E-01 -2.61291E+00 -2.61373E+00  1.38627E+00
  1.11000E-02 -3.39054E-01 -2.61208E+00 -2.61289E+00  1.38711E+00
  1.13000E-02 -3.47276E-01 -2.61054E+00 -2.61136E+00  1.38864E+00
  1.15000E-02 -3.55113E-01 -2.60857E+00 -2.60938E+00  1.39062E+00
  1.17000E-02 -3.62477E-01 -2.60631E+00 -2.60712E+00  1.39288E+00
  1.19000E-02 -3.69430E-01 -2.60368E+00 -2.60449E+00  1.39551E+00
  1.21000E-02 -3.76048E-01 -2.60072E+00 -2.60153E+00  1.39847E+00
  1.23000E-02 -3.82295E-01 -2.59746E+00 -2.59827E+00  1.40173E+00
  1.24500E-02 -3.86695E-01 -2.59483E+00 -2.59564E+00  1.40436E+00
  1.26000E-02 -3.90933E-01 -2.59205E+00 -2.59286E+00  1.40714E+00
  1.28000E-02 -3.96310E-01 -2.58813E+00 -2.58894E+00  1.41106E+00
  1.30000E-02 -4.01377E-01 -2.58398E+00 -2.58479E+00  1.41521E+00
  1.32000E-02 -4.06160E-01 -2.58006E+00 -2.58087E+00  1.41913E+00
  1.35000E-02 -4.12853E-01 -2.57382E+00 -2.57463E+00  1.42537E+00
  1.37000E-02 -4.16904E-01 -2.56943E+00 -2.57025E+00  1.42975E+00
  1.40000E-02 -4.22553E-01 -2.56255E+00 -2.56337E+00  1.43663E+00
  1.42000E-02 -4.26164E-01 -2.55826E+00 -2.55908E+00  1.44092E+00
  1.45000E-02 -4.30940E-01 -2.55157E+00 -2.55239E+00  1.44761E+00
  1.47000E-02 -4.33920E-01 -2.54695E+00 -2.54777E+00  1.45223E+00
  1.50000E-02 -4.38086E-01 -2.53981E+00 -2.54062E+00  1.45938E+00
  1.53000E-02 -4.41787E-01 -2.53337E+00 -2.53419E+00  1.46581E+00
  1.57000E-02 -4.46154E-01 -2.52445E+00 -2.52527E+00  1.47473E+00
  1.61000E-02 -4.49931E-01 -2.51518E+00 -2.51600E+00  1.48400E+00
  1.65000E-02 -4.53169E-01 -2.50560E+00 -2.50642E+00  1.49358E+00
  1.69000E-02 -4.55912E-01 -2.49725E+00 -2.49807E+00  1.50193E+00
  1.73000E-02 -4.58206E-01 -2.48864E+00 -2.48946E+00  1.51054E+00
  1.77000E-02 -4.60087E-01 -2.47982E+00 -2.48063E+00  1.51937E+00
  1.80000E-02 -4.61252E-01 -2.47306E+00 -2.47387E+00  1.52613E+00
  1.85000E-02 -4.62770E-01 -2.46309E+00 -2.46390E+00  1.53610E+00
  1.90000E-02 -4.63821E-01 -2.45286E+00 -2.45367E+00  1.54633E+00
  1.95000E-02 -4.64466E-01 -2.44323E+00 -2.44404E+00  1.55596E+00
  2.00000E-02 -4.64754E-01 -2.43390E+00 -2.43472E+00  1.56528E+00
  2.07000E-02 -4.64633E-01 -2.42194E+00 -2.42275E+00  1.57725E+00
  2.15000E-02 -4.63833E-01 -2.40790E+00 -2.40871E+00  1.59129E+00
  2.23000E-02 -4.62429E-01 -2.39562E+00 -2.39643E+00  1.60357E+00
  2.30000E-02 -4.60783E-01 -2.38465E+00 -2.38546E+00  1.61454E+00
  2.35000E-02 -4.59416E-01 -2.37766E+00 -2.37847E+00  1.62153E+00
  2.40000E-02 -4.57942E-01 -2.37059E+00 -2.37140E+00  1.62860E+00
  2.50000E-02 -4.54555E-01 -2.35771E+00 -2.35852E+00  1.64148E+00
  2.65000E-02 -4.48751E-01 -2.34031E+00 -2.34112E+00  1.65888E+00
  2.80000E-02 -4.42323E-01 -2.32509E+00 -2.32590E+00  1.67410E+00
  2.90000E-02 -4.37776E-01 -2.31609E+00 -2.31690E+00  1.68310E+00
  3.00000E-02 -4.33058E-01 -2.30791E+00 -2.30873E+00  1.69127E+00
  3.15000E-02 -4.25673E-01 -2.29724E+00 -2.29805E+00  1.70195E+00
  3.30000E-02 -4.18288E-01 -2.28829E+00 -2.28910E+00  1.71090E+00
  3.50000E-02 -4.08188E-01 -2.27873E+00 -2.27954E+00  1.72046E+00
  3.80000E-02 -3.92849E-01 -2.26937E+00 -2.27018E+00  1.72982E+00
  4.00000E-02 -3.82623E-01 -2.26614E+00 -2.26695E+00  1.73305E+00
  4.30000E-02 -3.67446E-01 -2.26570E+00 -2.26651E+00  1.73349E+00
  4.50000E-02 -3.57458E-01 -2.26810E+00 -2.26892E+00  1.73108E+00
  4.80000E-02 -3.42753E-01 -2.27584E+00 -2.27665E+00  1.72335E+00
  5.00000E-02 -3.33187E-01 -2.28360E+00 -2.28441E+00  1.71559E+00
  5.20000E-02 -3.23784E-01 -2.29349E+00 -2.29431E+00  1.70569E+00
  5.43000E-02 -3.13216E-01 -2.30753E+00 -2.30834E+00  1.69166E+00
  5.70000E-02 -3.01155E-01 -2.32774E+00 -2.32855E+00  1.67145E+00
  6.00000E-02 -2.88389E-01 -2.35492E+00 -2.35573E+00  1.64427E+00
  6.05000E-02 -2.86255E-01 -2.36002E+00 -2.36083E+00  1.63917E+00
  6.09668E-02 -2.84293E-01 -2.36481E+00 -2.36562E+00  1.63438E+00
  6.30000E-02 -2.76070E-01 -2.38753E+00 -2.38834E+00  1.61166E+00
  6.50000E-02 -2.68151E-01 -2.41238E+00 -2.41319E+00  1.58681E+00
  6.80000E-02 -2.56750E-01 -2.45486E+00 -2.45567E+00  1.54433E+00
  7.00000E-02 -2.49465E-01 -2.48680E+00 -2.48761E+00  1.51239E+00
  7.30000E-02 -2.38974E-01 -2.54090E+00 -2.54172E+00  1.45828E+00
  7.50000E-02 -2.32264E-01 -2.58148E+00 -2.58229E+00  1.41771E+00
  7.80000E-02 -2.22651E-01 -2.65014E+00 -2.65095E+00  1.34905E+00
  8.00000E-02 -2.16539E-01 -2.70179E+00 -2.70260E+00  1.29740E+00
  8.30000E-02 -2.07778E-01 -2.78965E+00 -2.79046E+00  1.20954E+00
  8.40000E-02 -2.04987E-01 -2.82210E+00 -2.82291E+00  1.17709E+00
  8.50000E-02 -2.02195E-01 -2.85634E+00 -2.85715E+00  1.14285E+00
  8.65000E-02 -1.98200E-01 -2.91139E+00 -2.91220E+00  1.08780E+00
  8.80000E-02 -1.94205E-01 -2.97136E+00 -2.97217E+00  1.02783E+00
  8.90000E-02 -1.91670E-01 -3.01440E+00 -3.01521E+00  9.84794E-01
  9.00000E-02 -1.89136E-01 -3.06015E+00 -3.06096E+00  9.39035E-01
  9.15000E-02 -1.85492E-01 -3.13456E+00 -3.13537E+00  8.64634E-01
  9.30000E-02 -1.81847E-01 -3.21689E+00 -3.21770E+00  7.82298E-01
  9.40000E-02 -1.79558E-01 -3.27686E+00 -3.27767E+00  7.22327E-01
  9.50000E-02 -1.77269E-01 -3.34146E+00 -3.34227E+00  6.57728E-01
  9.65000E-02 -1.73946E-01 -3.44859E+00 -3.44940E+00  5.50602E-01
  9.80000E-02 -1.70623E-01 -3.57037E+00 -3.57118E+00  4.28821E-01
  9.90000E-02 -1.68531E-01 -3.66146E+00 -3.66227E+00  3.37725E-01
  1.00000E-01 -1.66439E-01 -3.76210E+00 -3.76291E+00  2.37088E-01
  1.01000E-01 -1.64404E-01 -3.87412E+00 -3.87493E+00  1.25065E-01
  1.02000E-01 -1.62369E-01 -3.99994E+00 -4.00075E+00 -7.52231E-04
  1.03000E-01 -1.60422E-01 -4.14270E+00 -4.14351E+00 -1.43513E-01
  1.04000E-01 -1.58475E-01 -4.30673E+00 -4.30754E+00 -3.07544E-01
  1.05000E-01 -1.56598E-01 -4.49816E+00 -4.49897E+00 -4.98969E-01
  1.05500E-01 -1.55660E-01 -4.60679E+00 -4.60760E+00 -6.07597E-01
  1.06000E-01 -1.54721E-01 -4.72593E+00 -4.72675E+00 -7.26746E-01
  1.06700E-01 -1.53460E-01 -4.91410E+00 -4.91491E+00 -9.14915E-01
  1.07300E-01 -1.52379E-01 -5.10006E+00 -5.10087E+00 -1.10087E+00
  1.07900E-01 -1.51299E-01 -5.31526E+00 -5.31607E+00 -1.31607E+00
  1.08500E-01 -1.50218E-01 -5.56861E+00 -5.56942E+00 -1.56942E+00
  1.08800E-01 -1.49695E-01 -5.71348E+00 -5.71429E+00 -1.71429E+00
  1.09100E-01 -1.49171E-01 -5.87327E+00 -5.87408E+00 -1.87408E+00
  1.09800E-01 -1.47950E-01 -6.32174E+00 -6.32255E+00 -2.32255E+00
  1.10400E-01 -1.46925E-01 -6.82718E+00 -6.82800E+00 -2.82800E+00
  1.10700E-01 -1.46412E-01 -7.14215E+00 -7.14296E+00 -3.14296E+00
  1.11000E-01 -1.45899E-01 -7.51566E+00 -7.51647E+00 -3.51647E+00
  1.11400E-01 -1.45243E-01 -8.14135E+00 -8.14216E+00 -4.14216E+00
  1.11700E-01 -1.44750E-01 -8.75091E+00 -8.75172E+00 -4.75172E+00
  1.12000E-01 -1.44258E-01 -9.54669E+00 -9.54750E+00 -5.54750E+00
  1.12400E-01 -1.43602E-01 -1.11046E+01 -1.11054E+01 -7.10541E+00
  1.12700E-01 -1.43110E-01 -1.29904E+01 -1.29912E+01 -8.99122E+00
  1.13100E-01 -1.42453E-01 -1.80359E+01 -1.80367E+01 -1.40367E+01
  1.13400E-01 -1.41961E-01 -2.89692E+01 -2.89700E+01 -2.49700E+01
  1.13756E-01 -1.41377E-01 -2.38484E+03 -2.38484E+03 -2.38084E+03
  1.13757E-01 -2.72037E+03 -1.59172E+03 -1.59172E+03 -1.58772E+03
  1.13759E-01 -8.16083E+03 -5.47095E+00 -5.47176E+00 -1.47176E+00
  1.13762E-01 -1.41366E-01  2.37390E+03  2.37390E+03  2.37790E+03
  1.14100E-01 -1.40828E-01  1.92526E+01  1.92518E+01  2.32518E+01
  1.14300E-01 -1.40510E-01  9.87533E+00  9.87452E+00  1.38745E+01
  1.14500E-01 -1.40192E-01  5.45630E+00  5.45549E+00  9.45549E+00
  1.14650E-01 -1.39954E-01  3.37560E+00  3.37479E+00  7.37479E+00
  1.14800E-01 -1.39715E-01  1.83385E+00  1.83304E+00  5.83304E+00
  1.15000E-01 -1.39397E-01  2.59590E-01  2.58780E-01  4.25878E+00
  1.15141E-01 -1.39173E-01 -6.53584E-01 -6.54404E-01  3.34560E+00
  1.15300E-01 -1.38926E-01 -1.57312E+00 -1.57393E+00  2.42607E+00
  1.15500E-01 -1.38616E-01 -2.65916E+00 -2.65997E+00  1.34003E+00
  1.15650E-01 -1.38383E-01 -3.49054E+00 -3.49135E+00  5.08646E-01
  1.15800E-01 -1.38151E-01 -4.41186E+00 -4.41267E+00 -4.12671E-01
  1.16000E-01 -1.37841E-01 -6.00337E+00 -6.00418E+00 -2.00418E+00
  1.16200E-01 -1.37530E-01 -8.82405E+00 -8.82486E+00 -4.82486E+00
  1.16400E-01 -1.37220E-01 -1.89601E+01 -1.89609E+01 -1.49609E+01
  1.16520E-01 -1.37034E-01 -5.25043E+02 -5.25043E+02 -5.21043E+02
  1.16522E-01 -9.02254E+02 -2.91848E+02 -2.91849E+02 -2.87849E+02
  1.16524E-01 -1.80437E+03  5.30087E+01  5.30079E+01  5.70079E+01
  1.16527E-01 -1.37024E-01  5.70335E+02  5.70334E+02  5.74334E+02
  1.16610E-01 -1.36897E-01  1.79851E+01  1.79843E+01  2.19843E+01
  1.16700E-01 -1.36760E-01  6.34259E+00  6.34178E+00  1.03418E+01
  1.16830E-01 -1.36562E-01  1.17151E+00  1.17069E+00  5.17069E+00
  1.16952E-01 -1.36376E-01 -1.30179E+00 -1.30260E+00  2.69740E+00
  1.17080E-01 -1.36183E-01 -3.42296E+00 -3.42378E+00  5.76218E-01
  1.17200E-01 -1.36002E-01 -6.04110E+00 -6.04192E+00 -2.04192E+00
  1.17290E-01 -1.35867E-01 -1.07049E+01 -1.07057E+01 -6.70573E+00
  1.17378E-01 -1.35734E-01 -1.97560E+02 -1.97561E+02 -1.93561E+02
  1.17381E-01 -6.80654E+02 -3.46387E+00 -3.46469E+00  5.35315E-01
  1.17384E-01 -1.35724E-01  1.90633E+02  1.90632E+02  1.94632E+02
  1.17430E-01 -1.35655E-01  1.09060E+01  1.09052E+01  1.49052E+01
  1.17480E-01 -1.35580E-01  2.93865E+00  2.93784E+00  6.93784E+00
  1.17520E-01 -1.35520E-01  3.69227E-01  3.68417E-01  4.36842E+00
  1.17567E-01 -1.35449E-01 -1.62472E+00 -1.62553E+00  2.37447E+00
  1.17610E-01 -1.35385E-01 -3.20788E+00 -3.20870E+00  7.91300E-01
  1.17660E-01 -1.35311E-01 -5.44560E+00 -5.44641E+00 -1.44641E+00
  1.17710E-01 -1.35236E-01 -1.05152E+01 -1.05160E+01 -6.51603E+00
  1.17751E-01 -1.35175E-01 -9.66756E+01 -9.66764E+01 -9.26764E+01
  1.17754E-01 -3.28483E+02 -3.27236E+00 -3.27317E+00  7.26831E-01
  1.17757E-01 -1.35165E-01  9.01305E+01  9.01297E+01  9.41297E+01
  1.17800E-01 -1.35101E-01  3.49784E+00  3.49703E+00  7.49703E+00
  1.17851E-01 -1.35024E-01 -1.81330E+00 -1.81411E+00  2.18589E+00
  1.17900E-01 -1.34952E-01 -5.69288E+00 -5.69369E+00 -1.69369E+00
  1.17946E-01 -1.34884E-01 -5.51365E+01 -5.51373E+01 -5.11373E+01
  1.17949E-01 -1.83275E+02 -3.16322E+00 -3.16403E+00  8.35973E-01
  1.17952E-01 -1.34874E-01  4.88091E+01  4.88083E+01  5.28083E+01
  1.17980E-01 -1.34833E-01  2.11712E+00  2.11631E+00  6.11631E+00
  1.18006E-01 -1.34794E-01 -1.97020E+00 -1.97101E+00  2.02899E+00
  1.18030E-01 -1.34759E-01 -5.07057E+00 -5.07138E+00 -1.07138E+00
  1.18060E-01 -1.34715E-01 -3.48626E+01 -3.48634E+01 -3.08634E+01
  1.18063E-01 -1.12598E+02 -3.05999E+00 -3.06080E+00  9.39199E-01
  1.18066E-01 -1.34705E-01  2.87404E+01  2.87396E+01  3.27396E+01
  1.18080E-01 -1.34684E-01  3.12189E+00  3.12108E+00  7.12108E+00
  1.18099E-01 -1.34656E-01 -1.96995E+00 -1.97076E+00  2.02924E+00
  1.18120E-01 -1.34625E-01 -6.77016E+00 -6.77097E+00 -2.77097E+00
  1.18133E-01 -1.34606E-01 -2.37875E+01 -2.37883E+01 -1.97883E+01
  1.18136E-01 -7.41150E+01 -3.00134E+00 -3.00216E+00  9.97843E-01
  1.18139E-01 -1.34597E-01  1.77805E+01  1.77797E+01  2.17797E+01
  1.18161E-01 -1.34565E-01 -2.19205E+00 -2.19286E+00  1.80714E+00
  1.18182E-01 -1.34533E-01 -1.75645E+01 -1.75654E+01 -1.35654E+01
  1.18186E-01 -5.13792E+01 -1.43603E+00 -1.43684E+00  2.56316E+00
  1.18189E-01 -1.34523E-01  1.27793E+01  1.27785E+01  1.67785E+01
  1.18203E-01 -1.34503E-01 -2.23126E+00 -2.23207E+00  1.76793E+00
  1.18217E-01 -1.34482E-01 -1.29052E+01 -1.29060E+01 -8.90600E+00
  1.18220E-01 -3.70871E+01 -2.86153E+00 -2.86235E+00  1.13765E+00
  1.18223E-01 -1.34472E-01  7.17064E+00  7.16983E+00  1.11698E+01
  1.18233E-01 -1.34458E-01 -2.22049E+00 -2.22131E+00  1.77869E+00
  1.18243E-01 -1.34444E-01 -1.01474E+01 -1.01482E+01 -6.14816E+00
  1.18246E-01 -2.76554E+01 -2.93117E+00 -2.93199E+00  1.06801E+00
  1.18249E-01 -1.34434E-01  4.25618E+00  4.25537E+00  8.25537E+00
  1.18255E-01 -1.34425E-01 -1.88388E+00 -1.88469E+00  2.11531E+00
  1.18262E-01 -1.34416E-01 -7.97728E+00 -7.97809E+00 -3.97809E+00
  1.18265E-01 -2.11803E+01 -2.79235E+00 -2.79316E+00  1.20684E+00
  1.18268E-01 -1.34406E-01  2.36058E+00  2.35977E+00  6.35977E+00
  1.18272E-01 -1.34399E-01 -1.78258E+00 -1.78339E+00  2.21661E+00
  1.18277E-01 -1.34393E-01 -6.43692E+00 -6.43773E+00 -2.43773E+00
  1.18280E-01 -1.65878E+01 -2.75936E+00 -2.76017E+00  1.23983E+00
  1.18283E-01 -1.34383E-01  8.68859E-01  8.68049E-01  4.86805E+00
  1.18286E-01 -1.34380E-01 -2.24666E+00 -2.24747E+00  1.75253E+00
  1.18289E-01 -1.34376E-01 -5.23264E+00 -5.23346E+00 -1.23346E+00
  1.18292E-01 -1.32404E+01 -2.74417E+00 -2.74499E+00  1.25501E+00
  1.18295E-01 -1.34366E-01 -3.16412E-01 -3.17222E-01  3.68278E+00
  1.18297E-01 -1.34363E-01 -2.38093E+00 -2.38174E+00  1.61826E+00
  1.18299E-01 -1.34361E-01 -4.44997E+00 -4.45078E+00 -4.50778E-01
  1.18302E-01 -1.07430E+01 -3.01909E+00 -3.01990E+00  9.80103E-01
  1.18305E-01 -1.34351E-01 -1.95278E+00 -1.95359E+00  2.04641E+00
  1.18306E-01 -1.34351E-01 -2.54451E+00 -2.54532E+00  1.45468E+00
  1.18309E-01 -8.84232E+00 -2.27154E+00 -2.27235E+00  1.72765E+00
  1.18312E-01 -1.34341E-01 -1.60442E+00 -1.60523E+00  2.39477E+00
  1.18314E-01 -1.34339E-01 -3.83744E+00 -3.83825E+00  1.61746E-01
  1.18315E-01 -1.34337E-01 -5.23264E+00 -5.23345E+00 -1.23345E+00
  1.18318E-01 -1.34470E+01 -2.85954E+00 -2.86044E+00  1.13956E+00
  1.18322E-01 -1.34327E-01 -5.77296E-01 -5.78096E-01  3.42190E+00
  1.18323E-01 -1.34325E-01 -2.08956E+00 -2.09046E+00  1.90954E+00
  1.18324E-01 -1.34323E-01 -3.57803E+00 -3.57883E+00  4.21168E-01
  1.18327E-01 -9.69593E+00 -2.61693E+00 -2.61773E+00  1.38227E+00
  1.18331E-01 -1.34313E-01 -1.63720E+00 -1.63800E+00  2.36200E+00
  1.18332E-01 -1.34312E-01 -3.05680E+00 -3.05760E+00  9.42399E-01
  1.18333E-01 -1.34311E-01 -4.06710E+00 -4.06790E+00 -6.79039E-02
  1.18336E-01 -1.00946E+01 -2.89106E+00 -2.89186E+00  1.10814E+00
  1.18339E-01 -1.34301E-01 -1.87115E+00 -1.87195E+00  2.12805E+00
  1.18340E-01 -1.34300E-01 -2.71473E+00 -2.71553E+00  1.28447E+00
  1.18342E-01 -5.15900E+00 -3.21807E+00 -3.21887E+00  7.81127E-01
  1.18344E-01 -1.01837E+01 -2.47641E+00 -2.47721E+00  1.52279E+00
  1.18346E-01 -3.48409E+00 -1.81953E+00 -1.82033E+00  2.17967E+00
  1.18347E-01 -1.34289E-01 -1.68556E+00 -1.68636E+00  2.31364E+00
  1.18349E-01 -4.24403E+00 -2.32915E+00 -2.32995E+00  1.67005E+00
  1.18351E-01 -8.35378E+00 -2.07156E+00 -2.07246E+00  1.92754E+00
  1.18353E-01 -2.87411E+00 -1.83851E+00 -1.83931E+00  2.16069E+00
  1.18354E-01 -1.34279E-01 -1.91918E+00 -1.92008E+00  2.07992E+00
  1.18358E-01 -8.72919E+00 -1.56002E+00 -1.56082E+00  2.43918E+00
  1.18359E-01 -1.34272E-01 -1.16356E+00 -1.16436E+00  2.83564E+00
  1.18360E-01 -1.34270E-01 -7.90699E-01 -7.91499E-01  3.20850E+00
  1.18361E-01 -1.34269E-01 -4.39017E-01 -4.39817E-01  3.56018E+00
  1.18362E-01 -4.91215E-01 -1.36013E+00 -1.36093E+00  2.63907E+00
  1.18365E-01 -7.12455E-01 -4.11649E+00 -4.11729E+00 -1.17291E-01
  1.18367E-01 -1.60140E+00 -4.74705E+00 -4.74785E+00 -7.47848E-01
  1.18369E-01 -4.30805E+00 -4.91584E+00 -4.91664E+00 -9.16640E-01
  1.18371E-01 -4.31172E+00 -4.60438E+00 -4.60528E+00 -6.05280E-01
  1.18373E-01 -4.31148E+00 -3.73677E+00 -3.73767E+00  2.62329E-01
  1.18375E-01 -4.31124E+00 -3.62223E+00 -3.62303E+00  3.76970E-01
  1.18376E-01 -4.31112E+00 -3.45869E+00 -3.45949E+00  5.40510E-01
  1.18378E-01 -4.31088E+00 -3.34908E+00 -3.34988E+00  6.50123E-01
  1.18380E-01 -4.31064E+00 -3.26950E+00 -3.27030E+00  7.29697E-01
  1.18382E-01 -4.31040E+00 -3.20827E+00 -3.20907E+00  7.90933E-01
  1.18385E-01 -4.31004E+00 -3.13993E+00 -3.14073E+00  8.59266E-01
  1.18388E-01 -4.30969E+00 -3.08989E+00 -3.09069E+00  9.09314E-01
  1.18390E-01 -4.30945E+00 -3.06272E+00 -3.06352E+00  9.36477E-01
  1.18393E-01 -4.30909E+00 -3.02970E+00 -3.03050E+00  9.69498E-01
  1.18395E-01 -4.30885E+00 -3.01094E+00 -3.01174E+00  9.88264E-01
  1.18398E-01 -4.30850E+00 -2.98719E+00 -2.98799E+00  1.01201E+00
  1.18400E-01 -4.30826E+00 -2.97381E+00 -2.97461E+00  1.02539E+00
  1.18403E-01 -4.30790E+00 -2.95592E+00 -2.95682E+00  1.04318E+00
  1.18407E-01 -4.30742E+00 -2.93639E+00 -2.93719E+00  1.06281E+00
  1.18411E-01 -4.30695E+00 -2.91982E+00 -2.92062E+00  1.07938E+00
  1.18415E-01 -4.30647E+00 -2.90588E+00 -2.90668E+00  1.09332E+00
  1.18418E-01 -4.30611E+00 -2.89662E+00 -2.89743E+00  1.10257E+00
  1.18422E-01 -4.30563E+00 -2.88582E+00 -2.88663E+00  1.11337E+00
  1.18426E-01 -4.30516E+00 -2.87634E+00 -2.87715E+00  1.12285E+00
  1.18430E-01 -4.30468E+00 -2.86812E+00 -2.86893E+00  1.13107E+00
  1.18437E-01 -4.30385E+00 -2.85547E+00 -2.85628E+00  1.14372E+00
  1.18445E-01 -4.30290E+00 -2.84354E+00 -2.84435E+00  1.15565E+00
  1.18453E-01 -4.30194E+00 -2.83368E+00 -2.83449E+00  1.16551E+00
  1.18460E-01 -4.30111E+00 -2.82614E+00 -2.82695E+00  1.17305E+00
  1.18470E-01 -4.29992E+00 -2.81696E+00 -2.81777E+00  1.18223E+00
  1.18480E-01 -4.29873E+00 -2.80913E+00 -2.80994E+00  1.19006E+00
  1.18490E-01 -4.29754E+00 -2.80225E+00 -2.80306E+00  1.19694E+00
  1.18500E-01 -4.29635E+00 -2.79633E+00 -2.79715E+00  1.20285E+00
  1.18510E-01 -4.29516E+00 -2.79155E+00 -2.79236E+00  1.20764E+00
  1.18520E-01 -4.29398E+00 -2.78608E+00 -2.78689E+00  1.21311E+00
  1.18535E-01 -4.29220E+00 -2.77961E+00 -2.78042E+00  1.21958E+00
  1.18550E-01 -4.29042E+00 -2.77385E+00 -2.77466E+00  1.22534E+00
  1.18560E-01 -4.28923E+00 -2.77028E+00 -2.77109E+00  1.22891E+00
  1.18570E-01 -4.28805E+00 -2.76699E+00 -2.76780E+00  1.23220E+00
  1.18585E-01 -4.28627E+00 -2.76237E+00 -2.76318E+00  1.23682E+00
  1.18600E-01 -4.28449E+00 -2.75811E+00 -2.75892E+00  1.24108E+00
  1.18620E-01 -4.28213E+00 -2.75284E+00 -2.75365E+00  1.24635E+00
  1.18650E-01 -4.27858E+00 -2.74561E+00 -2.74642E+00  1.25358E+00
  1.18670E-01 -4.27622E+00 -2.74118E+00 -2.74199E+00  1.25801E+00
  1.18700E-01 -4.27268E+00 -2.73494E+00 -2.73575E+00  1.26425E+00
  1.18715E-01 -4.27091E+00 -2.73196E+00 -2.73277E+00  1.26723E+00
  1.18730E-01 -4.26915E+00 -2.72913E+00 -2.72994E+00  1.27006E+00
  1.18770E-01 -4.26444E+00 -2.72184E+00 -2.72265E+00  1.27735E+00
  1.18810E-01 -4.25974E+00 -2.71498E+00 -2.71579E+00  1.28421E+00
  1.18850E-01 -4.25503E+00 -2.70846E+00 -2.70928E+00  1.29072E+00
  1.18880E-01 -4.25152E+00 -2.70378E+00 -2.70459E+00  1.29541E+00
  1.18920E-01 -4.24684E+00 -2.69773E+00 -2.69854E+00  1.30146E+00
  1.18960E-01 -4.24216E+00 -2.69193E+00 -2.69274E+00  1.30726E+00
  1.19000E-01 -4.23748E+00 -2.68646E+00 -2.68727E+00  1.31273E+00
  1.19030E-01 -4.23428E+00 -2.68244E+00 -2.68325E+00  1.31675E+00
  1.19070E-01 -4.23002E+00 -2.67703E+00 -2.67784E+00  1.32216E+00
  1.19110E-01 -4.22575E+00 -2.67164E+00 -2.67245E+00  1.32755E+00
  1.19150E-01 -4.22148E+00 -2.66630E+00 -2.66711E+00  1.33289E+00
  1.19220E-01 -4.21402E+00 -2.65708E+00 -2.65789E+00  1.34211E+00
  1.19300E-01 -4.20549E+00 -2.64672E+00 -2.64753E+00  1.35247E+00
  1.19350E-01 -4.20022E+00 -2.64036E+00 -2.64117E+00  1.35883E+00
  1.19400E-01 -4.19495E+00 -2.63408E+00 -2.63489E+00  1.36511E+00
  1.19450E-01 -4.18968E+00 -2.62787E+00 -2.62868E+00  1.37132E+00
  1.19500E-01 -4.18442E+00 -2.62175E+00 -2.62256E+00  1.37744E+00
  1.19600E-01 -4.17388E+00 -2.60977E+00 -2.61058E+00  1.38942E+00
  1.19700E-01 -4.16334E+00 -2.59839E+00 -2.59920E+00  1.40080E+00
  1.19770E-01 -4.15671E+00 -2.59062E+00 -2.59143E+00  1.40857E+00
  1.19850E-01 -4.14913E+00 -2.58153E+00 -2.58234E+00  1.41766E+00
  1.19920E-01 -4.14250E+00 -2.57357E+00 -2.57438E+00  1.42562E+00
  1.20000E-01 -4.13493E+00 -2.56451E+00 -2.56532E+00  1.43468E+00
  1.20100E-01 -4.12545E+00 -2.55330E+00 -2.55412E+00  1.44588E+00
  1.20200E-01 -4.11598E+00 -2.54224E+00 -2.54305E+00  1.45695E+00
  1.20300E-01 -4.10651E+00 -2.53136E+00 -2.53217E+00  1.46783E+00
  1.20400E-01 -4.09704E+00 -2.52083E+00 -2.52164E+00  1.47836E+00
  1.20470E-01 -4.09086E+00 -2.51357E+00 -2.51438E+00  1.48562E+00
  1.20550E-01 -4.08380E+00 -2.50523E+00 -2.50604E+00  1.49396E+00
  1.20700E-01 -4.07055E+00 -2.48963E+00 -2.49044E+00  1.50956E+00
  1.20850E-01 -4.05731E+00 -2.47439E+00 -2.47520E+00  1.52480E+00
  1.21000E-01 -4.04407E+00 -2.45983E+00 -2.46064E+00  1.53936E+00
  1.21200E-01 -4.02820E+00 -2.44069E+00 -2.44150E+00  1.55850E+00
  1.21400E-01 -4.01233E+00 -2.42138E+00 -2.42219E+00  1.57781E+00
  1.21600E-01 -3.99645E+00 -2.40223E+00 -2.40304E+00  1.59696E+00
  1.21800E-01 -3.98058E+00 -2.38422E+00 -2.38504E+00  1.61496E+00
  1.21950E-01 -3.96969E+00 -2.37085E+00 -2.37166E+00  1.62834E+00
  1.22100E-01 -3.95880E+00 -2.35744E+00 -2.35825E+00  1.64175E+00
  1.22300E-01 -3.94428E+00 -2.33973E+00 -2.34054E+00  1.65946E+00
  1.22500E-01 -3.92976E+00 -2.32270E+00 -2.32351E+00  1.67649E+00
  1.22700E-01 -3.91641E+00 -2.30597E+00 -2.30678E+00  1.69322E+00
  1.22900E-01 -3.90307E+00 -2.28920E+00 -2.29001E+00  1.70999E+00
  1.23100E-01 -3.88972E+00 -2.27274E+00 -2.27355E+00  1.72645E+00
  1.23300E-01 -3.87637E+00 -2.25691E+00 -2.25772E+00  1.74228E+00
  1.23600E-01 -3.85807E+00 -2.23356E+00 -2.23437E+00  1.76563E+00
  1.24000E-01 -3.83366E+00 -2.20314E+00 -2.20395E+00  1.79605E+00
  1.24400E-01 -3.81116E+00 -2.17367E+00 -2.17448E+00  1.82552E+00
  1.24700E-01 -3.79429E+00 -2.15217E+00 -2.15298E+00  1.84702E+00
  1.25100E-01 -3.77356E+00 -2.12407E+00 -2.12488E+00  1.87512E+00
  1.25500E-01 -3.75282E+00 -2.09668E+00 -2.09749E+00  1.90251E+00
  1.25800E-01 -3.73841E+00 -2.07666E+00 -2.07747E+00  1.92253E+00
  1.26200E-01 -3.71919E+00 -2.05048E+00 -2.05129E+00  1.94871E+00
  1.26600E-01 -3.70131E+00 -2.02491E+00 -2.02572E+00  1.97428E+00
  1.27000E-01 -3.68343E+00 -2.00002E+00 -2.00083E+00  1.99917E+00
  1.27400E-01 -3.66720E+00 -1.97558E+00 -1.97639E+00  2.02361E+00
  1.27800E-01 -3.65097E+00 -1.95115E+00 -1.95196E+00  2.04804E+00
  1.28200E-01 -3.63497E+00 -1.92725E+00 -1.92806E+00  2.07194E+00
  1.28500E-01 -3.62297E+00 -1.91002E+00 -1.91084E+00  2.08916E+00
  1.28800E-01 -3.61197E+00 -1.89312E+00 -1.89393E+00  2.10607E+00
  1.29200E-01 -3.59730E+00 -1.87074E+00 -1.87155E+00  2.12845E+00
  1.29600E-01 -3.58346E+00 -1.84874E+00 -1.84956E+00  2.15044E+00
  1.30000E-01 -3.56962E+00 -1.82721E+00 -1.82802E+00  2.17198E+00
  1.30700E-01 -3.54744E+00 -1.78999E+00 -1.79080E+00  2.20920E+00
  1.31500E-01 -3.52210E+00 -1.74864E+00 -1.74945E+00  2.25055E+00
  1.32200E-01 -3.50211E+00 -1.71348E+00 -1.71429E+00  2.28571E+00
  1.33000E-01 -3.47927E+00 -1.67412E+00 -1.67493E+00  2.32507E+00
  1.33500E-01 -3.46603E+00 -1.65014E+00 -1.65095E+00  2.34905E+00
  1.34000E-01 -3.45280E+00 -1.62647E+00 -1.62728E+00  2.37272E+00
  1.34500E-01 -3.44028E+00 -1.60312E+00 -1.60393E+00  2.39607E+00
  1.35000E-01 -3.42776E+00 -1.58015E+00 -1.58096E+00  2.41904E+00
  1.35800E-01 -3.40944E+00 -1.54379E+00 -1.54460E+00  2.45540E+00
  1.36500E-01 -3.39341E+00 -1.51205E+00 -1.51286E+00  2.48714E+00
  1.37300E-01 -3.37508E+00 -1.47649E+00 -1.47730E+00  2.52270E+00
  1.38000E-01 -3.35905E+00 -1.44625E+00 -1.44706E+00  2.55294E+00
  1.38500E-01 -3.34856E+00 -1.42502E+00 -1.42583E+00  2.57417E+00
  1.39000E-01 -3.33807E+00 -1.40380E+00 -1.40461E+00  2.59539E+00
  1.40000E-01 -3.31709E+00 -1.36202E+00 -1.36283E+00  2.63717E+00
  1.40700E-01 -3.30319E+00 -1.33327E+00 -1.33408E+00  2.66592E+00
  1.41500E-01 -3.28730E+00 -1.30075E+00 -1.30156E+00  2.69844E+00
  1.42300E-01 -3.27140E+00 -1.26870E+00 -1.26951E+00  2.73049E+00
  1.43000E-01 -3.25750E+00 -1.24103E+00 -1.24184E+00  2.75816E+00
  1.44000E-01 -3.23827E+00 -1.20213E+00 -1.20294E+00  2.79706E+00
  1.45000E-01 -3.21904E+00 -1.16377E+00 -1.16458E+00  2.83542E+00
  1.46500E-01 -3.19055E+00 -1.10763E+00 -1.10844E+00  2.89156E+00
  1.48000E-01 -3.16206E+00 -1.05288E+00 -1.05369E+00  2.94631E+00
  1.49000E-01 -3.14306E+00 -1.01708E+00 -1.01789E+00  2.98211E+00
  1.50000E-01 -3.12407E+00 -9.81818E-01 -9.82628E-01  3.01737E+00
  1.51500E-01 -3.09506E+00 -9.30435E-01 -9.31245E-01  3.06876E+00
  1.53000E-01 -3.06604E+00 -8.80876E-01 -8.81686E-01  3.11831E+00
  1.54000E-01 -3.04670E+00 -8.48110E-01 -8.48920E-01  3.15108E+00
  1.55000E-01 -3.02736E+00 -8.15989E-01 -8.16799E-01  3.18320E+00
  1.56500E-01 -2.99773E+00 -7.69821E-01 -7.70631E-01  3.22937E+00
  1.58000E-01 -2.96811E+00 -7.24505E-01 -7.25316E-01  3.27468E+00
  1.59000E-01 -2.94836E+00 -6.94949E-01 -6.95760E-01  3.30424E+00
  1.60000E-01 -2.92861E+00 -6.66561E-01 -6.67372E-01  3.33263E+00
  1.61500E-01 -2.89861E+00 -6.25094E-01 -6.25905E-01  3.37409E+00
  1.63000E-01 -2.86861E+00 -5.84326E-01 -5.85137E-01  3.41486E+00
  1.64000E-01 -2.84861E+00 -5.58362E-01 -5.59173E-01  3.44083E+00
  1.65000E-01 -2.82861E+00 -5.32713E-01 -5.33524E-01  3.46648E+00
  1.65800E-01 -2.81231E+00 -5.12614E-01 -5.13425E-01  3.48657E+00
  1.66500E-01 -2.79805E+00 -4.95655E-01 -4.96466E-01  3.50353E+00
  1.67300E-01 -2.78175E+00 -4.76716E-01 -4.77527E-01  3.52247E+00
  1.68000E-01 -2.76749E+00 -4.60435E-01 -4.61246E-01  3.53875E+00
  1.69000E-01 -2.74711E+00 -4.37368E-01 -4.38179E-01  3.56182E+00
  1.70000E-01 -2.72674E+00 -4.14868E-01 -4.15679E-01  3.58432E+00
  1.71000E-01 -2.70664E+00 -3.93214E-01 -3.94025E-01  3.60598E+00
  1.72000E-01 -2.68653E+00 -3.71905E-01 -3.72716E-01  3.62728E+00
  1.73000E-01 -2.66643E+00 -3.51189E-01 -3.52000E-01  3.64800E+00
  1.74000E-01 -2.64632E+00 -3.31308E-01 -3.32119E-01  3.66788E+00
  1.74800E-01 -2.63024E+00 -3.15799E-01 -3.16610E-01  3.68339E+00
  1.75500E-01 -2.61617E+00 -3.02434E-01 -3.03245E-01  3.69675E+00
  1.76200E-01 -2.60209E+00 -2.89037E-01 -2.89848E-01  3.71015E+00
  1.77000E-01 -2.58601E+00 -2.74293E-01 -2.75104E-01  3.72490E+00
  1.77700E-01 -2.57236E+00 -2.61783E-01 -2.62594E-01  3.73741E+00
  1.78500E-01 -2.55676E+00 -2.47820E-01 -2.48631E-01  3.75137E+00
  1.79300E-01 -2.54116E+00 -2.34133E-01 -2.34944E-01  3.76506E+00
  1.80000E-01 -2.52751E+00 -2.22277E-01 -2.23088E-01  3.77691E+00
  1.81000E-01 -2.50800E+00 -2.05767E-01 -2.06578E-01  3.79342E+00
  1.82000E-01 -2.48850E+00 -1.89764E-01 -1.90575E-01  3.80943E+00
  1.82700E-01 -2.47485E+00 -1.78834E-01 -1.79645E-01  3.82035E+00
  1.83300E-01 -2.46315E+00 -1.69710E-01 -1.70521E-01  3.82948E+00
  1.84700E-01 -2.43683E+00 -1.49021E-01 -1.49832E-01  3.85017E+00
  1.86000E-01 -2.41238E+00 -1.30420E-01 -1.31230E-01  3.86877E+00
  1.87000E-01 -2.39358E+00 -1.16776E-01 -1.17587E-01  3.88241E+00
  1.88000E-01 -2.37478E+00 -1.03550E-01 -1.04361E-01  3.89564E+00
  1.89000E-01 -2.35673E+00 -9.06887E-02 -9.14997E-02  3.90850E+00
  1.90000E-01 -2.33868E+00 -7.80708E-02 -7.88818E-02  3.92112E+00
  1.91000E-01 -2.32063E+00 -6.58154E-02 -6.66264E-02  3.93337E+00
  1.92000E-01 -2.30258E+00 -5.40357E-02 -5.48467E-02  3.94515E+00
  1.93000E-01 -2.28523E+00 -4.26209E-02 -4.34319E-02  3.95657E+00
  1.94000E-01 -2.26788E+00 -3.15240E-02 -3.23350E-02  3.96766E+00
  1.95000E-01 -2.25054E+00 -2.06659E-02 -2.14769E-02  3.97852E+00
  1.96000E-01 -2.23319E+00 -1.01163E-02 -1.09273E-02  3.98907E+00
  1.97000E-01 -2.21636E+00  5.90647E-05 -7.51935E-04  3.99925E+00
  1.98000E-01 -2.19952E+00  9.93286E-03  9.12186E-03  4.00912E+00
  1.99000E-01 -2.18311E+00  1.95425E-02  1.87315E-02  4.01873E+00
  1.99500E-01 -2.17490E+00  2.42687E-02  2.34577E-02  4.02346E+00
  2.00000E-01 -2.16669E+00  2.89496E-02  2.81386E-02  4.02814E+00
  2.00700E-01 -2.15543E+00  3.53888E-02  3.45778E-02  4.03458E+00
  2.01500E-01 -2.14257E+00  4.25324E-02  4.17214E-02  4.04172E+00
  2.02300E-01 -2.12970E+00  4.94890E-02  4.86780E-02  4.04868E+00
  2.03000E-01 -2.11844E+00  5.54398E-02  5.46288E-02  4.05463E+00
  2.04000E-01 -2.10285E+00  6.37316E-02  6.29206E-02  4.06292E+00
  2.05000E-01 -2.08726E+00  7.17857E-02  7.09748E-02  4.07097E+00
  2.06500E-01 -2.06458E+00  8.34545E-02  8.26436E-02  4.08264E+00
  2.08000E-01 -2.04190E+00  9.46546E-02  9.38436E-02  4.09384E+00
  2.09000E-01 -2.02723E+00  1.01875E-01  1.01064E-01  4.10106E+00
  2.10000E-01 -2.01256E+00  1.08912E-01  1.08101E-01  4.10810E+00
  2.11500E-01 -1.99120E+00  1.19127E-01  1.18316E-01  4.11832E+00
  2.13000E-01 -1.96984E+00  1.28970E-01  1.28159E-01  4.12816E+00
  2.14000E-01 -1.95602E+00  1.35344E-01  1.34533E-01  4.13453E+00
  2.15000E-01 -1.94220E+00  1.41598E-01  1.40787E-01  4.14079E+00
  2.16500E-01 -1.92214E+00  1.50669E-01  1.49858E-01  4.14986E+00
  2.18000E-01 -1.90209E+00  1.59335E-01  1.58524E-01  4.15852E+00
  2.19000E-01 -1.88872E+00  1.64929E-01  1.64118E-01  4.16412E+00
  2.20000E-01 -1.87535E+00  1.70373E-01  1.69562E-01  4.16956E+00
  2.21500E-01 -1.85641E+00  1.78288E-01  1.77477E-01  4.17748E+00
  2.23000E-01 -1.83748E+00  1.85910E-01  1.85099E-01  4.18510E+00
  2.24000E-01 -1.82485E+00  1.90840E-01  1.90029E-01  4.19003E+00
  2.25000E-01 -1.81223E+00  1.95651E-01  1.94840E-01  4.19484E+00
  2.28000E-01 -1.77643E+00  2.09441E-01  2.08630E-01  4.20863E+00
  2.30000E-01 -1.75256E+00  2.18176E-01  2.17365E-01  4.21737E+00
  2.33000E-01 -1.71843E+00  2.30510E-01  2.29699E-01  4.22970E+00
  2.35000E-01 -1.69567E+00  2.38214E-01  2.37403E-01  4.23740E+00
  2.38000E-01 -1.66334E+00  2.49136E-01  2.48325E-01  4.24832E+00
  2.40000E-01 -1.64178E+00  2.56097E-01  2.55286E-01  4.25529E+00
  2.42000E-01 -1.62113E+00  2.62746E-01  2.61935E-01  4.26194E+00
  2.45000E-01 -1.59016E+00  2.72045E-01  2.71234E-01  4.27123E+00
  2.48000E-01 -1.56076E+00  2.80741E-01  2.79930E-01  4.27993E+00
  2.50000E-01 -1.54116E+00  2.86342E-01  2.85531E-01  4.28553E+00
  2.53000E-01 -1.51277E+00  2.94197E-01  2.93386E-01  4.29339E+00
  2.55000E-01 -1.49384E+00  2.99015E-01  2.98204E-01  4.29820E+00
  2.58000E-01 -1.46684E+00  3.05777E-01  3.04966E-01  4.30497E+00
  2.60000E-01 -1.44884E+00  3.10023E-01  3.09212E-01  4.30921E+00
  2.64000E-01 -1.41442E+00  3.18028E-01  3.17217E-01  4.31722E+00
  2.66000E-01 -1.39760E+00  3.21956E-01  3.21145E-01  4.32114E+00
  2.68000E-01 -1.38079E+00  3.25506E-01  3.24695E-01  4.32469E+00
  2.71000E-01 -1.35652E+00  3.30379E-01  3.29568E-01  4.32957E+00
  2.73000E-01 -1.34034E+00  3.33384E-01  3.32573E-01  4.33257E+00
  2.77000E-01 -1.30935E+00  3.38928E-01  3.38117E-01  4.33812E+00
  2.80000E-01 -1.28686E+00  3.42825E-01  3.42014E-01  4.34201E+00
  2.83000E-01 -1.26465E+00  3.46397E-01  3.45586E-01  4.34559E+00
  2.86000E-01 -1.24335E+00  3.49540E-01  3.48729E-01  4.34873E+00
  2.89000E-01 -1.22206E+00  3.52402E-01  3.51591E-01  4.35159E+00
  2.95000E-01 -1.18141E+00  3.57361E-01  3.56550E-01  4.35655E+00
  2.98000E-01 -1.16187E+00  3.59424E-01  3.58613E-01  4.35861E+00
  3.00000E-01 -1.14912E+00  3.60721E-01  3.59910E-01  4.35991E+00
  3.05000E-01 -1.11786E+00  3.63419E-01  3.62608E-01  4.36261E+00
  3.10000E-01 -1.08793E+00  3.65402E-01  3.64591E-01  4.36459E+00
  3.15000E-01 -1.05927E+00  3.66871E-01  3.66060E-01  4.36606E+00
  3.20000E-01 -1.03179E+00  3.67979E-01  3.67168E-01  4.36717E+00
  3.24000E-01 -1.01043E+00  3.68400E-01  3.67589E-01  4.36759E+00
  3.28000E-01 -9.89755E-01  3.68859E-01  3.68048E-01  4.36805E+00
  3.32000E-01 -9.69751E-01  3.68812E-01  3.68001E-01  4.36800E+00
  3.35000E-01 -9.55167E-01  3.68798E-01  3.67987E-01  4.36799E+00
  3.39000E-01 -9.36258E-01  3.68411E-01  3.67600E-01  4.36760E+00
  3.43000E-01 -9.17939E-01  3.68053E-01  3.67242E-01  4.36724E+00
  3.47000E-01 -9.00185E-01  3.67433E-01  3.66622E-01  4.36662E+00
  3.50000E-01 -8.87226E-01  3.66985E-01  3.66174E-01  4.36617E+00
  3.55000E-01 -8.66162E-01  3.66000E-01  3.65189E-01  4.36519E+00
  3.60000E-01 -8.45883E-01  3.64806E-01  3.63995E-01  4.36399E+00
  3.65000E-01 -8.26349E-01  3.63417E-01  3.62606E-01  4.36261E+00
  3.70000E-01 -8.07522E-01  3.62062E-01  3.61251E-01  4.36125E+00
  3.76000E-01 -7.85619E-01  3.60079E-01  3.59268E-01  4.35927E+00
  3.81000E-01 -7.68077E-01  3.58460E-01  3.57649E-01  4.35765E+00
  3.86000E-01 -7.51148E-01  3.56572E-01  3.55761E-01  4.35576E+00
  3.91400E-01 -7.33519E-01  3.54563E-01  3.53752E-01  4.35375E+00
  3.91900E-01 -7.31920E-01  3.54369E-01  3.53558E-01  4.35356E+00
  3.92400E-01 -7.30326E-01  3.54175E-01  3.53364E-01  4.35336E+00
  3.93400E-01 -7.27156E-01  3.53785E-01  3.52974E-01  4.35297E+00
  3.97000E-01 -7.15920E-01  3.52382E-01  3.51571E-01  4.35157E+00
  3.98500E-01 -7.11320E-01  3.51815E-01  3.51004E-01  4.35100E+00
  4.00000E-01 -7.06766E-01  3.51250E-01  3.50439E-01  4.35044E+00
  4.05000E-01 -6.91696E-01  3.49196E-01  3.48385E-01  4.34839E+00
  4.10000E-01 -6.77127E-01  3.47163E-01  3.46352E-01  4.34635E+00
  4.15000E-01 -6.63036E-01  3.44996E-01  3.44185E-01  4.34419E+00
  4.20000E-01 -6.49402E-01  3.42848E-01  3.42037E-01  4.34204E+00
  4.28000E-01 -6.28203E-01  3.39153E-01  3.38342E-01  4.33834E+00
  4.35000E-01 -6.10531E-01  3.35953E-01  3.35142E-01  4.33514E+00
  4.43000E-01 -5.91272E-01  3.32113E-01  3.31302E-01  4.33130E+00
  4.50000E-01 -5.75190E-01  3.28783E-01  3.27972E-01  4.32797E+00
  4.55000E-01 -5.63993E-01  3.26305E-01  3.25494E-01  4.32549E+00
  4.60000E-01 -5.53132E-01  3.23840E-01  3.23029E-01  4.32303E+00
  4.65000E-01 -5.42595E-01  3.21386E-01  3.20575E-01  4.32057E+00
  4.70000E-01 -5.32368E-01  3.18943E-01  3.18132E-01  4.31813E+00
  4.78000E-01 -5.16508E-01  3.14910E-01  3.14099E-01  4.31410E+00
  4.85000E-01 -5.03226E-01  3.11402E-01  3.10591E-01  4.31059E+00
  4.93000E-01 -4.88687E-01  3.07415E-01  3.06604E-01  4.30660E+00
  5.00000E-01 -4.76495E-01  3.03944E-01  3.03133E-01  4.30313E+00
  5.03000E-01 -4.71377E-01  3.02457E-01  3.01646E-01  4.30165E+00
  5.06000E-01 -4.66344E-01  3.00972E-01  3.00161E-01  4.30016E+00
  5.12000E-01 -4.56524E-01  2.98010E-01  2.97199E-01  4.29720E+00
  5.18000E-01 -4.47023E-01  2.95055E-01  2.94244E-01  4.29424E+00
  5.24900E-01 -4.36471E-01  2.91670E-01  2.90859E-01  4.29086E+00
  5.32000E-01 -4.25995E-01  2.88291E-01  2.87480E-01  4.28748E+00
  5.40000E-01 -4.14610E-01  2.84498E-01  2.83687E-01  4.28369E+00
  5.50000E-01 -4.01028E-01  2.79778E-01  2.78967E-01  4.27897E+00
  5.60000E-01 -3.88048E-01  2.75080E-01  2.74269E-01  4.27427E+00
  5.70000E-01 -3.75706E-01  2.70614E-01  2.69803E-01  4.26980E+00
  5.80000E-01 -3.63961E-01  2.66167E-01  2.65356E-01  4.26536E+00
  5.90000E-01 -3.52704E-01  2.61737E-01  2.60926E-01  4.26093E+00
  6.00000E-01 -3.41976E-01  2.57323E-01  2.56512E-01  4.25651E+00
  6.10000E-01 -3.31683E-01  2.53192E-01  2.52381E-01  4.25238E+00
  6.20000E-01 -3.21860E-01  2.49075E-01  2.48264E-01  4.24826E+00
  6.30000E-01 -3.12416E-01  2.44971E-01  2.44160E-01  4.24416E+00
  6.40000E-01 -3.03391E-01  2.40878E-01  2.40067E-01  4.24007E+00
  6.50000E-01 -2.94761E-01  2.37046E-01  2.36235E-01  4.23624E+00
  6.60000E-01 -2.86430E-01  2.33224E-01  2.32413E-01  4.23241E+00
  6.68000E-01 -2.80021E-01  2.30174E-01  2.29363E-01  4.22936E+00
  6.76800E-01 -2.73223E-01  2.26825E-01  2.26014E-01  4.22601E+00
  6.82000E-01 -2.69323E-01  2.24924E-01  2.24113E-01  4.22411E+00
  6.88000E-01 -2.64929E-01  2.22733E-01  2.21922E-01  4.22192E+00
  6.94000E-01 -2.60644E-01  2.20604E-01  2.19793E-01  4.21979E+00
  7.00000E-01 -2.56464E-01  2.18478E-01  2.17667E-01  4.21767E+00
  7.08000E-01 -2.51009E-01  2.15749E-01  2.14938E-01  4.21494E+00
  7.15000E-01 -2.46380E-01  2.13365E-01  2.12554E-01  4.21255E+00
  7.22000E-01 -2.41880E-01  2.10985E-01  2.10174E-01  4.21017E+00
  7.30000E-01 -2.36890E-01  2.08269E-01  2.07458E-01  4.20746E+00
  7.40000E-01 -2.30870E-01  2.05043E-01  2.04232E-01  4.20423E+00
  7.50000E-01 -2.25080E-01  2.01824E-01  2.01013E-01  4.20101E+00
  7.58000E-01 -2.20581E-01  1.99377E-01  1.98566E-01  4.19857E+00
  7.65000E-01 -2.16756E-01  1.97240E-01  1.96429E-01  4.19643E+00
  7.73000E-01 -2.12508E-01  1.94800E-01  1.93989E-01  4.19399E+00
  7.80000E-01 -2.08893E-01  1.92668E-01  1.91857E-01  4.19186E+00
  7.90000E-01 -2.03890E-01  1.89785E-01  1.88974E-01  4.18897E+00
  8.00000E-01 -1.99068E-01  1.86908E-01  1.86097E-01  4.18610E+00
  8.10000E-01 -1.94377E-01  1.84149E-01  1.83338E-01  4.18334E+00
  8.20000E-01 -1.89852E-01  1.81394E-01  1.80583E-01  4.18058E+00
  8.35000E-01 -1.83360E-01  1.77461E-01  1.76650E-01  4.17665E+00
  8.50000E-01 -1.77199E-01  1.73536E-01  1.72725E-01  4.17272E+00
  8.60000E-01 -1.73239E-01  1.71054E-01  1.70243E-01  4.17024E+00
  8.70000E-01 -1.69411E-01  1.68575E-01  1.67764E-01  4.16776E+00
  8.85000E-01 -1.63906E-01  1.65037E-01  1.64226E-01  4.16423E+00
  9.00000E-01 -1.58668E-01  1.61505E-01  1.60694E-01  4.16069E+00
  9.10000E-01 -1.55293E-01  1.59269E-01  1.58458E-01  4.15846E+00
  9.20000E-01 -1.52025E-01  1.57034E-01  1.56223E-01  4.15622E+00
  9.35000E-01 -1.47315E-01  1.53839E-01  1.53028E-01  4.15303E+00
  9.50000E-01 -1.42822E-01  1.50648E-01  1.49837E-01  4.14984E+00
  9.60000E-01 -1.39931E-01  1.48626E-01  1.47815E-01  4.14781E+00
  9.70000E-01 -1.37128E-01  1.46605E-01  1.45794E-01  4.14579E+00
  9.85000E-01 -1.33072E-01  1.43716E-01  1.42905E-01  4.14291E+00
  1.00000E+00 -1.29195E-01  1.40831E-01  1.40020E-01  4.14002E+00
  1.01000E+00 -1.26697E-01  1.38999E-01  1.38188E-01  4.13819E+00
  1.02000E+00 -1.24270E-01  1.37169E-01  1.36358E-01  4.13636E+00
  1.03000E+00 -1.21913E-01  1.35407E-01  1.34596E-01  4.13460E+00
  1.03600E+00 -1.20532E-01  1.34351E-01  1.33540E-01  4.13354E+00
  1.04100E+00 -1.19398E-01  1.33471E-01  1.32660E-01  4.13266E+00
  1.05500E+00 -1.16308E-01  1.31191E-01  1.30380E-01  4.13038E+00
  1.07000E+00 -1.13130E-01  1.28751E-01  1.27940E-01  4.12794E+00
  1.08500E+00 -1.10058E-01  1.26315E-01  1.25504E-01  4.12550E+00
  1.10000E+00 -1.07109E-01  1.23881E-01  1.23070E-01  4.12307E+00
  1.11500E+00 -1.04278E-01  1.21676E-01  1.20865E-01  4.12086E+00
  1.13000E+00 -1.01559E-01  1.19473E-01  1.18662E-01  4.11866E+00
  1.14000E+00 -9.98044E-02  1.18006E-01  1.17195E-01  4.11719E+00
  1.15000E+00 -9.80954E-02  1.16539E-01  1.15728E-01  4.11573E+00
  1.16000E+00 -9.64188E-02  1.15198E-01  1.14387E-01  4.11439E+00
  1.17000E+00 -9.47849E-02  1.13858E-01  1.13047E-01  4.11305E+00
  1.18500E+00 -9.24109E-02  1.11849E-01  1.11038E-01  4.11104E+00
  1.20000E+00 -9.01251E-02  1.09842E-01  1.09031E-01  4.10903E+00
  1.21500E+00 -8.79233E-02  1.08009E-01  1.07198E-01  4.10720E+00
  1.23000E+00 -8.58012E-02  1.06177E-01  1.05366E-01  4.10537E+00
  1.24200E+00 -8.41487E-02  1.04713E-01  1.03902E-01  4.10390E+00
  1.25400E+00 -8.25436E-02  1.03251E-01  1.02440E-01  4.10244E+00
  1.27000E+00 -8.04737E-02  1.01485E-01  1.00674E-01  4.10067E+00
  1.29000E+00 -7.79941E-02  9.92796E-02  9.84687E-02  4.09847E+00
  1.30500E+00 -7.62061E-02  9.76275E-02  9.68166E-02  4.09682E+00
  1.32000E+00 -7.44737E-02  9.59768E-02  9.51659E-02  4.09517E+00
  1.33500E+00 -7.27995E-02  9.44854E-02  9.36744E-02  4.09367E+00
  1.35000E+00 -7.11811E-02  9.29952E-02  9.21842E-02  4.09218E+00
  1.36500E+00 -6.96159E-02  9.15062E-02  9.06952E-02  4.09070E+00
  1.38000E+00 -6.81018E-02  9.00183E-02  8.92073E-02  4.08921E+00
  1.39500E+00 -6.66363E-02  8.86686E-02  8.78576E-02  4.08786E+00
  1.41000E+00 -6.52107E-02  8.73200E-02  8.65090E-02  4.08651E+00
  1.42500E+00 -6.38268E-02  8.59723E-02  8.51613E-02  4.08516E+00
  1.44000E+00 -6.24863E-02  8.46256E-02  8.38146E-02  4.08381E+00
  1.45500E+00 -6.11874E-02  8.33664E-02  8.25554E-02  4.08256E+00
  1.47000E+00 -5.99284E-02  8.21081E-02  8.12971E-02  4.08130E+00
  1.48500E+00 -5.87077E-02  8.09093E-02  8.00983E-02  4.08010E+00
  1.50000E+00 -5.75238E-02  7.97112E-02  7.89003E-02  4.07890E+00
  1.51500E+00 -5.63650E-02  7.85949E-02  7.77840E-02  4.07778E+00
  1.53000E+00 -5.52407E-02  7.74793E-02  7.66684E-02  4.07667E+00
  1.55000E+00 -5.37928E-02  7.59930E-02  7.51820E-02  4.07518E+00
  1.57000E+00 -5.24007E-02  7.45078E-02  7.36968E-02  4.07370E+00
  1.59000E+00 -5.10615E-02  7.31721E-02  7.23611E-02  4.07236E+00
  1.61000E+00 -4.97727E-02  7.18375E-02  7.10265E-02  4.07103E+00
  1.63000E+00 -4.85317E-02  7.05039E-02  6.96929E-02  4.06969E+00
  1.65000E+00 -4.73363E-02  6.91712E-02  6.83602E-02  4.06836E+00
  1.67000E+00 -4.61752E-02  6.79773E-02  6.71663E-02  4.06717E+00
  1.69000E+00 -4.50558E-02  6.67843E-02  6.59733E-02  4.06597E+00
  1.71000E+00 -4.39764E-02  6.55921E-02  6.47812E-02  4.06478E+00
  1.73000E+00 -4.29348E-02  6.44007E-02  6.35898E-02  4.06359E+00
  1.75000E+00 -4.19295E-02  6.33223E-02  6.25113E-02  4.06251E+00
  1.77000E+00 -4.09588E-02  6.22446E-02  6.14336E-02  4.06143E+00
  1.78500E+00 -4.02525E-02  6.14368E-02  6.06258E-02  4.06063E+00
  1.80000E+00 -3.95641E-02  6.06293E-02  5.98183E-02  4.05982E+00
  1.82000E+00 -3.86674E-02  5.96338E-02  5.88228E-02  4.05882E+00
  1.85000E+00 -3.73777E-02  5.81417E-02  5.73307E-02  4.05733E+00
  1.87000E+00 -3.65530E-02  5.72075E-02  5.63965E-02  4.05640E+00
  1.90000E+00 -3.53657E-02  5.58072E-02  5.49962E-02  4.05500E+00
  1.92000E+00 -3.46015E-02  5.49547E-02  5.41437E-02  4.05414E+00
  1.95000E+00 -3.35003E-02  5.36769E-02  5.28659E-02  4.05287E+00
  1.97000E+00 -3.27947E-02  5.28256E-02  5.20146E-02  4.05201E+00
  2.00000E+00 -3.17768E-02  5.15495E-02  5.07386E-02  4.05074E+00
  2.03000E+00 -3.08000E-02  5.03948E-02  4.95838E-02  4.04958E+00
  2.05000E+00 -3.01732E-02  4.96255E-02  4.88145E-02  4.04881E+00
  2.07000E+00 -2.95650E-02  4.88566E-02  4.80456E-02  4.04805E+00
  2.09000E+00 -2.89748E-02  4.81507E-02  4.73397E-02  4.04734E+00
  2.11000E+00 -2.84018E-02  4.74451E-02  4.66341E-02  4.04663E+00
  2.13000E+00 -2.78454E-02  4.67398E-02  4.59288E-02  4.04593E+00
  2.15000E+00 -2.73050E-02  4.60349E-02  4.52239E-02  4.04522E+00
  2.18000E+00 -2.65183E-02  4.50623E-02  4.42514E-02  4.04425E+00
  2.20000E+00 -2.60123E-02  4.44143E-02  4.36034E-02  4.04360E+00
  2.22000E+00 -2.55204E-02  4.37665E-02  4.29556E-02  4.04296E+00
  2.24000E+00 -2.50420E-02  4.31689E-02  4.23580E-02  4.04236E+00
  2.26000E+00 -2.45768E-02  4.25715E-02  4.17605E-02  4.04176E+00
  2.28000E+00 -2.41242E-02  4.19744E-02  4.11634E-02  4.04116E+00
  2.30000E+00 -2.36838E-02  4.13775E-02  4.05665E-02  4.04057E+00
  2.32000E+00 -2.32528E-02  4.08342E-02  4.00232E-02  4.04002E+00
  2.35000E+00 -2.26277E-02  4.00196E-02  3.92086E-02  4.03921E+00
  2.37000E+00 -2.22247E-02  3.94768E-02  3.86658E-02  4.03867E+00
  2.40000E+00 -2.16396E-02  3.86631E-02  3.78521E-02  4.03785E+00
  2.42000E+00 -2.12608E-02  3.81725E-02  3.73615E-02  4.03736E+00
  2.45000E+00 -2.07106E-02  3.74371E-02  3.66261E-02  4.03663E+00
  2.48000E+00 -2.01811E-02  3.67021E-02  3.58911E-02  4.03589E+00
  2.50000E+00 -1.98391E-02  3.62123E-02  3.54013E-02  4.03540E+00
  2.53000E+00 -1.93394E-02  3.55514E-02  3.47404E-02  4.03474E+00
  2.56000E+00 -1.88578E-02  3.48908E-02  3.40798E-02  4.03408E+00
  2.59000E+00 -1.83937E-02  3.42306E-02  3.34196E-02  4.03342E+00
  2.62100E+00 -1.79315E-02  3.35488E-02  3.27378E-02  4.03274E+00
  2.62200E+00 -1.79169E-02  3.35280E-02  3.27171E-02  4.03272E+00
  2.62300E+00 -1.79023E-02  3.35073E-02  3.26963E-02  4.03270E+00
  2.67000E+00 -1.72350E-02  3.26085E-02  3.17975E-02  4.03180E+00
  2.71000E+00 -1.66955E-02  3.18442E-02  3.10332E-02  4.03103E+00
  2.75000E+00 -1.61804E-02  3.10804E-02  3.02694E-02  4.03027E+00
  2.80000E+00 -1.55686E-02  3.01262E-02  2.93153E-02  4.02932E+00
  2.85000E+00 -1.49863E-02  2.92848E-02  2.84739E-02  4.02847E+00
  2.90000E+00 -1.44353E-02  2.84441E-02  2.76332E-02  4.02763E+00
  2.95000E+00 -1.39134E-02  2.76726E-02  2.68616E-02  4.02686E+00
  2.98000E+00 -1.36135E-02  2.72099E-02  2.63990E-02  4.02640E+00
  3.00000E+00 -1.34187E-02  2.69016E-02  2.60906E-02  4.02609E+00
  3.03000E+00 -1.31324E-02  2.65075E-02  2.56965E-02  4.02570E+00
  3.07000E+00 -1.27643E-02  2.59823E-02  2.51713E-02  4.02517E+00
  3.11000E+00 -1.24111E-02  2.54574E-02  2.46464E-02  4.02465E+00
  3.15000E+00 -1.20720E-02  2.49327E-02  2.41217E-02  4.02412E+00
  3.18000E+00 -1.18265E-02  2.45395E-02  2.37285E-02  4.02373E+00
  3.22000E+00 -1.15104E-02  2.40153E-02  2.32043E-02  4.02320E+00
  3.26000E+00 -1.12064E-02  2.34914E-02  2.26804E-02  4.02268E+00
  3.30000E+00 -1.09141E-02  2.29677E-02  2.21567E-02  4.02216E+00
  3.32000E+00 -1.07713E-02  2.27522E-02  2.19412E-02  4.02194E+00
  3.35000E+00 -1.05621E-02  2.24290E-02  2.16180E-02  4.02162E+00
  3.40000E+00 -1.02265E-02  2.18906E-02  2.10796E-02  4.02108E+00
  3.45000E+00 -9.90622E-03  2.13525E-02  2.05415E-02  4.02054E+00
  3.50000E+00 -9.60035E-03  2.08147E-02  2.00037E-02  4.02000E+00
  3.53000E+00 -9.42261E-03  2.05447E-02  1.97337E-02  4.01973E+00
  3.57000E+00 -9.19300E-03  2.01848E-02  1.93738E-02  4.01937E+00
  3.61000E+00 -8.97144E-03  1.98251E-02  1.90142E-02  4.01901E+00
  3.65000E+00 -8.75758E-03  1.94656E-02  1.86547E-02  4.01865E+00
  3.68000E+00 -8.60202E-03  1.91961E-02  1.83851E-02  4.01839E+00
  3.72000E+00 -8.40080E-03  1.88368E-02  1.80259E-02  4.01803E+00
  3.76000E+00 -8.20636E-03  1.84777E-02  1.76668E-02  4.01767E+00
  3.80000E+00 -8.01841E-03  1.81187E-02  1.73078E-02  4.01731E+00
  3.85000E+00 -7.79101E-03  1.77406E-02  1.69297E-02  4.01693E+00
  3.90000E+00 -7.57287E-03  1.73627E-02  1.65518E-02  4.01655E+00
  3.95000E+00 -7.36351E-03  1.69850E-02  1.61741E-02  4.01617E+00
  4.00000E+00 -7.16245E-03  1.66074E-02  1.57965E-02  4.01580E+00
  4.02000E+00 -7.08402E-03  1.64699E-02  1.56589E-02  4.01566E+00
  4.04000E+00 -7.00683E-03  1.63323E-02  1.55213E-02  4.01552E+00
  4.06000E+00 -6.93086E-03  1.61948E-02  1.53838E-02  4.01538E+00
  4.08600E+00 -6.83387E-03  1.60160E-02  1.52050E-02  4.01521E+00
  4.14000E+00 -6.63863E-03  1.56969E-02  1.48859E-02  4.01489E+00
  4.19000E+00 -6.46500E-03  1.54016E-02  1.45906E-02  4.01459E+00
  4.25000E+00 -6.26522E-03  1.50475E-02  1.42365E-02  4.01424E+00
  4.30000E+00 -6.10552E-03  1.47525E-02  1.39415E-02  4.01394E+00
  4.35000E+00 -5.95100E-03  1.44576E-02  1.36466E-02  4.01365E+00
  4.40000E+00 -5.80209E-03  1.41628E-02  1.33518E-02  4.01335E+00
  4.45000E+00 -5.65853E-03  1.38682E-02  1.30572E-02  4.01306E+00
  4.50000E+00 -5.52006E-03  1.35736E-02  1.27626E-02  4.01276E+00
  4.58000E+00 -5.30776E-03  1.32109E-02  1.23999E-02  4.01240E+00
  4.65000E+00 -5.13156E-03  1.28938E-02  1.20828E-02  4.01208E+00
  4.73000E+00 -4.94040E-03  1.25315E-02  1.17205E-02  4.01172E+00
  4.80000E+00 -4.78147E-03  1.22147E-02  1.14037E-02  4.01140E+00
  4.85000E+00 -4.67246E-03  1.19885E-02  1.11775E-02  4.01118E+00
  4.90000E+00 -4.56701E-03  1.17624E-02  1.09514E-02  4.01095E+00
  4.95000E+00 -4.46497E-03  1.15363E-02  1.07253E-02  4.01073E+00
  5.00000E+00 -4.36620E-03  1.13104E-02  1.04994E-02  4.01050E+00
  5.05000E+00 -4.27001E-03  1.11236E-02  1.03126E-02  4.01031E+00
  5.10000E+00 -4.17686E-03  1.09369E-02  1.01259E-02  4.01013E+00
  5.15000E+00 -4.08662E-03  1.07502E-02  9.93921E-03  4.00994E+00
  5.20000E+00 -3.99917E-03  1.05636E-02  9.75261E-03  4.00975E+00
  5.26000E+00 -3.89777E-03  1.03619E-02  9.55089E-03  4.00955E+00
  5.31000E+00 -3.81608E-03  1.01938E-02  9.38285E-03  4.00938E+00
  5.36000E+00 -3.73684E-03  1.00258E-02  9.21487E-03  4.00921E+00
  5.41472E+00 -3.65283E-03  9.84205E-03  9.03108E-03  4.00903E+00
  5.49000E+00 -3.54164E-03  9.63276E-03  8.82179E-03  4.00882E+00
  5.56000E+00 -3.44219E-03  9.43824E-03  8.62727E-03  4.00863E+00
  5.63000E+00 -3.34666E-03  9.24381E-03  8.43284E-03  4.00843E+00
  5.70000E+00 -3.25491E-03  9.04947E-03  8.23850E-03  4.00824E+00
  5.78000E+00 -3.15444E-03  8.82745E-03  8.01648E-03  4.00802E+00
  5.85000E+00 -3.07016E-03  8.63327E-03  7.82230E-03  4.00782E+00
  5.92000E+00 -2.98910E-03  8.43915E-03  7.62818E-03  4.00763E+00
  6.00000E+00 -2.90019E-03  8.21739E-03  7.40642E-03  4.00741E+00
  6.05000E+00 -2.84633E-03  8.10653E-03  7.29556E-03  4.00730E+00
  6.10000E+00 -2.79390E-03  7.99569E-03  7.18472E-03  4.00718E+00
  6.20000E+00 -2.69314E-03  7.77411E-03  6.96314E-03  4.00696E+00
  6.30000E+00 -2.59754E-03  7.55264E-03  6.74167E-03  4.00674E+00
  6.40384E+00 -2.50336E-03  7.32278E-03  6.51181E-03  4.00651E+00
  6.48000E+00 -2.43739E-03  7.18559E-03  6.37462E-03  4.00637E+00
  6.55000E+00 -2.37880E-03  7.05955E-03  6.24858E-03  4.00625E+00
  6.63000E+00 -2.31422E-03  6.91555E-03  6.10458E-03  4.00610E+00
  6.70000E+00 -2.25976E-03  6.78960E-03  5.97863E-03  4.00598E+00
  6.78000E+00 -2.19976E-03  6.64571E-03  5.83474E-03  4.00583E+00
  6.85000E+00 -2.14913E-03  6.51984E-03  5.70887E-03  4.00571E+00
  6.92000E+00 -2.10016E-03  6.39402E-03  5.58305E-03  4.00558E+00
  7.00000E+00 -2.04613E-03  6.25026E-03  5.43929E-03  4.00544E+00
  7.07000E+00 -2.00035E-03  6.15693E-03  5.34596E-03  4.00535E+00
  7.15000E+00 -1.94982E-03  6.05031E-03  5.23934E-03  4.00524E+00
  7.22000E+00 -1.90709E-03  5.95705E-03  5.14608E-03  4.00515E+00
  7.30000E+00 -1.85989E-03  5.85051E-03  5.03954E-03  4.00504E+00
  7.40000E+00 -1.80323E-03  5.71739E-03  4.90642E-03  4.00491E+00
  7.50000E+00 -1.74901E-03  5.58432E-03  4.77335E-03  4.00477E+00
  7.65000E+00 -1.67177E-03  5.38481E-03  4.57384E-03  4.00457E+00
  7.80000E+00 -1.59934E-03  5.18542E-03  4.37445E-03  4.00437E+00
  7.90000E+00 -1.55354E-03  5.05255E-03  4.24158E-03  4.00424E+00
  8.00000E+00 -1.50960E-03  4.91972E-03  4.10875E-03  4.00411E+00
  8.02000E+00 -1.50099E-03  4.89778E-03  4.08681E-03  4.00409E+00
  8.04778E+00 -1.48915E-03  4.86731E-03  4.05633E-03  4.00406E+00
  8.17000E+00 -1.43863E-03  4.75279E-03  3.94181E-03  4.00394E+00
  8.30000E+00 -1.38754E-03  4.63104E-03  3.82006E-03  4.00382E+00
  8.40000E+00 -1.35000E-03  4.53743E-03  3.72645E-03  4.00373E+00
  8.50000E+00 -1.31391E-03  4.44385E-03  3.63288E-03  4.00363E+00
  8.65000E+00 -1.26231E-03  4.30355E-03  3.49257E-03  4.00349E+00
  8.80000E+00 -1.21358E-03  4.16331E-03  3.35234E-03  4.00335E+00
  8.90000E+00 -1.18257E-03  4.06985E-03  3.25888E-03  4.00326E+00
  9.00000E+00 -1.15270E-03  3.97642E-03  3.16545E-03  4.00317E+00
  9.15000E+00 -1.10973E-03  3.87228E-03  3.06130E-03  4.00306E+00
  9.30000E+00 -1.06903E-03  3.76818E-03  2.95721E-03  4.00296E+00
  9.40000E+00 -1.04308E-03  3.69882E-03  2.88785E-03  4.00289E+00
  9.50000E+00 -1.01802E-03  3.62948E-03  2.81850E-03  4.00282E+00
  9.65000E+00 -9.81976E-04  3.52550E-03  2.71452E-03  4.00271E+00
  9.80000E+00 -9.47735E-04  3.42157E-03  2.61059E-03  4.00261E+00
  9.90000E+00 -9.25852E-04  3.35230E-03  2.54132E-03  4.00254E+00
  1.00000E+01 -9.04686E-04  3.28305E-03  2.47207E-03  4.00247E+00
  1.01500E+01 -8.74100E-04  3.20626E-03  2.39528E-03  4.00240E+00
  1.03000E+01 -8.44975E-04  3.12950E-03  2.31853E-03  4.00232E+00
  1.04500E+01 -8.17220E-04  3.05278E-03  2.24181E-03  4.00224E+00
  1.06000E+01 -7.90753E-04  2.97609E-03  2.16512E-03  4.00217E+00
  1.07500E+01 -7.65498E-04  2.89943E-03  2.08846E-03  4.00209E+00
  1.09000E+01 -7.41382E-04  2.82280E-03  2.01183E-03  4.00201E+00
  1.11000E+01 -7.10888E-04  2.72067E-03  1.90969E-03  4.00191E+00
  1.12200E+01 -6.93448E-04  2.65941E-03  1.84844E-03  4.00185E+00
  1.15000E+01 -6.55066E-04  2.57727E-03  1.76630E-03  4.00177E+00
  1.17000E+01 -6.29383E-04  2.51865E-03  1.70768E-03  4.00171E+00
  1.19000E+01 -6.05117E-04  2.46007E-03  1.64910E-03  4.00165E+00
  1.21000E+01 -5.82168E-04  2.40152E-03  1.59055E-03  4.00159E+00
  1.24000E+01 -5.50016E-04  2.31375E-03  1.50278E-03  4.00150E+00
  1.26000E+01 -5.29975E-04  2.25527E-03  1.44430E-03  4.00144E+00
  1.28000E+01 -5.10964E-04  2.19682E-03  1.38585E-03  4.00139E+00
  1.30000E+01 -4.92913E-04  2.13840E-03  1.32743E-03  4.00133E+00
  1.33000E+01 -4.67425E-04  2.05081E-03  1.23984E-03  4.00124E+00
  1.35000E+01 -4.51467E-04  1.99244E-03  1.18147E-03  4.00118E+00
  1.38000E+01 -4.28955E-04  1.90493E-03  1.09396E-03  4.00109E+00
  1.40000E+01 -4.14829E-04  1.84661E-03  1.03564E-03  4.00104E+00
  1.43000E+01 -3.94821E-04  1.75916E-03  9.48192E-04  4.00095E+00
  1.45000E+01 -3.82241E-04  1.70089E-03  8.89915E-04  4.00089E+00
  1.48000E+01 -3.64420E-04  1.61350E-03  8.02528E-04  4.00080E+00
  1.50000E+01 -3.53192E-04  1.55526E-03  7.44288E-04  4.00074E+00
  1.53000E+01 -3.37203E-04  1.50845E-03  6.97475E-04  4.00070E+00
  1.56000E+01 -3.22228E-04  1.46166E-03  6.50690E-04  4.00065E+00
  1.59000E+01 -3.08184E-04  1.41490E-03  6.03931E-04  4.00060E+00
  1.62000E+01 -2.94998E-04  1.36817E-03  5.57195E-04  4.00056E+00
  1.65000E+01 -2.82603E-04  1.32146E-03  5.10482E-04  4.00051E+00
  1.68000E+01 -2.70938E-04  1.27476E-03  4.63789E-04  4.00046E+00
  1.71000E+01 -2.59948E-04  1.22809E-03  4.17114E-04  4.00042E+00
  1.74790E+01 -2.46953E-04  1.16915E-03  3.58175E-04  4.00036E+00
  1.78000E+01 -2.36660E-04  1.13586E-03  3.24885E-04  4.00032E+00
  1.81000E+01 -2.27575E-04  1.10476E-03  2.93789E-04  4.00029E+00
  1.87000E+01 -2.10798E-04  1.04261E-03  2.31639E-04  4.00023E+00
  1.94000E+01 -1.93370E-04  9.70167E-04  1.59192E-04  4.00016E+00
  2.00000E+01 -1.80023E-04  9.08116E-04  9.71416E-05  4.00010E+00
  2.06000E+01 -1.67913E-04  8.63770E-04  5.27960E-05  4.00005E+00
  2.11000E+01 -1.58689E-04  8.26842E-04  1.58673E-05  4.00002E+00
  2.16000E+01 -1.50170E-04  7.89934E-04 -2.10402E-05  3.99998E+00
  2.21630E+01 -1.41337E-04  7.48399E-04 -6.25749E-05  3.99994E+00
  2.29000E+01 -1.30854E-04  7.13606E-04 -9.73681E-05  3.99990E+00
  2.36000E+01 -1.21893E-04  6.80591E-04 -1.30384E-04  3.99987E+00
  2.43000E+01 -1.13782E-04  6.47602E-04 -1.63373E-04  3.99984E+00
  2.50000E+01 -1.06418E-04  6.14636E-04 -1.96338E-04  3.99980E+00
  2.56000E+01 -1.00614E-04  5.86397E-04 -2.24577E-04  3.99978E+00
  2.62000E+01 -9.52510E-05  5.58172E-04 -2.52802E-04  3.99975E+00
  2.74700E+01 -8.51649E-05  4.98471E-04 -3.12503E-04  3.99969E+00
  2.81000E+01 -8.07189E-05  4.79310E-04 -3.31664E-04  3.99967E+00
  2.87000E+01 -7.67854E-05  4.61071E-04 -3.49903E-04  3.99965E+00
  2.94000E+01 -7.25325E-05  4.39804E-04 -3.71171E-04  3.99963E+00
  3.00000E+01 -6.91490E-05  4.21584E-04 -3.89391E-04  3.99961E+00
  3.15000E+01 -6.15972E-05  3.90596E-04 -4.20379E-04  3.99958E+00
  3.30000E+01 -5.51662E-05  3.59647E-04 -4.51328E-04  3.99955E+00
  3.45000E+01 -4.96494E-05  3.28730E-04 -4.82244E-04  3.99952E+00
  3.60300E+01 -4.47925E-05  2.97222E-04 -5.13752E-04  3.99949E+00
  3.80000E+01 -3.94760E-05  2.70447E-04 -5.40527E-04  3.99946E+00
  4.00000E+01 -3.49511E-05  2.43296E-04 -5.67678E-04  3.99943E+00
  4.30000E+01 -2.94318E-05  2.14634E-04 -5.96340E-04  3.99940E+00
  4.60000E+01 -2.50731E-05  1.86016E-04 -6.24958E-04  3.99938E+00
  4.80000E+01 -2.26611E-05  1.72214E-04 -6.38760E-04  3.99936E+00
  5.00000E+01 -2.05659E-05  1.58425E-04 -6.52549E-04  3.99935E+00
  5.75300E+01 -1.47347E-05  1.20850E-04 -6.90124E-04  3.99931E+00
  5.95400E+01 -1.35797E-05  1.13088E-04 -6.97886E-04  3.99930E+00
  6.00000E+01 -1.33336E-05  1.11417E-04 -6.99557E-04  3.99930E+00
  6.68300E+01 -1.03221E-05  9.04287E-05 -7.20545E-04  3.99928E+00
  7.00000E+01 -9.24646E-06  8.26572E-05 -7.28317E-04  3.99927E+00
  7.49600E+01 -7.86149E-06  7.23724E-05 -7.38601E-04  3.99926E+00
  7.71100E+01 -7.35183E-06  6.85037E-05 -7.42471E-04  3.99926E+00
  8.00000E+01 -6.73784E-06  6.37732E-05 -7.47201E-04  3.99925E+00
  9.00000E+01 -5.11245E-06  5.07129E-05 -7.60261E-04  3.99924E+00
  1.00000E+02 -3.98966E-06  4.13040E-05 -7.69670E-04  3.99923E+00
  1.45400E+02 -1.67168E-06  1.98618E-05 -7.91112E-04  3.99921E+00
  1.50000E+02 -1.55665E-06  1.86859E-05 -7.92288E-04  3.99921E+00
  2.00000E+02 -8.05798E-07  1.06167E-05 -8.00358E-04  3.99920E+00
  2.44700E+02 -5.21709E-07  7.13298E-06 -8.03841E-04  3.99920E+00
  2.79200E+02 -3.92626E-07  5.49783E-06 -8.05476E-04  3.99919E+00
  3.00000E+02 -3.36300E-07  4.76796E-06 -8.06206E-04  3.99919E+00
  3.16500E+02 -3.02548E-07  4.28720E-06 -8.06687E-04  3.99919E+00
  3.20100E+02 -2.95864E-07  4.19217E-06 -8.06782E-04  3.99919E+00
  3.44300E+02 -2.56194E-07  3.62852E-06 -8.07345E-04  3.99919E+00
  4.00000E+02 -1.90514E-07  2.69383E-06 -8.08280E-04  3.99919E+00
  4.11100E+02 -1.81410E-07  2.55063E-06 -8.08423E-04  3.99919E+00
  4.11800E+02 -1.80858E-07  2.54201E-06 -8.08432E-04  3.99919E+00
  4.44000E+02 -1.58067E-07  2.18832E-06 -8.08786E-04  3.99919E+00
  4.68050E+02 -1.43832E-07  1.97016E-06 -8.09004E-04  3.99919E+00
  5.00000E+02 -1.27805E-07  1.72668E-06 -8.09248E-04  3.99919E+00
  6.00000E+02 -9.58436E-08  1.19971E-06 -8.09774E-04  3.99919E+00
  6.61600E+02 -8.26377E-08  9.86081E-07 -8.09988E-04  3.99919E+00
  7.00000E+02 -7.65967E-08  8.80711E-07 -8.10093E-04  3.99919E+00
  7.23300E+02 -7.32953E-08  8.24862E-07 -8.10150E-04  3.99919E+00
  7.78900E+02 -6.63438E-08  7.11194E-07 -8.10263E-04  3.99919E+00
  8.00000E+02 -6.40002E-08  6.73963E-07 -8.10301E-04  3.99919E+00
  8.67400E+02 -5.84147E-08  5.73206E-07 -8.10401E-04  3.99919E+00
  8.89200E+02 -5.68005E-08  5.45588E-07 -8.10428E-04  3.99919E+00
  9.00000E+02 -5.60317E-08  5.32667E-07 -8.10442E-04  3.99919E+00
  9.64000E+02 -5.18504E-08  4.65260E-07 -8.10509E-04  3.99919E+00
  1.00000E+03 -4.97481E-08  4.34230E-07 -8.10540E-04  3.99919E+00
  1.00480E+03 -4.88942E-08  4.30628E-07 -8.10543E-04  3.99919E+00
  1.08580E+03 -4.02255E-08  3.66300E-07 -8.10608E-04  3.99919E+00
  1.12050E+03 -3.88017E-08  3.42601E-07 -8.10632E-04  3.99919E+00
  1.12110E+03 -3.87776E-08  3.42210E-07 -8.10632E-04  3.99919E+00
  1.17320E+03 -3.79019E-08  3.10739E-07 -8.10663E-04  3.99919E+00
  1.27450E+03 -3.64556E-08  2.63000E-07 -8.10711E-04  3.99919E+00
  1.33250E+03 -3.50988E-08  2.40728E-07 -8.10733E-04  3.99919E+00
  1.40800E+03 -3.31410E-08  2.15959E-07 -8.10759E-04  3.99919E+00
  1.50000E+03 -3.06592E-08  1.90137E-07 -8.10784E-04  3.99919E+00
  2.00000E+03 -2.30085E-08  1.06191E-07 -8.10868E-04  3.99919E+00
  3.00000E+03 -1.56181E-08  4.67783E-08 -8.10928E-04  3.99919E+00
  4.00000E+03 -1.19200E-08  2.60816E-08 -8.10948E-04  3.99919E+00
  5.00000E+03 -9.66524E-09  1.65680E-08 -8.10958E-04  3.99919E+00
  5.00006E+03 -9.66513E-09  1.65676E-08 -8.10958E-04  3.99919E+00
  6.00000E+03 -8.13911E-09  1.14333E-08 -8.10963E-04  3.99919E+00
  7.00000E+03 -7.03331E-09  8.35587E-09 -8.10966E-04  3.99919E+00
  8.00000E+03 -6.19177E-09  6.36807E-09 -8.10968E-04  3.99919E+00
  9.00000E+03 -5.53127E-09  5.00972E-09 -8.10969E-04  3.99919E+00
  1.00000E+04 -4.99962E-09  4.04090E-09 -8.10970E-04  3.99919E+00
 *** END OF DATA ***
 
