 TITLE = Anomalous Scattering Factors, 05_B_asf
 # COLUMNS = 5
 LABEL 1 = photon energy, E (keV)
 LABEL 2 = g'' = -f''CL = -f2
 LABEL 3 = g'
 LABEL 4 = f'
 LABEL 5 = f1
 REMARK BEGIN = 05_B_asf
   ASF: ANOMALOUS-SCATTERING-FACTOR CONVERTER, VERSION 9A, May 21, 1996.
   ASF: RUN TIME/DATA/MACHINE= 17:29:53 May 23, 1996 www-phys
   INPUT G' FILE=  /home/rayleigh/data/asf/gb0sl|m=RE
   INPUT G'' FILE= /home/rayleigh/data/asf/gb0sl|m=IM
   OUTPUT FILE=    05_B_asf
   ASF: # G' VALUES FOUND IN INPUT G' FILE=     1111
   ASF: # G'' VALUES FOUND IN INPUT G'' FILE=   1081
   ASF: # EXPLICIT BOUND-BOUND TRANSITIONS=    112
   ASF: INPUT G'  FILE EKEVMIN, EKEVMAX=   0.00000E+00  1.00000E+04
   ASF: INPUT G'' FILE EKEVMIN, EKEVMAX=   0.00000E+00  1.00000E+04
       OUTPUT FILE EKEVMIN, EKEVMAX=       0.00000E+00  1.00000E+04
   ASF: RETAIN INPUT-FILE ENERGY GRID.
     # UNIQUE G'/G'' ENERGIES=   1358
 REMARK END = 05_B_asf
      E (keV)          g''           g'           f'           f1
  0.00000E+00  0.00000E+00 -4.99789E+00 -4.99925E+00  7.50000E-04
  1.00000E-03  0.00000E+00 -5.04713E+00 -5.04849E+00 -4.84923E-02
  1.50000E-03  0.00000E+00 -5.11348E+00 -5.11483E+00 -1.14827E-01
  1.82303E-03  0.00000E+00 -5.17539E+00 -5.17674E+00 -1.76743E-01
  2.00000E-03  0.00000E+00 -5.21716E+00 -5.21851E+00 -2.18506E-01
  2.50000E-03  0.00000E+00 -5.37565E+00 -5.37701E+00 -3.77010E-01
  3.00000E-03  0.00000E+00 -5.63810E+00 -5.63945E+00 -6.39451E-01
  3.30000E-03  0.00000E+00 -5.93913E+00 -5.94049E+00 -9.40491E-01
  3.64607E-03  0.00000E+00 -8.17483E+01 -8.17496E+01 -7.67496E+01
  3.64660E-03 -1.06922E+02 -4.86814E+01 -4.86827E+01 -4.36827E+01
  3.64714E-03 -2.15861E+02 -1.52329E+01 -1.52343E+01 -1.02343E+01
  3.64821E-03  0.00000E+00  4.97814E+01  4.97800E+01  5.47800E+01
  3.64910E-03  0.00000E+00  1.30523E+01  1.30510E+01  1.80510E+01
  3.65000E-03  0.00000E+00 -1.43213E+01 -1.43226E+01 -9.32261E+00
  3.65107E-03 -1.07865E+02  1.28973E+01  1.28960E+01  1.78960E+01
  3.65214E-03  0.00000E+00  4.31197E+01  4.31184E+01  4.81184E+01
  4.00000E-03  0.00000E+00 -5.88447E+00 -5.88582E+00 -8.85822E-01
  4.20000E-03  0.00000E+00 -6.26348E+00 -6.26483E+00 -1.26483E+00
  4.39794E-03  0.00000E+00 -6.66244E+00 -6.66379E+00 -1.66379E+00
  4.70000E-03  0.00000E+00 -7.54338E+00 -7.54473E+00 -2.54473E+00
  5.00000E-03  0.00000E+00 -9.92815E+00 -9.92950E+00 -4.92950E+00
  5.07000E-03  0.00000E+00 -1.22205E+01 -1.22219E+01 -7.22189E+00
  5.14375E-03  0.00000E+00 -2.17697E+02 -2.17699E+02 -2.12699E+02
  5.14430E-03 -2.96998E+02 -1.25965E+02 -1.25967E+02 -1.20967E+02
  5.14485E-03 -5.93997E+02 -3.49899E+01 -3.49913E+01 -2.99913E+01
  5.14595E-03  0.00000E+00  1.43256E+02  1.43254E+02  1.48254E+02
  5.14681E-03  0.00000E+00  4.46301E+01  4.46287E+01  4.96287E+01
  5.14767E-03  0.00000E+00 -2.88368E+01 -2.88382E+01 -2.38382E+01
  5.14877E-03 -2.96715E+02  4.46104E+01  4.46090E+01  4.96090E+01
  5.14987E-03  0.00000E+00  1.27144E+02  1.27143E+02  1.32143E+02
  5.21332E-03  0.00000E+00 -4.46939E+00 -4.47074E+00  5.29264E-01
  5.27677E-03  0.00000E+00 -2.16825E+01 -2.16839E+01 -1.66839E+01
  5.27788E-03 -4.21363E+01 -8.76822E+00 -8.76958E+00 -3.76958E+00
  5.27899E-03  0.00000E+00  3.81931E+00  3.81796E+00  8.81796E+00
  5.27984E-03  0.00000E+00 -3.13005E+00 -3.13141E+00  1.86859E+00
  5.28070E-03  0.00000E+00 -8.37472E+00 -8.37608E+00 -3.37608E+00
  5.28181E-03 -2.10652E+01 -3.20888E+00 -3.21024E+00  1.78976E+00
  5.28292E-03  0.00000E+00  2.61140E+00  2.61005E+00  7.61005E+00
  5.41000E-03  0.00000E+00 -9.21657E+00 -9.21792E+00 -4.21792E+00
  5.54508E-03  0.00000E+00 -1.20166E+01 -1.20180E+01 -7.01795E+00
  5.68000E-03  0.00000E+00 -1.73136E+01 -1.73150E+01 -1.23150E+01
  5.80724E-03  0.00000E+00 -1.23875E+02 -1.23876E+02 -1.18876E+02
  5.80780E-03 -1.31968E+02 -8.35977E+01 -8.35990E+01 -7.85990E+01
  5.80836E-03 -2.63936E+02 -4.30760E+01 -4.30773E+01 -3.80773E+01
  5.80948E-03  0.00000E+00  3.56087E+01  3.56074E+01  4.06074E+01
  5.81032E-03  0.00000E+00 -7.60489E+00 -7.60625E+00 -2.60625E+00
  5.81117E-03  0.00000E+00 -4.03557E+01 -4.03570E+01 -3.53570E+01
  5.81229E-03 -1.31877E+02 -8.33419E+00 -8.33554E+00 -3.33554E+00
  5.81341E-03  0.00000E+00  2.78990E+01  2.78976E+01  3.28976E+01
  5.84000E-03  0.00000E+00 -3.80413E+01 -3.80427E+01 -3.30427E+01
  5.86660E-03  0.00000E+00 -6.68502E+01 -6.68515E+01 -6.18515E+01
  5.86772E-03 -1.61651E+01 -6.33534E+01 -6.33547E+01 -5.83547E+01
  5.86884E-03  0.00000E+00 -6.00556E+01 -6.00569E+01 -5.50569E+01
  5.86968E-03  0.00000E+00 -6.39006E+01 -6.39020E+01 -5.89020E+01
  5.87052E-03  0.00000E+00 -6.71298E+01 -6.71312E+01 -6.21312E+01
  5.87164E-03 -8.08219E+00 -6.68888E+01 -6.68901E+01 -6.18901E+01
  5.87276E-03  0.00000E+00 -6.64774E+01 -6.64788E+01 -6.14788E+01
  5.89166E-03  0.00000E+00 -1.27547E+02 -1.27549E+02 -1.22549E+02
  5.90100E-03  0.00000E+00 -2.18655E+02 -2.18656E+02 -2.13656E+02
  5.91057E-03  0.00000E+00 -1.20969E+03 -1.20969E+03 -1.20469E+03
  5.91110E-03 -1.24384E+03 -8.59313E+02 -8.59315E+02 -8.54315E+02
  5.91169E-03 -2.62850E+03 -4.80136E+02 -4.80137E+02 -4.75137E+02
  5.91281E-03  0.00000E+00  1.65100E+02  1.65099E+02  1.70099E+02
  5.91365E-03  0.00000E+00 -4.77352E+02 -4.77354E+02 -4.72354E+02
  5.91450E-03  0.00000E+00 -1.34386E+03 -1.34386E+03 -1.33886E+03
  5.91562E-03 -5.26558E+03  2.34792E+02  2.34791E+02  2.39791E+02
  5.91674E-03  0.00000E+00  1.85553E+03  1.85553E+03  1.86053E+03
  6.00000E-03  0.00000E+00  2.83996E+01  2.83982E+01  3.33982E+01
  6.01570E-03  0.00000E+00  2.31200E+01  2.31186E+01  2.81186E+01
  6.07000E-03  0.00000E+00  1.23080E+01  1.23066E+01  1.73066E+01
  6.11466E-03  0.00000E+00 -3.85194E+01 -3.85207E+01 -3.35207E+01
  6.11520E-03 -6.56307E+01 -1.82928E+01 -1.82941E+01 -1.32941E+01
  6.11578E-03 -1.36123E+02  3.25467E+00  3.25331E+00  8.25331E+00
  6.11690E-03  0.00000E+00  4.39271E+01  4.39257E+01  4.89257E+01
  6.11774E-03  0.00000E+00  2.17130E+01  2.17116E+01  2.67116E+01
  6.11858E-03  0.00000E+00  4.99788E+00  4.99652E+00  9.99652E+00
  6.11970E-03 -6.80217E+01  2.15551E+01  2.15537E+01  2.65537E+01
  6.12082E-03  0.00000E+00  4.03180E+01  4.03166E+01  4.53166E+01
  6.13337E-03  0.00000E+00  1.26263E+01  1.26249E+01  1.76249E+01
  6.14592E-03  0.00000E+00  7.32715E+00  7.32579E+00  1.23258E+01
  6.14704E-03 -7.99694E+00  9.62433E+00  9.62297E+00  1.46230E+01
  6.14816E-03  0.00000E+00  1.18642E+01  1.18628E+01  1.68628E+01
  6.14900E-03  0.00000E+00  1.04546E+01  1.04532E+01  1.54532E+01
  6.14984E-03  0.00000E+00  9.37015E+00  9.36879E+00  1.43688E+01
  6.15096E-03 -3.99843E+00  1.02104E+01  1.02090E+01  1.52090E+01
  6.15208E-03  0.00000E+00  1.11855E+01  1.11841E+01  1.61841E+01
  6.21686E-03  0.00000E+00  4.96789E+00  4.96653E+00  9.96653E+00
  6.28163E-03  0.00000E+00 -2.45412E+01 -2.45426E+01 -1.95426E+01
  6.28276E-03 -7.88411E+01 -3.84601E-01 -3.85961E-01  4.61404E+00
  6.28389E-03  0.00000E+00  2.31237E+01  2.31224E+01  2.81224E+01
  6.28472E-03  0.00000E+00  1.03820E+01  1.03806E+01  1.53806E+01
  6.28556E-03  0.00000E+00  6.98913E-01  6.97553E-01  5.69755E+00
  6.28669E-03 -3.93994E+01  1.02479E+01  1.02465E+01  1.52465E+01
  6.28782E-03  0.00000E+00  2.10908E+01  2.10895E+01  2.60895E+01
  6.29392E-03  0.00000E+00  7.19095E+00  7.18960E+00  1.21896E+01
  6.30002E-03  0.00000E+00  3.91805E+00  3.91669E+00  8.91669E+00
  6.30115E-03 -4.55918E+00  5.10183E+00  5.10047E+00  1.01005E+01
  6.30228E-03  0.00000E+00  6.27178E+00  6.27042E+00  1.12704E+01
  6.30311E-03  0.00000E+00  5.40771E+00  5.40636E+00  1.04064E+01
  6.30395E-03  0.00000E+00  4.72817E+00  4.72682E+00  9.72682E+00
  6.30508E-03 -2.27961E+00  5.13316E+00  5.13180E+00  1.01318E+01
  6.30621E-03  0.00000E+00  5.62539E+00  5.62403E+00  1.06240E+01
  6.34424E-03  0.00000E+00  2.21166E+00  2.21031E+00  7.21031E+00
  6.38228E-03  0.00000E+00 -1.58595E+01 -1.58608E+01 -1.08608E+01
  6.38341E-03 -4.96281E+01 -6.41456E-01 -6.42816E-01  4.35718E+00
  6.38454E-03  0.00000E+00  1.41662E+01  1.41649E+01  1.91649E+01
  6.38537E-03  0.00000E+00  6.11781E+00  6.11646E+00  1.11165E+01
  6.38621E-03  0.00000E+00 -3.45794E-03 -4.81794E-03  4.99518E+00
  6.38734E-03 -2.48009E+01  5.99452E+00  5.99316E+00  1.09932E+01
  6.38847E-03  0.00000E+00  1.28030E+01  1.28016E+01  1.78016E+01
  6.39123E-03  0.00000E+00  5.76838E+00  5.76702E+00  1.07670E+01
  6.39399E-03  0.00000E+00  3.46936E+00  3.46801E+00  8.46801E+00
  6.39512E-03 -2.85082E+00  3.95752E+00  3.95616E+00  8.95616E+00
  6.39625E-03  0.00000E+00  4.49991E+00  4.49856E+00  9.49856E+00
  6.39708E-03  0.00000E+00  3.84646E+00  3.84510E+00  8.84510E+00
  6.39792E-03  0.00000E+00  3.32476E+00  3.32340E+00  8.32340E+00
  6.39905E-03 -1.42544E+00  3.47030E+00  3.46895E+00  8.46895E+00
  6.40018E-03  0.00000E+00  3.68876E+00  3.68740E+00  8.68740E+00
  6.42388E-03  0.00000E+00  1.17641E+00  1.17506E+00  6.17506E+00
  6.44759E-03  0.00000E+00 -1.07632E+01 -1.07646E+01 -5.76457E+00
  6.44872E-03 -3.32245E+01 -5.85143E-01 -5.86493E-01  4.41351E+00
  6.44985E-03  0.00000E+00  9.31502E+00  9.31366E+00  1.43137E+01
  6.45068E-03  0.00000E+00  3.89961E+00  3.89825E+00  8.89825E+00
  6.45152E-03  0.00000E+00 -2.28435E-01 -2.29795E-01  4.77020E+00
  6.45265E-03 -1.66038E+01  3.74654E+00  3.74519E+00  8.74519E+00
  6.45378E-03  0.00000E+00  8.23670E+00  8.23534E+00  1.32353E+01
  6.45463E-03  0.00000E+00  5.49268E+00  5.49132E+00  1.04913E+01
  6.45549E-03  0.00000E+00  4.02395E+00  4.02259E+00  9.02259E+00
  6.45662E-03 -1.90328E+00  3.72236E+00  3.72100E+00  8.72100E+00
  6.45775E-03  0.00000E+00  3.73277E+00  3.73141E+00  8.73141E+00
  6.45858E-03  0.00000E+00  3.12185E+00  3.12050E+00  8.12050E+00
  6.45942E-03  0.00000E+00  2.63949E+00  2.63814E+00  7.63814E+00
  6.46055E-03 -9.51668E-01  2.60013E+00  2.59878E+00  7.59878E+00
  6.46168E-03  0.00000E+00  2.64155E+00  2.64019E+00  7.64019E+00
  6.47701E-03  0.00000E+00  6.35236E-01  6.33876E-01  5.63388E+00
  6.49235E-03  0.00000E+00 -7.61878E+00 -7.62014E+00 -2.62014E+00
  6.49348E-03 -2.33194E+01 -4.90221E-01 -4.91581E-01  4.50842E+00
  6.49461E-03  0.00000E+00  6.45007E+00  6.44871E+00  1.14487E+01
  6.49553E-03  0.00000E+00  2.37300E+00  2.37164E+00  7.37164E+00
  6.49645E-03  0.00000E+00 -7.88896E-01 -7.90256E-01  4.20974E+00
  6.49758E-03 -1.29885E+01  2.51337E+00  2.51202E+00  7.51202E+00
  6.49871E-03  0.00000E+00  6.14467E+00  6.14332E+00  1.11433E+01
  6.50028E-03  0.00000E+00  3.27375E+00  3.27239E+00  8.27239E+00
  6.50186E-03  0.00000E+00  2.21053E+00  2.20917E+00  7.20917E+00
  6.50299E-03 -6.67329E-01  2.02552E+00  2.02416E+00  7.02416E+00
  6.50412E-03  0.00000E+00  1.94280E+00  1.94144E+00  6.94144E+00
  6.51424E-03  0.00000E+00  2.96167E-01  2.94817E-01  5.29482E+00
  6.52436E-03  0.00000E+00 -5.58790E+00 -5.58925E+00 -5.89247E-01
  6.52549E-03 -1.69902E+01 -4.33926E-01 -4.35286E-01  4.56471E+00
  6.52662E-03  0.00000E+00  4.56476E+00  4.56340E+00  9.56340E+00
  6.52746E-03  0.00000E+00  1.70200E+00  1.70064E+00  6.70064E+00
  6.52830E-03  0.00000E+00 -5.48985E-01 -5.50335E-01  4.44966E+00
  6.52944E-03 -9.46332E+00  1.76550E+00  1.76414E+00  6.76414E+00
  6.53057E-03  0.00000E+00  4.33411E+00  4.33276E+00  9.33276E+00
  6.53147E-03  0.00000E+00  2.74931E+00  2.74795E+00  7.74795E+00
  6.53237E-03  0.00000E+00  1.98277E+00  1.98141E+00  6.98141E+00
  6.53350E-03 -4.86189E-01  1.62272E+00  1.62137E+00  6.62137E+00
  6.53463E-03  0.00000E+00  1.43025E+00  1.42889E+00  6.42889E+00
  6.54133E-03  0.00000E+00  5.76667E-02  5.63067E-02  5.05631E+00
  6.54804E-03  0.00000E+00 -4.20533E+00 -4.20668E+00  7.93324E-01
  6.54917E-03 -1.27589E+01 -3.75203E-01 -3.76563E-01  4.62344E+00
  6.55030E-03  0.00000E+00  3.32699E+00  3.32563E+00  8.32563E+00
  6.55109E-03  0.00000E+00  1.21596E+00  1.21460E+00  6.21460E+00
  6.55187E-03  0.00000E+00 -4.51298E-01 -4.52658E-01  4.54734E+00
  6.55300E-03 -7.10685E+00  1.20988E+00  1.20853E+00  6.20853E+00
  6.55413E-03  0.00000E+00  3.09391E+00  3.09255E+00  8.09255E+00
  6.55459E-03  0.00000E+00  2.32304E+00  2.32168E+00  7.32168E+00
  6.55504E-03  0.00000E+00  1.83510E+00  1.83374E+00  6.83374E+00
  6.55617E-03 -3.65261E-01  1.28764E+00  1.28629E+00  6.28629E+00
  6.55730E-03  0.00000E+00  1.00291E+00  1.00156E+00  6.00156E+00
  6.56167E-03  0.00000E+00 -1.33791E-01 -1.35141E-01  4.86486E+00
  6.56604E-03  0.00000E+00 -3.22171E+00 -3.22307E+00  1.77693E+00
  6.56717E-03 -9.82360E+00 -3.15302E-01 -3.16662E-01  4.68334E+00
  6.56830E-03  0.00000E+00  2.48775E+00  2.48639E+00  7.48639E+00
  6.56906E-03  0.00000E+00  8.68296E-01  8.66946E-01  5.86695E+00
  6.56981E-03  0.00000E+00 -4.24086E-01 -4.25446E-01  4.57455E+00
  6.57094E-03 -5.47225E+00  8.03107E-01  8.01757E-01  5.80176E+00
  6.57207E-03  0.00000E+00  2.18853E+00  2.18718E+00  7.18718E+00
  6.57221E-03  0.00000E+00  1.96061E+00  1.95925E+00  6.95925E+00
  6.57235E-03  0.00000E+00  1.76389E+00  1.76253E+00  6.76253E+00
  6.57348E-03 -2.81415E-01  9.89254E-01  9.87894E-01  5.98789E+00
  6.57461E-03  0.00000E+00  6.16675E-01  6.15315E-01  5.61532E+00
  6.57738E-03  0.00000E+00 -3.20338E-01 -3.21698E-01  4.67830E+00
  6.58015E-03  0.00000E+00 -2.60809E+00 -2.60944E+00  2.39056E+00
  6.58128E-03 -8.16672E+00 -2.17080E-01 -2.18440E-01  4.78156E+00
  6.58241E-03  0.00000E+00  2.10945E+00  2.10809E+00  7.10809E+00
  6.58325E-03  0.00000E+00  6.99329E-01  6.97969E-01  5.69797E+00
  6.58408E-03  0.00000E+00 -3.83687E-01 -3.85047E-01  4.61495E+00
  6.58521E-03 -4.08153E+00  4.79645E-01  4.78285E-01  5.47829E+00
  6.58634E-03  0.00000E+00  1.46040E+00  1.45905E+00  6.45905E+00
  6.58880E-03  0.00000E+00 -8.64034E-02 -8.77534E-02  4.91225E+00
  6.59125E-03  0.00000E+00 -2.02085E+00 -2.02221E+00  2.97779E+00
  6.59238E-03 -6.53710E+00 -1.66748E-01 -1.68108E-01  4.83189E+00
  6.59351E-03  0.00000E+00  1.63953E+00  1.63818E+00  6.63818E+00
  6.59434E-03  0.00000E+00  4.78191E-01  4.76831E-01  5.47683E+00
  6.59517E-03  0.00000E+00 -4.35516E-01 -4.36876E-01  4.56312E+00
  6.59630E-03 -3.26709E+00  1.83213E-01  1.81853E-01  5.18185E+00
  6.59743E-03  0.00000E+00  8.68606E-01  8.67246E-01  5.86725E+00
  6.59881E-03  0.00000E+00 -2.07598E-01 -2.08958E-01  4.79104E+00
  6.60019E-03  0.00000E+00 -1.52218E+00 -1.52354E+00  3.47646E+00
  6.60133E-03 -5.31380E+00 -9.94638E-02 -1.00824E-01  4.89918E+00
  6.60246E-03  0.00000E+00  1.29532E+00  1.29396E+00  6.29396E+00
  6.60329E-03  0.00000E+00  2.97475E-01  2.96125E-01  5.29613E+00
  6.60412E-03  0.00000E+00 -4.97063E-01 -4.98423E-01  4.50158E+00
  6.60526E-03 -2.65573E+00 -9.63204E-02 -9.76804E-02  4.90232E+00
  6.60639E-03  0.00000E+00  2.74104E-01  2.72744E-01  5.27274E+00
  6.60696E-03  0.00000E+00 -3.50089E-01 -3.51449E-01  4.64855E+00
  6.60752E-03  0.00000E+00 -1.05083E+00 -1.05218E+00  3.94782E+00
  6.60865E-03 -4.37767E+00 -1.70956E-02 -1.84556E-02  4.98154E+00
  6.60979E-03  0.00000E+00  1.06718E+00  1.06583E+00  6.06583E+00
  6.61126E-03  0.00000E+00 -2.17471E-01 -2.18831E-01  4.78117E+00
  6.61273E-03  0.00000E+00 -1.65986E+00 -1.66122E+00  3.33878E+00
  6.61386E-03 -5.63855E+00 -1.37031E-01 -1.38391E-01  4.86161E+00
  6.61439E-03  0.00000E+00  5.69842E-01  5.68482E-01  5.56848E+00
  6.61469E-03  0.00000E+00  9.96881E-01  9.95521E-01  5.99552E+00
  6.61500E-03  0.00000E+00  1.42126E+00  1.41990E+00  6.41990E+00
  6.61552E-03 -1.98473E-01  7.65374E-01  7.64014E-01  5.76401E+00
  6.61665E-03  0.00000E+00 -5.48698E-03 -6.84698E-03  4.99315E+00
  6.61745E-03  0.00000E+00 -5.67891E-01 -5.69251E-01  4.43075E+00
  6.61824E-03  0.00000E+00 -1.42699E+00 -1.42834E+00  3.57166E+00
  6.61938E-03 -4.89750E+00 -1.45661E-01 -1.47021E-01  4.85298E+00
  6.62051E-03  0.00000E+00  1.11920E+00  1.11785E+00  6.11785E+00
  6.62168E-03  0.00000E+00 -6.54985E-02 -6.68585E-02  4.93314E+00
  6.62284E-03  0.00000E+00 -1.16668E+00 -1.16804E+00  3.83196E+00
  6.62397E-03 -4.14941E+00 -1.76731E-01 -1.78091E-01  4.82191E+00
  6.62511E-03  0.00000E+00  8.04993E-01  8.03633E-01  5.80363E+00
  6.62592E-03  0.00000E+00 -7.04464E-02 -7.18064E-02  4.92819E+00
  6.62674E-03  0.00000E+00 -8.96216E-01 -8.97576E-01  4.10242E+00
  6.62787E-03 -3.42425E+00 -1.94956E-01 -1.96316E-01  4.80368E+00
  6.62900E-03  0.00000E+00  4.86887E-01  4.85537E-01  5.48554E+00
  6.62954E-03  0.00000E+00 -1.31075E-01 -1.32435E-01  4.86757E+00
  6.63008E-03  0.00000E+00 -7.29502E-01 -7.30862E-01  4.26914E+00
  6.63122E-03 -3.00893E+00 -2.26258E-01 -2.27618E-01  4.77238E+00
  6.63235E-03  0.00000E+00  2.49015E-01  2.47655E-01  5.24765E+00
  6.63268E-03  0.00000E+00 -1.64213E-01 -1.65573E-01  4.83443E+00
  6.63300E-03  0.00000E+00 -5.57384E-01 -5.58734E-01  4.44127E+00
  6.63413E-03 -2.66890E+00 -2.34468E-01 -2.35818E-01  4.76418E+00
  6.63527E-03  0.00000E+00  9.04530E-02  8.90930E-02  5.08909E+00
  6.63567E-03  0.00000E+00 -3.93204E-01 -3.94564E-01  4.60544E+00
  6.63607E-03  0.00000E+00 -9.08427E-01 -9.09777E-01  4.09022E+00
  6.63720E-03 -3.62939E+00 -1.88825E-01 -1.90175E-01  4.80983E+00
  6.63834E-03  0.00000E+00  5.59527E-01  5.58167E-01  5.55817E+00
  6.63904E-03  0.00000E+00 -2.06700E-01 -2.08060E-01  4.79194E+00
  6.63975E-03  0.00000E+00 -9.78694E-01 -9.80054E-01  4.01995E+00
  6.64089E-03 -3.56278E+00 -2.50835E-01 -2.52195E-01  4.74780E+00
  6.64202E-03  0.00000E+00  4.38996E-01  4.37636E-01  5.43764E+00
  6.64235E-03  0.00000E+00  5.79369E-03  4.43369E-03  5.00443E+00
  6.64269E-03  0.00000E+00 -4.02794E-01 -4.04154E-01  4.59585E+00
  6.64382E-03 -2.30242E+00 -2.41731E-01 -2.43081E-01  4.75692E+00
  6.64495E-03  0.00000E+00 -1.07508E-01 -1.08858E-01  4.89114E+00
  6.64516E-03  0.00000E+00 -3.80672E-01 -3.82022E-01  4.61798E+00
  6.64536E-03  0.00000E+00 -6.51594E-01 -6.52954E-01  4.34705E+00
  6.64649E-03 -2.96177E+00 -2.35219E-01 -2.36579E-01  4.76342E+00
  6.64763E-03  0.00000E+00  1.94034E-01  1.92674E-01  5.19267E+00
  6.64791E-03  0.00000E+00 -1.67654E-01 -1.69004E-01  4.83100E+00
  6.64820E-03  0.00000E+00 -5.30148E-01 -5.31508E-01  4.46849E+00
  6.64933E-03 -2.59970E+00 -2.56073E-01 -2.57423E-01  4.74258E+00
  6.65046E-03  0.00000E+00 -2.71287E-02 -2.84787E-02  4.97152E+00
  6.65057E-03  0.00000E+00 -1.81243E-01 -1.82593E-01  4.81741E+00
  6.65067E-03  0.00000E+00 -3.21797E-01 -3.23157E-01  4.67684E+00
  6.65180E-03 -2.34153E+00 -2.15341E-01 -2.16691E-01  4.78331E+00
  6.65293E-03  0.00000E+00 -9.73378E-02 -9.86978E-02  4.90130E+00
  6.65303E-03  0.00000E+00 -2.32147E-01 -2.33507E-01  4.76649E+00
  6.65313E-03  0.00000E+00 -3.72696E-01 -3.74046E-01  4.62595E+00
  6.65427E-03 -2.45038E+00 -2.02418E-01 -2.03768E-01  4.79623E+00
  6.65540E-03  0.00000E+00 -1.84735E-02 -1.98235E-02  4.98018E+00
  6.65549E-03  0.00000E+00 -1.42825E-01 -1.44175E-01  4.85582E+00
  6.65557E-03  0.00000E+00 -2.53919E-01 -2.55279E-01  4.74472E+00
  6.65671E-03 -2.22299E+00 -1.62694E-01 -1.64054E-01  4.83595E+00
  6.65784E-03  0.00000E+00 -3.85416E-02 -3.99016E-02  4.96010E+00
  6.65790E-03  0.00000E+00 -1.17634E-01 -1.18994E-01  4.88101E+00
  6.65795E-03  0.00000E+00 -1.83782E-01 -1.85142E-01  4.81486E+00
  6.65908E-03 -1.99067E+00 -1.40041E-01 -1.41391E-01  4.85861E+00
  6.66001E-03  0.00000E+00 -3.12494E-02 -3.25994E-02  4.96740E+00
  6.66011E-03  0.00000E+00  2.68582E-02  2.55082E-02  5.02551E+00
  6.66022E-03  0.00000E+00  8.97369E-02  8.83769E-02  5.08838E+00
  6.66114E-03 -1.02032E+00 -1.68910E-01 -1.70270E-01  4.82973E+00
  6.66227E-03  0.00000E+00 -3.47659E-01 -3.49019E-01  4.65098E+00
  6.66229E-03  0.00000E+00 -3.59842E-01 -3.61192E-01  4.63881E+00
  6.66230E-03  0.00000E+00 -3.68744E-01 -3.70104E-01  4.62990E+00
  6.66290E-03  0.00000E+00 -6.21444E-01 -6.22804E-01  4.37720E+00
  6.66343E-03 -5.28373E-01 -8.05265E-01 -8.06615E-01  4.19338E+00
  6.66400E-03 -7.45921E-01 -9.41985E-01 -9.43345E-01  4.05665E+00
  6.66457E-03 -7.92812E-01 -9.14503E-01 -9.15863E-01  4.08414E+00
  6.66530E-03 -8.98149E-01 -7.63585E-01 -7.64945E-01  4.23506E+00
  6.66600E-03 -1.01187E+00 -7.47380E-01 -7.48730E-01  4.25127E+00
  6.66700E-03 -1.11884E+00 -6.78383E-01 -6.79733E-01  4.32027E+00
  6.66800E-03 -1.11882E+00 -5.97632E-01 -5.98992E-01  4.40101E+00
  6.66900E-03 -1.11881E+00 -5.68096E-01 -5.69446E-01  4.43055E+00
  6.67000E-03 -1.11880E+00 -5.49835E-01 -5.51195E-01  4.44881E+00
  6.67100E-03 -1.11878E+00 -5.37718E-01 -5.39078E-01  4.46092E+00
  6.67200E-03 -1.11877E+00 -5.29496E-01 -5.30856E-01  4.46914E+00
  6.67300E-03 -1.11876E+00 -5.23857E-01 -5.25217E-01  4.47478E+00
  6.67400E-03 -1.11874E+00 -5.20105E-01 -5.21465E-01  4.47853E+00
  6.67500E-03 -1.11873E+00 -5.17716E-01 -5.19066E-01  4.48093E+00
  6.67600E-03 -1.11871E+00 -5.16386E-01 -5.17746E-01  4.48225E+00
  6.67800E-03 -1.11868E+00 -5.16032E-01 -5.17392E-01  4.48261E+00
  6.68000E-03 -1.11865E+00 -5.17833E-01 -5.19193E-01  4.48081E+00
  6.68200E-03 -1.11862E+00 -5.21076E-01 -5.22426E-01  4.47757E+00
  6.68500E-03 -1.11858E+00 -5.27802E-01 -5.29162E-01  4.47084E+00
  6.68800E-03 -1.11854E+00 -5.36009E-01 -5.37359E-01  4.46264E+00
  6.69000E-03 -1.11851E+00 -5.42047E-01 -5.43397E-01  4.45660E+00
  6.69300E-03 -1.11847E+00 -5.51716E-01 -5.53066E-01  4.44693E+00
  6.69500E-03 -1.11844E+00 -5.58466E-01 -5.59816E-01  4.44018E+00
  6.70000E-03 -1.11837E+00 -5.76065E-01 -5.77415E-01  4.42258E+00
  6.70300E-03 -1.11833E+00 -5.86963E-01 -5.88323E-01  4.41168E+00
  6.70700E-03 -1.11827E+00 -6.01760E-01 -6.03120E-01  4.39688E+00
  6.71500E-03 -1.11816E+00 -6.31840E-01 -6.33200E-01  4.36680E+00
  6.72300E-03 -1.11805E+00 -6.62139E-01 -6.63489E-01  4.33651E+00
  6.73000E-03 -1.11795E+00 -6.88588E-01 -6.89948E-01  4.31005E+00
  6.73700E-03 -1.11785E+00 -7.14857E-01 -7.16217E-01  4.28378E+00
  6.74500E-03 -1.11774E+00 -7.44595E-01 -7.45945E-01  4.25406E+00
  6.75200E-03 -1.11764E+00 -7.70275E-01 -7.71625E-01  4.22838E+00
  6.76000E-03 -1.11753E+00 -7.99237E-01 -8.00597E-01  4.19940E+00
  6.77000E-03 -1.11739E+00 -8.34813E-01 -8.36173E-01  4.16383E+00
  6.78000E-03 -1.11725E+00 -8.69680E-01 -8.71040E-01  4.12896E+00
  6.79000E-03 -1.11711E+00 -9.03822E-01 -9.05172E-01  4.09483E+00
  6.80000E-03 -1.11697E+00 -9.37237E-01 -9.38587E-01  4.06141E+00
  6.82000E-03 -1.11673E+00 -1.00189E+00 -1.00325E+00  3.99675E+00
  6.85000E-03 -1.11636E+00 -1.09369E+00 -1.09504E+00  3.90496E+00
  6.87000E-03 -1.11612E+00 -1.15160E+00 -1.15296E+00  3.84704E+00
  6.90000E-03 -1.11575E+00 -1.23382E+00 -1.23518E+00  3.76482E+00
  6.92000E-03 -1.11539E+00 -1.28577E+00 -1.28712E+00  3.71288E+00
  6.95000E-03 -1.11486E+00 -1.35981E+00 -1.36116E+00  3.63884E+00
  6.97000E-03 -1.11450E+00 -1.40670E+00 -1.40806E+00  3.59194E+00
  7.00000E-03 -1.11396E+00 -1.47355E+00 -1.47491E+00  3.52509E+00
  7.05000E-03 -1.11281E+00 -1.57665E+00 -1.57801E+00  3.42199E+00
  7.10000E-03 -1.11166E+00 -1.67053E+00 -1.67188E+00  3.32812E+00
  7.15000E-03 -1.11052E+00 -1.75622E+00 -1.75758E+00  3.24242E+00
  7.20000E-03 -1.10937E+00 -1.83461E+00 -1.83596E+00  3.16404E+00
  7.27000E-03 -1.10746E+00 -1.93378E+00 -1.93514E+00  3.06486E+00
  7.35000E-03 -1.10528E+00 -2.03428E+00 -2.03564E+00  2.96436E+00
  7.42000E-03 -1.10338E+00 -2.11255E+00 -2.11390E+00  2.88610E+00
  7.50000E-03 -1.10120E+00 -2.19242E+00 -2.19377E+00  2.80623E+00
  7.60000E-03 -1.09814E+00 -2.28025E+00 -2.28161E+00  2.71839E+00
  7.70000E-03 -1.09507E+00 -2.35685E+00 -2.35821E+00  2.64179E+00
  7.85000E-03 -1.08969E+00 -2.45499E+00 -2.45635E+00  2.54365E+00
  8.00000E-03 -1.08430E+00 -2.53713E+00 -2.53849E+00  2.46151E+00
  8.08000E-03 -1.08119E+00 -2.57551E+00 -2.57687E+00  2.42313E+00
  8.15000E-03 -1.07846E+00 -2.60653E+00 -2.60789E+00  2.39211E+00
  8.30000E-03 -1.07262E+00 -2.66583E+00 -2.66719E+00  2.33281E+00
  8.42000E-03 -1.06780E+00 -2.70757E+00 -2.70893E+00  2.29107E+00
  8.53941E-03 -1.06301E+00 -2.74456E+00 -2.74592E+00  2.25408E+00
  8.80000E-03 -1.05181E+00 -2.81387E+00 -2.81523E+00  2.18477E+00
  8.90000E-03 -1.04751E+00 -2.83725E+00 -2.83861E+00  2.16139E+00
  9.00000E-03 -1.04321E+00 -2.85914E+00 -2.86049E+00  2.13951E+00
  9.20000E-03 -1.03423E+00 -2.89964E+00 -2.90100E+00  2.09900E+00
  9.50000E-03 -1.02075E+00 -2.95621E+00 -2.95756E+00  2.04244E+00
  9.70000E-03 -1.01177E+00 -2.99492E+00 -2.99628E+00  2.00372E+00
  1.00000E-02 -9.98298E-01 -3.07100E+00 -3.07235E+00  1.92765E+00
  1.02000E-02 -9.89110E-01 -3.18155E+00 -3.18291E+00  1.81709E+00
  1.04143E-02 -9.79265E-01 -3.41501E+01 -3.41514E+01 -2.91514E+01
  1.04155E-02 -1.02305E+02 -2.12265E+00 -2.12401E+00  2.87599E+00
  1.04167E-02 -9.79156E-01  2.85550E+01  2.85537E+01  3.35537E+01
  1.07380E-02 -9.64648E-01 -2.94902E+00 -2.95038E+00  2.04962E+00
  1.10593E-02 -9.50127E-01 -3.08040E+00 -3.08176E+00  1.91824E+00
  1.10605E-02 -9.72366E-01 -3.07388E+00 -3.07524E+00  1.92476E+00
  1.10617E-02 -9.50017E-01 -3.06736E+00 -3.06872E+00  1.93128E+00
  1.12700E-02 -9.40753E-01 -3.18349E+00 -3.18485E+00  1.81515E+00
  1.14783E-02 -9.31379E-01 -2.56523E+01 -2.56536E+01 -2.06536E+01
  1.14795E-02 -7.19844E+01 -3.70283E+00 -3.70419E+00  1.29581E+00
  1.14808E-02 -9.31269E-01  1.88505E+01  1.88492E+01  2.38492E+01
  1.16962E-02 -9.21787E-01 -3.04937E+00 -3.05072E+00  1.94928E+00
  1.19116E-02 -9.12542E-01 -1.55206E+01 -1.55220E+01 -1.05220E+01
  1.19129E-02 -4.08129E+01 -2.77167E+00 -2.77302E+00  2.22698E+00
  1.19141E-02 -9.12431E-01  9.53723E+00  9.53587E+00  1.45359E+01
  1.20224E-02 -9.07619E-01 -3.05550E+00 -3.05685E+00  1.94315E+00
  1.21308E-02 -9.02874E-01 -1.03722E+01 -1.03736E+01 -5.37357E+00
  1.21320E-02 -2.45343E+01 -3.10961E+00 -3.11096E+00  1.88904E+00
  1.21332E-02 -9.02766E-01  4.15298E+00  4.15163E+00  9.15163E+00
  1.21951E-02 -9.00089E-01 -3.06024E+00 -3.06160E+00  1.93840E+00
  1.22569E-02 -8.97433E-01 -7.77883E+00 -7.78018E+00 -2.78018E+00
  1.22582E-02 -1.58351E+01 -2.98303E+00 -2.98439E+00  2.01561E+00
  1.22594E-02 -8.97326E-01  1.59738E+00  1.59602E+00  6.59602E+00
  1.22978E-02 -8.95689E-01 -3.06383E+00 -3.06519E+00  1.93481E+00
  1.23362E-02 -8.94060E-01 -6.16059E+00 -6.16195E+00 -1.16195E+00
  1.23374E-02 -1.08737E+01 -3.10691E+00 -3.10827E+00  1.89173E+00
  1.23386E-02 -8.93955E-01 -5.32744E-02 -5.46244E-02  4.94538E+00
  1.23639E-02 -8.92888E-01 -3.06642E+00 -3.06777E+00  1.93223E+00
  1.23892E-02 -8.91824E-01 -5.23449E+00 -5.23584E+00 -2.35843E-01
  1.23904E-02 -7.86592E+00 -3.10526E+00 -3.10662E+00  1.89338E+00
  1.23916E-02 -8.91719E-01 -9.76093E-01 -9.77453E-01  4.02255E+00
  1.24090E-02 -8.90990E-01 -3.06853E+00 -3.06989E+00  1.93011E+00
  1.24264E-02 -8.90263E-01 -4.64244E+00 -4.64380E+00  3.56201E-01
  1.24276E-02 -5.94593E+00 -3.10371E+00 -3.10507E+00  1.89493E+00
  1.24288E-02 -8.90158E-01 -1.56509E+00 -1.56645E+00  3.43355E+00
  1.24411E-02 -8.89644E-01 -3.06894E+00 -3.07030E+00  1.92970E+00
  1.24535E-02 -8.89131E-01 -4.24631E+00 -4.24767E+00  7.52329E-01
  1.24547E-02 -4.66639E+00 -3.10204E+00 -3.10339E+00  1.89661E+00
  1.24559E-02 -8.89026E-01 -1.95795E+00 -1.95930E+00  3.04070E+00
  1.24649E-02 -8.88653E-01 -3.07144E+00 -3.07280E+00  1.92720E+00
  1.24739E-02 -8.88281E-01 -3.97142E+00 -3.97277E+00  1.02723E+00
  1.24751E-02 -3.78237E+00 -3.10098E+00 -3.10233E+00  1.89767E+00
  1.24763E-02 -8.88177E-01 -2.23080E+00 -2.23216E+00  2.76784E+00
  1.24829E-02 -8.87902E-01 -3.07054E+00 -3.07190E+00  1.92810E+00
  1.24896E-02 -8.87628E-01 -3.77365E+00 -3.77500E+00  1.22500E+00
  1.24908E-02 -3.15273E+00 -3.09984E+00 -3.10119E+00  1.89881E+00
  1.24920E-02 -8.87524E-01 -2.42645E+00 -2.42781E+00  2.57219E+00
  1.24969E-02 -8.87321E-01 -3.07025E+00 -3.07161E+00  1.92839E+00
  1.25018E-02 -8.87118E-01 -3.62493E+00 -3.62629E+00  1.37371E+00
  1.25031E-02 -2.69249E+00 -3.09755E+00 -3.09891E+00  1.90109E+00
  1.25044E-02 -8.87014E-01 -2.57084E+00 -2.57220E+00  2.42780E+00
  1.25080E-02 -8.86861E-01 -3.06993E+00 -3.07129E+00  1.92871E+00
  1.25117E-02 -8.86708E-01 -3.51299E+00 -3.51434E+00  1.48566E+00
  1.25130E-02 -2.34847E+00 -3.09686E+00 -3.09822E+00  1.90178E+00
  1.25143E-02 -8.86604E-01 -2.68181E+00 -2.68317E+00  2.31683E+00
  1.25170E-02 -8.86490E-01 -3.07286E+00 -3.07422E+00  1.92578E+00
  1.25197E-02 -8.86376E-01 -3.42282E+00 -3.42418E+00  1.57582E+00
  1.25210E-02 -2.08627E+00 -3.09409E+00 -3.09545E+00  1.90455E+00
  1.25223E-02 -8.86273E-01 -2.76679E+00 -2.76814E+00  2.23186E+00
  1.25243E-02 -8.86188E-01 -3.07144E+00 -3.07279E+00  1.92721E+00
  1.25263E-02 -8.86104E-01 -3.34933E+00 -3.35068E+00  1.64932E+00
  1.25276E-02 -1.88299E+00 -3.09061E+00 -3.09197E+00  1.90803E+00
  1.25289E-02 -8.86000E-01 -2.83349E+00 -2.83484E+00  2.16516E+00
  1.25304E-02 -8.85936E-01 -3.07127E+00 -3.07263E+00  1.92737E+00
  1.25319E-02 -8.85872E-01 -3.29207E+00 -3.29342E+00  1.70658E+00
  1.25332E-02 -1.72300E+00 -3.09127E+00 -3.09263E+00  1.90737E+00
  1.25345E-02 -8.85769E-01 -2.89388E+00 -2.89524E+00  2.10476E+00
  1.25355E-02 -8.85726E-01 -3.06785E+00 -3.06921E+00  1.93079E+00
  1.25365E-02 -8.85682E-01 -3.23212E+00 -3.23348E+00  1.76652E+00
  1.25378E-02 -1.59538E+00 -3.08125E+00 -3.08261E+00  1.91739E+00
  1.25391E-02 -8.85579E-01 -2.93230E+00 -2.93365E+00  2.06635E+00
  1.25398E-02 -8.85548E-01 -3.05901E+00 -3.06036E+00  1.93964E+00
  1.25405E-02 -8.85517E-01 -3.17963E+00 -3.18098E+00  1.81902E+00
  1.25418E-02 -1.49235E+00 -3.06408E+00 -3.06544E+00  1.93456E+00
  1.25431E-02 -8.85414E-01 -2.93881E+00 -2.94016E+00  2.05984E+00
  1.25442E-02 -8.85367E-01 -3.08530E+00 -3.08666E+00  1.91334E+00
  1.25453E-02 -8.85319E-01 -3.22524E+00 -3.22659E+00  1.77341E+00
  1.25466E-02 -1.40795E+00 -3.13228E+00 -3.13364E+00  1.86636E+00
  1.25479E-02 -8.85216E-01 -3.05506E+00 -3.05642E+00  1.94358E+00
  1.25485E-02 -8.85189E-01 -3.16431E+00 -3.16567E+00  1.83433E+00
  1.25492E-02 -8.85162E-01 -3.30022E+00 -3.30158E+00  1.69842E+00
  1.25504E-02 -1.73389E+00 -3.10363E+00 -3.10499E+00  1.89501E+00
  1.25517E-02 -8.85059E-01 -2.90291E+00 -2.90427E+00  2.09573E+00
  1.25526E-02 -8.85022E-01 -3.07518E+00 -3.07653E+00  1.92347E+00
  1.25534E-02 -8.84986E-01 -3.21809E+00 -3.21944E+00  1.78056E+00
  1.25547E-02 -1.53844E+00 -3.09493E+00 -3.09628E+00  1.90372E+00
  1.25559E-02 -8.84883E-01 -2.97613E+00 -2.97749E+00  2.02251E+00
  1.25563E-02 -8.84866E-01 -3.05269E+00 -3.05404E+00  1.94596E+00
  1.25568E-02 -8.84849E-01 -3.14711E+00 -3.14847E+00  1.85153E+00
  1.25580E-02 -1.39840E+00 -3.08543E+00 -3.08679E+00  1.91321E+00
  1.25593E-02 -8.84746E-01 -3.03331E+00 -3.03467E+00  1.96533E+00
  1.25596E-02 -8.84733E-01 -3.09912E+00 -3.10048E+00  1.89952E+00
  1.25599E-02 -8.84720E-01 -3.16705E+00 -3.16840E+00  1.83160E+00
  1.25612E-02 -1.47065E+00 -3.07300E+00 -3.07436E+00  1.92564E+00
  1.25624E-02 -8.84617E-01 -2.98443E+00 -2.98579E+00  2.01421E+00
  1.25628E-02 -8.84601E-01 -3.07011E+00 -3.07146E+00  1.92854E+00
  1.25632E-02 -8.84586E-01 -3.14526E+00 -3.14661E+00  1.85339E+00
  1.25644E-02 -1.43682E+00 -3.06871E+00 -3.07007E+00  1.92993E+00
  1.25657E-02 -8.84483E-01 -3.00221E+00 -3.00357E+00  1.99643E+00
  1.25659E-02 -8.84474E-01 -3.04847E+00 -3.04982E+00  1.95018E+00
  1.25661E-02 -8.84465E-01 -3.09377E+00 -3.09512E+00  1.90488E+00
  1.25673E-02 -1.34908E+00 -3.05767E+00 -3.05903E+00  1.94097E+00
  1.25686E-02 -8.84362E-01 -3.01919E+00 -3.02055E+00  1.97945E+00
  1.25687E-02 -8.84358E-01 -3.04317E+00 -3.04452E+00  1.95548E+00
  1.25688E-02 -8.84354E-01 -3.06638E+00 -3.06774E+00  1.93226E+00
  1.25700E-02 -1.34065E+00 -3.03134E+00 -3.03270E+00  1.96730E+00
  1.25712E-02 -8.84256E-01 -2.97714E+00 -2.97849E+00  2.02151E+00
  1.25713E-02 -8.84251E-01 -2.96377E+00 -2.96513E+00  2.03487E+00
  1.25724E-02 -1.11315E+00 -3.00550E+00 -3.00686E+00  1.99314E+00
  1.25737E-02 -8.84153E-01 -3.00181E+00 -3.00316E+00  1.99684E+00
  1.25748E-02 -8.84107E-01 -3.09846E+00 -3.09982E+00  1.90018E+00
  1.25760E-02 -9.12420E-01 -3.18559E+00 -3.18695E+00  1.81305E+00
  1.25770E-02 -9.87373E-01 -3.23641E+00 -3.23777E+00  1.76223E+00
  1.25780E-02 -1.06848E+00 -3.21960E+00 -3.22096E+00  1.77904E+00
  1.25790E-02 -1.09406E+00 -3.18620E+00 -3.18756E+00  1.81244E+00
  1.25800E-02 -1.09408E+00 -3.15495E+00 -3.15631E+00  1.84369E+00
  1.25810E-02 -1.09410E+00 -3.14345E+00 -3.14481E+00  1.85519E+00
  1.25820E-02 -1.09412E+00 -3.13583E+00 -3.13718E+00  1.86282E+00
  1.25830E-02 -1.09414E+00 -3.13034E+00 -3.13170E+00  1.86830E+00
  1.25840E-02 -1.09415E+00 -3.12620E+00 -3.12756E+00  1.87244E+00
  1.25860E-02 -1.09419E+00 -3.12029E+00 -3.12165E+00  1.87835E+00
  1.25880E-02 -1.09423E+00 -3.11634E+00 -3.11770E+00  1.88230E+00
  1.25900E-02 -1.09427E+00 -3.11342E+00 -3.11478E+00  1.88522E+00
  1.25950E-02 -1.09437E+00 -3.10866E+00 -3.11001E+00  1.88999E+00
  1.26000E-02 -1.09446E+00 -3.10583E+00 -3.10718E+00  1.89282E+00
  1.26050E-02 -1.09455E+00 -3.10391E+00 -3.10527E+00  1.89473E+00
  1.26100E-02 -1.09465E+00 -3.10254E+00 -3.10389E+00  1.89611E+00
  1.26170E-02 -1.09478E+00 -3.10113E+00 -3.10249E+00  1.89751E+00
  1.26250E-02 -1.09493E+00 -3.09997E+00 -3.10132E+00  1.89868E+00
  1.26400E-02 -1.09522E+00 -3.09848E+00 -3.09984E+00  1.90016E+00
  1.26550E-02 -1.09550E+00 -3.09748E+00 -3.09884E+00  1.90116E+00
  1.26700E-02 -1.09578E+00 -3.09670E+00 -3.09806E+00  1.90194E+00
  1.27000E-02 -1.09635E+00 -3.09557E+00 -3.09693E+00  1.90307E+00
  1.27500E-02 -1.09729E+00 -3.09418E+00 -3.09554E+00  1.90446E+00
  1.28000E-02 -1.09823E+00 -3.09306E+00 -3.09442E+00  1.90558E+00
  1.28500E-02 -1.09917E+00 -3.09200E+00 -3.09336E+00  1.90664E+00
  1.29000E-02 -1.10010E+00 -3.09099E+00 -3.09235E+00  1.90765E+00
  1.29700E-02 -1.10140E+00 -3.08957E+00 -3.09092E+00  1.90908E+00
  1.30500E-02 -1.10288E+00 -3.08789E+00 -3.08924E+00  1.91076E+00
  1.32000E-02 -1.10564E+00 -3.08444E+00 -3.08580E+00  1.91420E+00
  1.33500E-02 -1.10802E+00 -3.08073E+00 -3.08208E+00  1.91792E+00
  1.35000E-02 -1.11040E+00 -3.07686E+00 -3.07822E+00  1.92178E+00
  1.38000E-02 -1.11507E+00 -3.06822E+00 -3.06958E+00  1.93042E+00
  1.41000E-02 -1.11876E+00 -3.05873E+00 -3.06008E+00  1.93992E+00
  1.44000E-02 -1.12245E+00 -3.04861E+00 -3.04997E+00  1.95003E+00
  1.47000E-02 -1.12557E+00 -3.03777E+00 -3.03913E+00  1.96087E+00
  1.50000E-02 -1.12836E+00 -3.02634E+00 -3.02769E+00  1.97231E+00
  1.53000E-02 -1.13037E+00 -3.01512E+00 -3.01647E+00  1.98353E+00
  1.57000E-02 -1.13299E+00 -2.99839E+00 -2.99975E+00  2.00025E+00
  1.61000E-02 -1.13455E+00 -2.98223E+00 -2.98359E+00  2.01641E+00
  1.65000E-02 -1.13578E+00 -2.96468E+00 -2.96604E+00  2.03396E+00
  1.69000E-02 -1.13605E+00 -2.94793E+00 -2.94929E+00  2.05071E+00
  1.73000E-02 -1.13606E+00 -2.93017E+00 -2.93153E+00  2.06847E+00
  1.80000E-02 -1.13452E+00 -2.89998E+00 -2.90134E+00  2.09866E+00
  1.85000E-02 -1.13258E+00 -2.87852E+00 -2.87987E+00  2.12013E+00
  1.90000E-02 -1.12997E+00 -2.85731E+00 -2.85867E+00  2.14133E+00
  1.95000E-02 -1.12681E+00 -2.83643E+00 -2.83779E+00  2.16221E+00
  2.00000E-02 -1.12313E+00 -2.81585E+00 -2.81721E+00  2.18279E+00
  2.07000E-02 -1.11719E+00 -2.78780E+00 -2.78916E+00  2.21084E+00
  2.15000E-02 -1.10944E+00 -2.75678E+00 -2.75814E+00  2.24186E+00
  2.23000E-02 -1.10083E+00 -2.72695E+00 -2.72831E+00  2.27169E+00
  2.30000E-02 -1.09272E+00 -2.70186E+00 -2.70321E+00  2.29679E+00
  2.40000E-02 -1.08043E+00 -2.66756E+00 -2.66892E+00  2.33108E+00
  2.50000E-02 -1.06751E+00 -2.63533E+00 -2.63669E+00  2.36331E+00
  2.65000E-02 -1.04730E+00 -2.59020E+00 -2.59156E+00  2.40844E+00
  2.80000E-02 -1.02649E+00 -2.54893E+00 -2.55028E+00  2.44972E+00
  2.90000E-02 -1.01247E+00 -2.52345E+00 -2.52480E+00  2.47520E+00
  3.00000E-02 -9.98449E-01 -2.49941E+00 -2.50077E+00  2.49923E+00
  3.15000E-02 -9.77657E-01 -2.46609E+00 -2.46744E+00  2.53256E+00
  3.30000E-02 -9.56865E-01 -2.43559E+00 -2.43694E+00  2.56306E+00
  3.40000E-02 -9.43399E-01 -2.41662E+00 -2.41798E+00  2.58202E+00
  3.50000E-02 -9.29932E-01 -2.39872E+00 -2.40007E+00  2.59993E+00
  3.65000E-02 -9.10455E-01 -2.37381E+00 -2.37516E+00  2.62484E+00
  3.80000E-02 -8.90978E-01 -2.35093E+00 -2.35229E+00  2.64771E+00
  3.90000E-02 -8.78507E-01 -2.33667E+00 -2.33803E+00  2.66197E+00
  4.00000E-02 -8.66036E-01 -2.32318E+00 -2.32454E+00  2.67546E+00
  4.15000E-02 -8.48162E-01 -2.30458E+00 -2.30594E+00  2.69406E+00
  4.30000E-02 -8.30289E-01 -2.28744E+00 -2.28880E+00  2.71120E+00
  4.50000E-02 -8.07457E-01 -2.26653E+00 -2.26789E+00  2.73211E+00
  4.80000E-02 -7.74569E-01 -2.23971E+00 -2.24107E+00  2.75893E+00
  5.00000E-02 -7.53549E-01 -2.22424E+00 -2.22560E+00  2.77440E+00
  5.10000E-02 -7.43128E-01 -2.21725E+00 -2.21860E+00  2.78140E+00
  5.20000E-02 -7.33050E-01 -2.21083E+00 -2.21219E+00  2.78781E+00
  5.43000E-02 -7.10556E-01 -2.19737E+00 -2.19873E+00  2.80127E+00
  5.70000E-02 -6.84962E-01 -2.18438E+00 -2.18573E+00  2.81427E+00
  5.85000E-02 -6.71328E-01 -2.17827E+00 -2.17962E+00  2.82038E+00
  6.00000E-02 -6.57961E-01 -2.17301E+00 -2.17436E+00  2.82564E+00
  6.30000E-02 -6.32069E-01 -2.16492E+00 -2.16627E+00  2.83373E+00
  6.50000E-02 -6.15486E-01 -2.16105E+00 -2.16241E+00  2.83759E+00
  6.80000E-02 -5.91559E-01 -2.15763E+00 -2.15899E+00  2.84101E+00
  7.00000E-02 -5.76216E-01 -2.15672E+00 -2.15808E+00  2.84192E+00
  7.30000E-02 -5.54111E-01 -2.15758E+00 -2.15894E+00  2.84106E+00
  7.50000E-02 -5.40013E-01 -2.15943E+00 -2.16078E+00  2.83922E+00
  7.80000E-02 -5.19704E-01 -2.16413E+00 -2.16549E+00  2.83451E+00
  8.00000E-02 -5.06740E-01 -2.16844E+00 -2.16980E+00  2.83020E+00
  8.30000E-02 -4.88062E-01 -2.17674E+00 -2.17810E+00  2.82190E+00
  8.50000E-02 -4.76150E-01 -2.18339E+00 -2.18475E+00  2.81525E+00
  8.80000E-02 -4.59021E-01 -2.19564E+00 -2.19699E+00  2.80301E+00
  9.00000E-02 -4.48109E-01 -2.20400E+00 -2.20535E+00  2.79465E+00
  9.30000E-02 -4.32339E-01 -2.21958E+00 -2.22093E+00  2.77907E+00
  9.50000E-02 -4.22404E-01 -2.23020E+00 -2.23155E+00  2.76845E+00
  9.80000E-02 -4.08010E-01 -2.24890E+00 -2.25025E+00  2.74975E+00
  1.00000E-01 -3.98822E-01 -2.26164E+00 -2.26300E+00  2.73700E+00
  1.00758E-01 -3.95400E-01 -2.26714E+00 -2.26850E+00  2.73150E+00
  1.03000E-01 -3.85601E-01 -2.28396E+00 -2.28532E+00  2.71468E+00
  1.05000E-01 -3.77182E-01 -2.29926E+00 -2.30062E+00  2.69938E+00
  1.07000E-01 -3.69048E-01 -2.31591E+00 -2.31726E+00  2.68274E+00
  1.07800E-01 -3.65886E-01 -2.32287E+00 -2.32423E+00  2.67577E+00
  1.08500E-01 -3.63132E-01 -2.32900E+00 -2.33036E+00  2.66964E+00
  1.11000E-01 -3.53567E-01 -2.35281E+00 -2.35417E+00  2.64583E+00
  1.14000E-01 -3.42608E-01 -2.38214E+00 -2.38350E+00  2.61650E+00
  1.17000E-01 -3.32135E-01 -2.41529E+00 -2.41665E+00  2.58335E+00
  1.19000E-01 -3.25446E-01 -2.43796E+00 -2.43932E+00  2.56068E+00
  1.22000E-01 -3.15865E-01 -2.47526E+00 -2.47661E+00  2.52339E+00
  1.24000E-01 -3.09648E-01 -2.50186E+00 -2.50322E+00  2.49678E+00
  1.27000E-01 -3.00729E-01 -2.54469E+00 -2.54604E+00  2.45396E+00
  1.30000E-01 -2.92267E-01 -2.59121E+00 -2.59257E+00  2.40743E+00
  1.33000E-01 -2.84100E-01 -2.64190E+00 -2.64326E+00  2.35674E+00
  1.35000E-01 -2.78881E-01 -2.67829E+00 -2.67964E+00  2.32036E+00
  1.38000E-01 -2.71305E-01 -2.73717E+00 -2.73853E+00  2.26147E+00
  1.40000E-01 -2.66458E-01 -2.77960E+00 -2.78095E+00  2.21905E+00
  1.43000E-01 -2.59363E-01 -2.84868E+00 -2.85004E+00  2.14996E+00
  1.45000E-01 -2.54818E-01 -2.89883E+00 -2.90019E+00  2.09981E+00
  1.48000E-01 -2.48261E-01 -2.98106E+00 -2.98242E+00  2.01758E+00
  1.50000E-01 -2.44056E-01 -3.04121E+00 -3.04256E+00  1.95744E+00
  1.53000E-01 -2.37856E-01 -3.14089E+00 -3.14224E+00  1.85776E+00
  1.55000E-01 -2.33875E-01 -3.21472E+00 -3.21607E+00  1.78393E+00
  1.58000E-01 -2.28121E-01 -3.33876E+00 -3.34012E+00  1.65988E+00
  1.60000E-01 -2.24423E-01 -3.43210E+00 -3.43346E+00  1.56654E+00
  1.63000E-01 -2.18988E-01 -3.59207E+00 -3.59343E+00  1.40657E+00
  1.64000E-01 -2.17239E-01 -3.65180E+00 -3.65316E+00  1.34684E+00
  1.65000E-01 -2.15491E-01 -3.71529E+00 -3.71664E+00  1.28336E+00
  1.66500E-01 -2.12959E-01 -3.81849E+00 -3.81985E+00  1.18015E+00
  1.68000E-01 -2.10427E-01 -3.93279E+00 -3.93414E+00  1.06586E+00
  1.69000E-01 -2.08796E-01 -4.01622E+00 -4.01758E+00  9.82419E-01
  1.70000E-01 -2.07166E-01 -4.10635E+00 -4.10771E+00  8.92293E-01
  1.71000E-01 -2.05575E-01 -4.20413E+00 -4.20549E+00  7.94509E-01
  1.72000E-01 -2.03983E-01 -4.31079E+00 -4.31214E+00  6.87856E-01
  1.73000E-01 -2.02392E-01 -4.42774E+00 -4.42910E+00  5.70903E-01
  1.74000E-01 -2.00801E-01 -4.55677E+00 -4.55813E+00  4.41874E-01
  1.74800E-01 -1.99587E-01 -4.67043E+00 -4.67179E+00  3.28206E-01
  1.75500E-01 -1.98524E-01 -4.77821E+00 -4.77957E+00  2.20433E-01
  1.76200E-01 -1.97462E-01 -4.89551E+00 -4.89687E+00  1.03126E-01
  1.77000E-01 -1.96248E-01 -5.04295E+00 -5.04430E+00 -4.42966E-02
  1.77700E-01 -1.95227E-01 -5.18569E+00 -5.18704E+00 -1.87044E-01
  1.78500E-01 -1.94059E-01 -5.36765E+00 -5.36901E+00 -3.69005E-01
  1.79300E-01 -1.92892E-01 -5.57398E+00 -5.57534E+00 -5.75342E-01
  1.80000E-01 -1.91871E-01 -5.77930E+00 -5.78065E+00 -7.80648E-01
  1.81000E-01 -1.90469E-01 -6.12417E+00 -6.12552E+00 -1.12552E+00
  1.82000E-01 -1.89067E-01 -6.55156E+00 -6.55292E+00 -1.55292E+00
  1.82700E-01 -1.88086E-01 -6.91967E+00 -6.92103E+00 -1.92103E+00
  1.83300E-01 -1.87245E-01 -7.29768E+00 -7.29904E+00 -2.29904E+00
  1.83700E-01 -1.86694E-01 -7.59159E+00 -7.59295E+00 -2.59295E+00
  1.84000E-01 -1.86281E-01 -7.83958E+00 -7.84094E+00 -2.84094E+00
  1.84700E-01 -1.85317E-01 -8.53901E+00 -8.54036E+00 -3.54036E+00
  1.85400E-01 -1.84369E-01 -9.48577E+00 -9.48713E+00 -4.48713E+00
  1.86000E-01 -1.83557E-01 -1.06237E+01 -1.06251E+01 -5.62506E+00
  1.86800E-01 -1.82503E-01 -1.30573E+01 -1.30587E+01 -8.05866E+00
  1.87500E-01 -1.81581E-01 -1.72723E+01 -1.72737E+01 -1.22737E+01
  1.87800E-01 -1.81186E-01 -2.06013E+01 -2.06027E+01 -1.56027E+01
  1.88200E-01 -1.80659E-01 -2.91103E+01 -2.91116E+01 -2.41116E+01
  1.88600E-01 -1.80132E-01 -5.69601E+01 -5.69615E+01 -5.19615E+01
  1.88943E-01 -1.79680E-01 -3.69009E+03 -3.69010E+03 -3.68510E+03
  1.88945E-01 -4.73875E+03 -2.11200E+03 -2.11200E+03 -2.10700E+03
  1.88948E-01 -1.18466E+04  2.55047E+02  2.55046E+02  2.60046E+02
  1.88952E-01 -1.79667E-01  3.41133E+03  3.41133E+03  3.41633E+03
  1.89200E-01 -1.79351E-01  6.60828E+01  6.60814E+01  7.10814E+01
  1.89500E-01 -1.78968E-01  2.71744E+01  2.71730E+01  3.21730E+01
  1.89800E-01 -1.78586E-01  1.55598E+01  1.55584E+01  2.05584E+01
  1.90100E-01 -1.78203E-01  9.90921E+00  9.90786E+00  1.49079E+01
  1.90300E-01 -1.77948E-01  7.48858E+00  7.48723E+00  1.24872E+01
  1.90600E-01 -1.77566E-01  4.88829E+00  4.88693E+00  9.88693E+00
  1.90900E-01 -1.77183E-01  3.00268E+00  3.00132E+00  8.00132E+00
  1.91198E-01 -1.76803E-01  1.53381E+00  1.53245E+00  6.53245E+00
  1.91400E-01 -1.76552E-01  6.78310E-01  6.76950E-01  5.67695E+00
  1.91700E-01 -1.76180E-01 -4.73553E-01 -4.74913E-01  4.52509E+00
  1.92000E-01 -1.75808E-01 -1.57416E+00 -1.57552E+00  3.42448E+00
  1.92300E-01 -1.75436E-01 -2.73966E+00 -2.74102E+00  2.25898E+00
  1.92450E-01 -1.75250E-01 -3.40221E+00 -3.40356E+00  1.59644E+00
  1.92600E-01 -1.75064E-01 -4.17153E+00 -4.17289E+00  8.27112E-01
  1.92750E-01 -1.74878E-01 -5.12646E+00 -5.12782E+00 -1.27817E-01
  1.92900E-01 -1.74692E-01 -6.42760E+00 -6.42896E+00 -1.42896E+00
  1.93050E-01 -1.74506E-01 -8.47153E+00 -8.47289E+00 -3.47289E+00
  1.93200E-01 -1.74320E-01 -1.26004E+01 -1.26018E+01 -7.60181E+00
  1.93320E-01 -1.74171E-01 -2.22854E+01 -2.22868E+01 -1.72868E+01
  1.93444E-01 -1.74017E-01 -4.97055E+02 -4.97057E+02 -4.92057E+02
  1.93446E-01 -6.47336E+02 -2.85519E+02 -2.85520E+02 -2.80520E+02
  1.93449E-01 -1.61808E+03  3.17726E+01  3.17712E+01  3.67712E+01
  1.93454E-01 -1.74005E-01  4.67318E+02  4.67316E+02  4.72316E+02
  1.93580E-01 -1.73851E-01  1.56172E+01  1.56158E+01  2.06158E+01
  1.93700E-01 -1.73705E-01  6.13386E+00  6.13251E+00  1.11325E+01
  1.93840E-01 -1.73534E-01  2.06038E+00  2.05903E+00  7.05903E+00
  1.93981E-01 -1.73362E-01 -2.84770E-01 -2.86120E-01  4.71388E+00
  1.94090E-01 -1.73230E-01 -1.76482E+00 -1.76617E+00  3.23383E+00
  1.94200E-01 -1.73096E-01 -3.34720E+00 -3.34855E+00  1.65145E+00
  1.94270E-01 -1.73012E-01 -4.63384E+00 -4.63520E+00  3.64805E-01
  1.94350E-01 -1.72915E-01 -6.91577E+00 -6.91713E+00 -1.91713E+00
  1.94430E-01 -1.72818E-01 -1.25771E+01 -1.25785E+01 -7.57848E+00
  1.94508E-01 -1.72723E-01 -1.71186E+02 -1.71187E+02 -1.66187E+02
  1.94513E-01 -5.54533E+02  9.19271E+00  9.19135E+00  1.41914E+01
  1.94518E-01 -1.72712E-01  1.59153E+02  1.59152E+02  1.64152E+02
  1.94570E-01 -1.72649E-01  1.19125E+01  1.19111E+01  1.69111E+01
  1.94620E-01 -1.72588E-01  4.48117E+00  4.47981E+00  9.47981E+00
  1.94670E-01 -1.72528E-01  1.44065E+00  1.43930E+00  6.43930E+00
  1.94729E-01 -1.72456E-01 -7.75765E-01 -7.77125E-01  4.22287E+00
  1.94780E-01 -1.72395E-01 -2.40555E+00 -2.40691E+00  2.59309E+00
  1.94840E-01 -1.72322E-01 -4.75683E+00 -4.75819E+00  2.41812E-01
  1.94890E-01 -1.72262E-01 -8.85417E+00 -8.85553E+00 -3.85553E+00
  1.94941E-01 -1.72201E-01 -8.23763E+01 -8.23776E+01 -7.73776E+01
  1.94946E-01 -2.56416E+02 -2.53525E+00 -2.53661E+00  2.46339E+00
  1.94951E-01 -1.72190E-01  7.73049E+01  7.73036E+01  8.23036E+01
  1.95000E-01 -1.72131E-01  3.97139E+00  3.97003E+00  8.97003E+00
  1.95055E-01 -1.72064E-01 -1.01979E+00 -1.02115E+00  3.97885E+00
  1.95110E-01 -1.71999E-01 -4.90004E+00 -4.90140E+00  9.86038E-02
  1.95160E-01 -1.71939E-01 -4.58010E+01 -4.58023E+01 -4.08023E+01
  1.95165E-01 -1.39553E+02 -2.42869E+00 -2.43005E+00  2.56995E+00
  1.95170E-01 -1.71927E-01  4.09413E+01  4.09399E+01  4.59399E+01
  1.95200E-01 -1.71891E-01  2.72756E+00  2.72621E+00  7.72621E+00
  1.95228E-01 -1.71857E-01 -1.21132E+00 -1.21268E+00  3.78732E+00
  1.95260E-01 -1.71819E-01 -5.20439E+00 -5.20575E+00 -2.05752E-01
  1.95286E-01 -1.71788E-01 -2.84195E+01 -2.84208E+01 -2.34208E+01
  1.95291E-01 -8.43513E+01 -2.35220E+00 -2.35355E+00  2.64645E+00
  1.95296E-01 -1.71776E-01  2.37098E+01  2.37084E+01  2.87084E+01
  1.95310E-01 -1.71759E-01  3.64261E+00  3.64126E+00  8.64126E+00
  1.95330E-01 -1.71735E-01 -1.22854E+00 -1.22990E+00  3.77010E+00
  1.95350E-01 -1.71711E-01 -5.16874E+00 -5.17009E+00 -1.70088E-01
  1.95365E-01 -1.71693E-01 -1.90310E+01 -1.90324E+01 -1.40324E+01
  1.95370E-01 -5.48873E+01 -2.27741E+00 -2.27877E+00  2.72123E+00
  1.95375E-01 -1.71682E-01  1.44656E+01  1.44643E+01  1.94643E+01
  1.95396E-01 -1.71656E-01 -1.25264E+00 -1.25400E+00  3.74600E+00
  1.95418E-01 -1.71630E-01 -1.34547E+01 -1.34560E+01 -8.45602E+00
  1.95423E-01 -3.77309E+01 -2.20575E+00 -2.20710E+00  2.79290E+00
  1.95428E-01 -1.71618E-01  9.02564E+00  9.02428E+00  1.40243E+01
  1.95442E-01 -1.71601E-01 -1.47226E+00 -1.47361E+00  3.52639E+00
  1.95456E-01 -1.71585E-01 -9.99108E+00 -9.99244E+00 -4.99244E+00
  1.95461E-01 -2.70653E+01 -2.26643E+00 -2.26778E+00  2.73222E+00
  1.95466E-01 -1.71573E-01  5.41660E+00  5.41524E+00  1.04152E+01
  1.95474E-01 -1.71563E-01 -1.28413E+00 -1.28549E+00  3.71451E+00
  1.95483E-01 -1.71552E-01 -7.48021E+00 -7.48157E+00 -2.48157E+00
  1.95488E-01 -2.00873E+01 -2.20150E+00 -2.20286E+00  2.79714E+00
  1.95493E-01 -1.71541E-01  3.00668E+00  3.00532E+00  8.00532E+00
  1.95498E-01 -1.71535E-01 -1.49605E+00 -1.49741E+00  3.50259E+00
  1.95503E-01 -1.71529E-01 -5.53665E+00 -5.53800E+00 -5.37996E-01
  1.95508E-01 -1.53302E+01 -2.05687E+00 -2.05822E+00  2.94178E+00
  1.95513E-01 -1.71517E-01  1.34558E+00  1.34422E+00  6.34422E+00
  1.95516E-01 -1.71513E-01 -1.52992E+00 -1.53128E+00  3.46872E+00
  1.95519E-01 -1.71509E-01 -4.20896E+00 -4.21032E+00  7.89675E-01
  1.95524E-01 -1.19759E+01 -2.14215E+00 -2.14351E+00  2.85649E+00
  1.95529E-01 -1.71498E-01 -3.14358E-01 -3.15708E-01  4.68429E+00
  1.95530E-01 -1.71496E-01 -1.47086E+00 -1.47222E+00  3.52778E+00
  1.95531E-01 -1.71495E-01 -2.59284E+00 -2.59419E+00  2.40581E+00
  1.95536E-01 -9.54305E+00 -1.81646E+00 -1.81782E+00  3.18218E+00
  1.95541E-01 -1.71483E-01 -8.75105E-01 -8.76465E-01  4.12353E+00
  1.95543E-01 -1.71481E-01 -2.84083E+00 -2.84218E+00  2.15782E+00
  1.95545E-01 -1.71479E-01 -4.51247E+00 -4.51387E+00  4.86128E-01
  1.95550E-01 -1.39288E+01 -1.60368E+00 -1.60508E+00  3.39492E+00
  1.95555E-01 -1.71467E-01  4.12666E-01  4.11266E-01  5.41127E+00
  1.95556E-01 -1.71465E-01 -6.54106E-01 -6.55506E-01  4.34449E+00
  1.95558E-01 -1.71463E-01 -2.58273E+00 -2.58403E+00  2.41597E+00
  1.95563E-01 -9.61039E+00 -1.92895E+00 -1.93025E+00  3.06975E+00
  1.95568E-01 -1.71451E-01 -8.84111E-01 -8.85411E-01  4.11459E+00
  1.95569E-01 -1.71450E-01 -1.76120E+00 -1.76260E+00  3.23740E+00
  1.95570E-01 -1.71449E-01 -2.81399E+00 -2.81539E+00  2.18461E+00
  1.95575E-01 -9.60138E+00 -1.82718E+00 -1.82858E+00  3.17142E+00
  1.95580E-01 -1.71437E-01 -1.21066E+00 -1.21196E+00  3.78804E+00
  1.95581E-01 -1.71435E-01 -2.36727E+00 -2.36857E+00  2.63143E+00
  1.95586E-01 -9.20310E+00 -1.88471E+00 -1.88611E+00  3.11389E+00
  1.95591E-01 -1.71424E-01 -1.44326E+00 -1.44466E+00  3.55534E+00
  1.95596E-01 -9.45903E+00 -1.38500E+00 -1.38640E+00  3.61360E+00
  1.95599E-01 -1.71414E-01 -8.07376E-01 -8.08776E-01  4.19122E+00
  1.95600E-01 -1.71413E-01 -2.50609E-01 -2.51909E-01  4.74809E+00
  1.95601E-01 -1.71412E-01  3.71074E-01  3.69674E-01  5.36967E+00
  1.95604E-01 -4.03364E+00 -5.48357E-01 -5.49657E-01  4.45034E+00
  1.95609E-01 -3.03329E-01 -1.44535E+00 -1.44675E+00  3.55325E+00
  1.95612E-01 -7.44980E-01 -3.26022E+00 -3.26152E+00  1.73848E+00
  1.95616E-01 -2.42027E+00 -4.18804E+00 -4.18944E+00  8.10560E-01
  1.95620E-01 -4.34796E+00 -4.05528E+00 -4.05668E+00  9.43316E-01
  1.95624E-01 -4.34752E+00 -3.05002E+00 -3.05132E+00  1.94868E+00
  1.95628E-01 -4.34707E+00 -2.80005E+00 -2.80135E+00  2.19865E+00
  1.95632E-01 -4.34663E+00 -2.65571E+00 -2.65711E+00  2.34289E+00
  1.95636E-01 -4.34619E+00 -2.55940E+00 -2.56070E+00  2.43930E+00
  1.95640E-01 -4.34574E+00 -2.49149E+00 -2.49289E+00  2.50711E+00
  1.95643E-01 -4.34541E+00 -2.45207E+00 -2.45347E+00  2.54653E+00
  1.95645E-01 -4.34518E+00 -2.42916E+00 -2.43046E+00  2.56954E+00
  1.95648E-01 -4.34485E+00 -2.40030E+00 -2.40170E+00  2.59830E+00
  1.95650E-01 -4.34463E+00 -2.38370E+00 -2.38500E+00  2.61500E+00
  1.95652E-01 -4.34441E+00 -2.36864E+00 -2.36994E+00  2.63006E+00
  1.95655E-01 -4.34408E+00 -2.34808E+00 -2.34948E+00  2.65052E+00
  1.95660E-01 -4.34352E+00 -2.32037E+00 -2.32177E+00  2.67823E+00
  1.95665E-01 -4.34297E+00 -2.29746E+00 -2.29876E+00  2.70124E+00
  1.95670E-01 -4.34241E+00 -2.27871E+00 -2.28011E+00  2.71989E+00
  1.95675E-01 -4.34186E+00 -2.26268E+00 -2.26398E+00  2.73602E+00
  1.95680E-01 -4.34131E+00 -2.24912E+00 -2.25052E+00  2.74948E+00
  1.95683E-01 -4.34098E+00 -2.24173E+00 -2.24303E+00  2.75697E+00
  1.95687E-01 -4.34054E+00 -2.23300E+00 -2.23435E+00  2.76565E+00
  1.95695E-01 -4.33965E+00 -2.21784E+00 -2.21920E+00  2.78080E+00
  1.95702E-01 -4.33888E+00 -2.20672E+00 -2.20808E+00  2.79192E+00
  1.95710E-01 -4.33799E+00 -2.19615E+00 -2.19751E+00  2.80249E+00
  1.95720E-01 -4.33688E+00 -2.18471E+00 -2.18607E+00  2.81393E+00
  1.95730E-01 -4.33578E+00 -2.17533E+00 -2.17669E+00  2.82331E+00
  1.95740E-01 -4.33467E+00 -2.16739E+00 -2.16874E+00  2.83126E+00
  1.95750E-01 -4.33356E+00 -2.16056E+00 -2.16192E+00  2.83808E+00
  1.95758E-01 -4.33268E+00 -2.15572E+00 -2.15708E+00  2.84292E+00
  1.95765E-01 -4.33190E+00 -2.15187E+00 -2.15322E+00  2.84678E+00
  1.95780E-01 -4.33025E+00 -2.14478E+00 -2.14613E+00  2.85387E+00
  1.95800E-01 -4.32804E+00 -2.13694E+00 -2.13830E+00  2.86170E+00
  1.95820E-01 -4.32583E+00 -2.13054E+00 -2.13190E+00  2.86810E+00
  1.95840E-01 -4.32363E+00 -2.12511E+00 -2.12647E+00  2.87353E+00
  1.95860E-01 -4.32142E+00 -2.12058E+00 -2.12193E+00  2.87807E+00
  1.95880E-01 -4.31922E+00 -2.11667E+00 -2.11802E+00  2.88198E+00
  1.95900E-01 -4.31702E+00 -2.11325E+00 -2.11461E+00  2.88539E+00
  1.95915E-01 -4.31537E+00 -2.11092E+00 -2.11228E+00  2.88772E+00
  1.95930E-01 -4.31373E+00 -2.10904E+00 -2.11040E+00  2.88960E+00
  1.95950E-01 -4.31153E+00 -2.10625E+00 -2.10761E+00  2.89239E+00
  1.95970E-01 -4.30933E+00 -2.10396E+00 -2.10531E+00  2.89469E+00
  1.95990E-01 -4.30714E+00 -2.10188E+00 -2.10324E+00  2.89676E+00
  1.96010E-01 -4.30494E+00 -2.09997E+00 -2.10132E+00  2.89868E+00
  1.96050E-01 -4.30055E+00 -2.09662E+00 -2.09797E+00  2.90203E+00
  1.96080E-01 -4.29727E+00 -2.09438E+00 -2.09574E+00  2.90426E+00
  1.96120E-01 -4.29290E+00 -2.09179E+00 -2.09315E+00  2.90685E+00
  1.96160E-01 -4.28853E+00 -2.08956E+00 -2.09091E+00  2.90909E+00
  1.96200E-01 -4.28416E+00 -2.08765E+00 -2.08901E+00  2.91099E+00
  1.96230E-01 -4.28113E+00 -2.08640E+00 -2.08775E+00  2.91225E+00
  1.96270E-01 -4.27709E+00 -2.08473E+00 -2.08609E+00  2.91391E+00
  1.96310E-01 -4.27305E+00 -2.08310E+00 -2.08446E+00  2.91554E+00
  1.96350E-01 -4.26901E+00 -2.08159E+00 -2.08295E+00  2.91705E+00
  1.96380E-01 -4.26597E+00 -2.08051E+00 -2.08187E+00  2.91813E+00
  1.96420E-01 -4.26193E+00 -2.07910E+00 -2.08046E+00  2.91954E+00
  1.96500E-01 -4.25385E+00 -2.07652E+00 -2.07788E+00  2.92212E+00
  1.96570E-01 -4.24684E+00 -2.07442E+00 -2.07578E+00  2.92422E+00
  1.96650E-01 -4.23883E+00 -2.07220E+00 -2.07355E+00  2.92645E+00
  1.96720E-01 -4.23182E+00 -2.07044E+00 -2.07180E+00  2.92820E+00
  1.96800E-01 -4.22381E+00 -2.06868E+00 -2.07003E+00  2.92997E+00
  1.96870E-01 -4.21722E+00 -2.06723E+00 -2.06859E+00  2.93141E+00
  1.96950E-01 -4.20969E+00 -2.06550E+00 -2.06686E+00  2.93314E+00
  1.97020E-01 -4.20310E+00 -2.06401E+00 -2.06537E+00  2.93463E+00
  1.97100E-01 -4.19557E+00 -2.06235E+00 -2.06371E+00  2.93629E+00
  1.97170E-01 -4.18898E+00 -2.06096E+00 -2.06232E+00  2.93768E+00
  1.97250E-01 -4.18145E+00 -2.05945E+00 -2.06080E+00  2.93920E+00
  1.97320E-01 -4.17486E+00 -2.05824E+00 -2.05959E+00  2.94041E+00
  1.97400E-01 -4.16733E+00 -2.05717E+00 -2.05853E+00  2.94147E+00
  1.97550E-01 -4.15459E+00 -2.05499E+00 -2.05634E+00  2.94366E+00
  1.97700E-01 -4.14186E+00 -2.05245E+00 -2.05380E+00  2.94620E+00
  1.97850E-01 -4.12912E+00 -2.04992E+00 -2.05128E+00  2.94872E+00
  1.98000E-01 -4.11638E+00 -2.04767E+00 -2.04903E+00  2.95097E+00
  1.98150E-01 -4.10448E+00 -2.04550E+00 -2.04686E+00  2.95314E+00
  1.98300E-01 -4.09258E+00 -2.04314E+00 -2.04450E+00  2.95550E+00
  1.98400E-01 -4.08465E+00 -2.04163E+00 -2.04299E+00  2.95701E+00
  1.98500E-01 -4.07672E+00 -2.04037E+00 -2.04173E+00  2.95827E+00
  1.98700E-01 -4.06216E+00 -2.03760E+00 -2.03896E+00  2.96104E+00
  1.99000E-01 -4.04032E+00 -2.03330E+00 -2.03466E+00  2.96534E+00
  1.99200E-01 -4.02684E+00 -2.03045E+00 -2.03180E+00  2.96820E+00
  1.99500E-01 -4.00661E+00 -2.02581E+00 -2.02717E+00  2.97283E+00
  1.99700E-01 -3.99368E+00 -2.02288E+00 -2.02424E+00  2.97576E+00
  1.99850E-01 -3.98427E+00 -2.02068E+00 -2.02203E+00  2.97797E+00
  1.99920E-01 -3.97995E+00 -2.01964E+00 -2.02100E+00  2.97900E+00
  2.00000E-01 -3.97501E+00 -2.01846E+00 -2.01981E+00  2.98019E+00
  2.00300E-01 -3.95781E+00 -2.01375E+00 -2.01511E+00  2.98489E+00
  2.00500E-01 -3.94635E+00 -2.01021E+00 -2.01156E+00  2.98844E+00
  2.00700E-01 -3.93488E+00 -2.00666E+00 -2.00802E+00  2.99198E+00
  2.00900E-01 -3.92437E+00 -2.00331E+00 -2.00467E+00  2.99533E+00
  2.01100E-01 -3.91386E+00 -2.00061E+00 -2.00197E+00  2.99803E+00
  2.01500E-01 -3.89284E+00 -1.99362E+00 -1.99497E+00  3.00503E+00
  2.01900E-01 -3.87392E+00 -1.98650E+00 -1.98785E+00  3.01215E+00
  2.02300E-01 -3.85499E+00 -1.98001E+00 -1.98136E+00  3.01864E+00
  2.02700E-01 -3.83772E+00 -1.97243E+00 -1.97379E+00  3.02621E+00
  2.03000E-01 -3.82477E+00 -1.96709E+00 -1.96845E+00  3.03155E+00
  2.03200E-01 -3.81715E+00 -1.96360E+00 -1.96496E+00  3.03504E+00
  2.03500E-01 -3.80573E+00 -1.95770E+00 -1.95906E+00  3.04094E+00
  2.04000E-01 -3.78683E+00 -1.94795E+00 -1.94931E+00  3.05069E+00
  2.04500E-01 -3.77007E+00 -1.93799E+00 -1.93935E+00  3.06065E+00
  2.05000E-01 -3.75331E+00 -1.92772E+00 -1.92907E+00  3.07093E+00
  2.05400E-01 -3.74186E+00 -1.91943E+00 -1.92079E+00  3.07921E+00
  2.05800E-01 -3.73040E+00 -1.91068E+00 -1.91203E+00  3.08797E+00
  2.06100E-01 -3.72181E+00 -1.90446E+00 -1.90582E+00  3.09418E+00
  2.06500E-01 -3.71036E+00 -1.89554E+00 -1.89690E+00  3.10310E+00
  2.07200E-01 -3.69314E+00 -1.87992E+00 -1.88128E+00  3.11872E+00
  2.08000E-01 -3.67346E+00 -1.86133E+00 -1.86268E+00  3.13732E+00
  2.08500E-01 -3.66277E+00 -1.84956E+00 -1.85091E+00  3.14909E+00
  2.09000E-01 -3.65208E+00 -1.83762E+00 -1.83897E+00  3.16103E+00
  2.09500E-01 -3.64244E+00 -1.82552E+00 -1.82687E+00  3.17313E+00
  2.10000E-01 -3.63280E+00 -1.81332E+00 -1.81467E+00  3.18533E+00
  2.10700E-01 -3.62098E+00 -1.79571E+00 -1.79707E+00  3.20293E+00
  2.11500E-01 -3.60747E+00 -1.77473E+00 -1.77609E+00  3.22391E+00
  2.12300E-01 -3.59520E+00 -1.75421E+00 -1.75557E+00  3.24443E+00
  2.13000E-01 -3.58446E+00 -1.73555E+00 -1.73691E+00  3.26309E+00
  2.14000E-01 -3.57091E+00 -1.70883E+00 -1.71019E+00  3.28981E+00
  2.15000E-01 -3.55736E+00 -1.68155E+00 -1.68291E+00  3.31709E+00
  2.16500E-01 -3.53980E+00 -1.63949E+00 -1.64085E+00  3.35915E+00
  2.18000E-01 -3.52224E+00 -1.59631E+00 -1.59766E+00  3.40234E+00
  2.19000E-01 -3.51105E+00 -1.56753E+00 -1.56889E+00  3.43111E+00
  2.20000E-01 -3.49987E+00 -1.53864E+00 -1.54000E+00  3.46000E+00
  2.21500E-01 -3.48365E+00 -1.49477E+00 -1.49612E+00  3.50388E+00
  2.23000E-01 -3.46744E+00 -1.45055E+00 -1.45190E+00  3.54810E+00
  2.24000E-01 -3.45663E+00 -1.42125E+00 -1.42260E+00  3.57740E+00
  2.25000E-01 -3.44582E+00 -1.39192E+00 -1.39328E+00  3.60672E+00
  2.26500E-01 -3.42885E+00 -1.34747E+00 -1.34883E+00  3.65117E+00
  2.28000E-01 -3.41189E+00 -1.30390E+00 -1.30526E+00  3.69474E+00
  2.29000E-01 -3.40058E+00 -1.27509E+00 -1.27645E+00  3.72355E+00
  2.30000E-01 -3.38927E+00 -1.24605E+00 -1.24741E+00  3.75259E+00
  2.31500E-01 -3.37050E+00 -1.20308E+00 -1.20444E+00  3.79556E+00
  2.33000E-01 -3.35173E+00 -1.16078E+00 -1.16213E+00  3.83787E+00
  2.34000E-01 -3.33922E+00 -1.13279E+00 -1.13415E+00  3.86585E+00
  2.35000E-01 -3.32671E+00 -1.10514E+00 -1.10650E+00  3.89350E+00
  2.36500E-01 -3.30617E+00 -1.06453E+00 -1.06588E+00  3.93412E+00
  2.38000E-01 -3.28563E+00 -1.02476E+00 -1.02611E+00  3.97389E+00
  2.39000E-01 -3.27194E+00 -9.98590E-01 -9.99940E-01  4.00006E+00
  2.40000E-01 -3.25825E+00 -9.72810E-01 -9.74160E-01  4.02584E+00
  2.41000E-01 -3.24360E+00 -9.47488E-01 -9.48848E-01  4.05115E+00
  2.42000E-01 -3.22895E+00 -9.22853E-01 -9.24213E-01  4.07579E+00
  2.43500E-01 -3.20697E+00 -8.86262E-01 -8.87622E-01  4.11238E+00
  2.45000E-01 -3.18500E+00 -8.50735E-01 -8.52095E-01  4.14791E+00
  2.46500E-01 -3.16206E+00 -8.16314E-01 -8.17674E-01  4.18233E+00
  2.48000E-01 -3.13913E+00 -7.82909E-01 -7.84269E-01  4.21573E+00
  2.49000E-01 -3.12384E+00 -7.61093E-01 -7.62453E-01  4.23755E+00
  2.50000E-01 -3.10855E+00 -7.39697E-01 -7.41057E-01  4.25894E+00
  2.51500E-01 -3.08510E+00 -7.08614E-01 -7.09964E-01  4.29004E+00
  2.53000E-01 -3.06165E+00 -6.78735E-01 -6.80091E-01  4.31991E+00
  2.54000E-01 -3.04602E+00 -6.59109E-01 -6.60465E-01  4.33953E+00
  2.55000E-01 -3.03039E+00 -6.39884E-01 -6.41240E-01  4.35876E+00
  2.56500E-01 -3.00700E+00 -6.12173E-01 -6.13529E-01  4.38647E+00
  2.58000E-01 -2.98361E+00 -5.85194E-01 -5.86551E-01  4.41345E+00
  2.59000E-01 -2.96801E+00 -5.67647E-01 -5.69004E-01  4.43100E+00
  2.60000E-01 -2.95242E+00 -5.50651E-01 -5.52008E-01  4.44799E+00
  2.62000E-01 -2.92166E+00 -5.17676E-01 -5.19033E-01  4.48097E+00
  2.64000E-01 -2.89090E+00 -4.86123E-01 -4.87480E-01  4.51252E+00
  2.66000E-01 -2.86061E+00 -4.55952E-01 -4.57308E-01  4.54269E+00
  2.67000E-01 -2.84546E+00 -4.41473E-01 -4.42829E-01  4.55717E+00
  2.68000E-01 -2.83032E+00 -4.27346E-01 -4.28703E-01  4.57130E+00
  2.69500E-01 -2.80842E+00 -4.06745E-01 -4.08102E-01  4.59190E+00
  2.71000E-01 -2.78652E+00 -3.86795E-01 -3.88151E-01  4.61185E+00
  2.72000E-01 -2.77192E+00 -3.73811E-01 -3.75168E-01  4.62483E+00
  2.73000E-01 -2.75732E+00 -3.61063E-01 -3.62419E-01  4.63758E+00
  2.75000E-01 -2.72901E+00 -3.36377E-01 -3.37734E-01  4.66227E+00
  2.77000E-01 -2.70070E+00 -3.12791E-01 -3.14148E-01  4.68585E+00
  2.77700E-01 -2.69109E+00 -3.04763E-01 -3.06119E-01  4.69388E+00
  2.78500E-01 -2.68011E+00 -2.95742E-01 -2.97098E-01  4.70290E+00
  2.80000E-01 -2.65951E+00 -2.79202E-01 -2.80559E-01  4.71944E+00
  2.81500E-01 -2.63949E+00 -2.63149E-01 -2.64505E-01  4.73549E+00
  2.83000E-01 -2.61947E+00 -2.47529E-01 -2.48885E-01  4.75112E+00
  2.84500E-01 -2.60021E+00 -2.32335E-01 -2.33692E-01  4.76631E+00
  2.86000E-01 -2.58094E+00 -2.17558E-01 -2.18914E-01  4.78109E+00
  2.87500E-01 -2.56167E+00 -2.03181E-01 -2.04537E-01  4.79546E+00
  2.89000E-01 -2.54241E+00 -1.89194E-01 -1.90550E-01  4.80945E+00
  2.90500E-01 -2.52414E+00 -1.75605E-01 -1.76962E-01  4.82304E+00
  2.92000E-01 -2.50588E+00 -1.62337E-01 -1.63693E-01  4.83631E+00
  2.93500E-01 -2.48761E+00 -1.49384E-01 -1.50741E-01  4.84926E+00
  2.95000E-01 -2.46935E+00 -1.36739E-01 -1.38096E-01  4.86190E+00
  2.96500E-01 -2.45176E+00 -1.24397E-01 -1.25753E-01  4.87425E+00
  2.98000E-01 -2.43417E+00 -1.12349E-01 -1.13706E-01  4.88629E+00
  2.99000E-01 -2.42268E+00 -1.04474E-01 -1.05831E-01  4.89417E+00
  3.00000E-01 -2.41120E+00 -9.67175E-02 -9.80745E-02  4.90193E+00
  3.03000E-01 -2.37768E+00 -7.41661E-02 -7.55221E-02  4.92448E+00
  3.05000E-01 -2.35533E+00 -5.96887E-02 -6.10447E-02  4.93896E+00
  3.08000E-01 -2.32312E+00 -3.87387E-02 -4.00957E-02  4.95990E+00
  3.10000E-01 -2.30164E+00 -2.52184E-02 -2.65744E-02  4.97343E+00
  3.13000E-01 -2.27048E+00 -5.66088E-03 -7.01688E-03  4.99298E+00
  3.15000E-01 -2.24971E+00  6.89558E-03  5.53858E-03  5.00554E+00
  3.18000E-01 -2.21973E+00  2.51320E-02  2.37760E-02  5.02378E+00
  3.19000E-01 -2.20974E+00  3.10863E-02  2.97302E-02  5.02973E+00
  3.20000E-01 -2.19975E+00  3.70278E-02  3.56712E-02  5.03567E+00
  3.22000E-01 -2.18039E+00  4.85910E-02  4.72344E-02  5.04723E+00
  3.24000E-01 -2.16103E+00  5.96938E-02  5.83373E-02  5.05834E+00
  3.26000E-01 -2.14167E+00  7.04549E-02  6.90983E-02  5.06910E+00
  3.28000E-01 -2.12231E+00  8.09161E-02  7.95595E-02  5.07956E+00
  3.30000E-01 -2.10401E+00  9.11054E-02  8.97489E-02  5.08975E+00
  3.32000E-01 -2.08570E+00  1.01064E-01  9.97071E-02  5.09971E+00
  3.33500E-01 -2.07198E+00  1.08419E-01  1.07062E-01  5.10706E+00
  3.35000E-01 -2.05825E+00  1.15792E-01  1.14436E-01  5.11444E+00
  3.37000E-01 -2.04042E+00  1.25342E-01  1.23985E-01  5.12398E+00
  3.39000E-01 -2.02259E+00  1.34409E-01  1.33053E-01  5.13305E+00
  3.41000E-01 -2.00476E+00  1.43160E-01  1.41804E-01  5.14180E+00
  3.43000E-01 -1.98693E+00  1.51638E-01  1.50282E-01  5.15028E+00
  3.45000E-01 -1.97005E+00  1.59884E-01  1.58528E-01  5.15853E+00
  3.47000E-01 -1.95317E+00  1.67931E-01  1.66574E-01  5.16657E+00
  3.50000E-01 -1.92785E+00  1.79818E-01  1.78461E-01  5.17846E+00
  3.53000E-01 -1.90297E+00  1.91210E-01  1.89854E-01  5.18985E+00
  3.55000E-01 -1.88638E+00  1.98389E-01  1.97033E-01  5.19703E+00
  3.58000E-01 -1.86237E+00  2.08752E-01  2.07395E-01  5.20740E+00
  3.60000E-01 -1.84636E+00  2.15519E-01  2.14163E-01  5.21416E+00
  3.63000E-01 -1.82274E+00  2.25226E-01  2.23869E-01  5.22387E+00
  3.65000E-01 -1.80700E+00  2.31347E-01  2.29991E-01  5.22999E+00
  3.68000E-01 -1.78420E+00  2.40173E-01  2.38816E-01  5.23882E+00
  3.70000E-01 -1.76900E+00  2.45921E-01  2.44565E-01  5.24456E+00
  3.73000E-01 -1.74667E+00  2.54142E-01  2.52786E-01  5.25279E+00
  3.76000E-01 -1.72434E+00  2.61801E-01  2.60445E-01  5.26044E+00
  3.79000E-01 -1.70284E+00  2.69044E-01  2.67688E-01  5.26769E+00
  3.81000E-01 -1.68851E+00  2.73678E-01  2.72322E-01  5.27232E+00
  3.84000E-01 -1.66767E+00  2.80389E-01  2.79033E-01  5.27903E+00
  3.86000E-01 -1.65378E+00  2.84780E-01  2.83423E-01  5.28342E+00
  3.89000E-01 -1.63344E+00  2.90930E-01  2.89573E-01  5.28957E+00
  3.91400E-01 -1.61717E+00  2.95575E-01  2.94219E-01  5.29422E+00
  3.91900E-01 -1.61385E+00  2.96517E-01  2.95160E-01  5.29516E+00
  3.92400E-01 -1.61054E+00  2.97449E-01  2.96093E-01  5.29609E+00
  3.93400E-01 -1.60395E+00  2.99288E-01  2.97932E-01  5.29793E+00
  3.97000E-01 -1.58058E+00  3.05654E-01  3.04298E-01  5.30430E+00
  3.98500E-01 -1.57100E+00  3.08201E-01  3.06845E-01  5.30684E+00
  4.00000E-01 -1.56152E+00  3.10713E-01  3.09356E-01  5.30936E+00
  4.05000E-01 -1.53031E+00  3.18517E-01  3.17160E-01  5.31716E+00
  4.10000E-01 -1.50010E+00  3.25538E-01  3.24181E-01  5.32418E+00
  4.15000E-01 -1.47084E+00  3.31930E-01  3.30574E-01  5.33057E+00
  4.20000E-01 -1.44249E+00  3.37788E-01  3.36431E-01  5.33643E+00
  4.24000E-01 -1.42062E+00  3.42103E-01  3.40747E-01  5.34075E+00
  4.28000E-01 -1.39875E+00  3.46066E-01  3.44710E-01  5.34471E+00
  4.32000E-01 -1.37787E+00  3.49731E-01  3.48374E-01  5.34837E+00
  4.35000E-01 -1.36221E+00  3.52299E-01  3.50943E-01  5.35094E+00
  4.43000E-01 -1.32230E+00  3.58471E-01  3.57114E-01  5.35711E+00
  4.50000E-01 -1.28890E+00  3.63203E-01  3.61847E-01  5.36185E+00
  4.55000E-01 -1.26574E+00  3.66218E-01  3.64862E-01  5.36486E+00
  4.60000E-01 -1.24325E+00  3.68903E-01  3.67546E-01  5.36755E+00
  4.65000E-01 -1.22140E+00  3.71328E-01  3.69971E-01  5.36997E+00
  4.70000E-01 -1.20016E+00  3.73583E-01  3.72226E-01  5.37223E+00
  4.78000E-01 -1.16704E+00  3.76641E-01  3.75285E-01  5.37528E+00
  4.85000E-01 -1.13925E+00  3.78760E-01  3.77403E-01  5.37740E+00
  4.93000E-01 -1.10877E+00  3.80737E-01  3.79380E-01  5.37938E+00
  5.00000E-01 -1.08316E+00  3.82272E-01  3.80915E-01  5.38091E+00
  5.03000E-01 -1.07228E+00  3.82875E-01  3.81519E-01  5.38152E+00
  5.06000E-01 -1.06157E+00  3.83333E-01  3.81977E-01  5.38198E+00
  5.12000E-01 -1.04065E+00  3.84006E-01  3.82649E-01  5.38265E+00
  5.18000E-01 -1.02038E+00  3.84432E-01  3.83076E-01  5.38308E+00
  5.24900E-01 -9.97835E-01  3.84696E-01  3.83339E-01  5.38334E+00
  5.32000E-01 -9.75371E-01  3.84865E-01  3.83508E-01  5.38351E+00
  5.40000E-01 -9.50773E-01  3.84629E-01  3.83272E-01  5.38327E+00
  5.50000E-01 -9.21381E-01  3.83927E-01  3.82571E-01  5.38257E+00
  5.60000E-01 -8.93151E-01  3.82791E-01  3.81435E-01  5.38143E+00
  5.70000E-01 -8.66264E-01  3.81214E-01  3.79857E-01  5.37986E+00
  5.80000E-01 -8.40633E-01  3.79378E-01  3.78021E-01  5.37802E+00
  5.90000E-01 -8.16058E-01  3.77124E-01  3.75767E-01  5.37577E+00
  6.00000E-01 -7.92597E-01  3.74931E-01  3.73574E-01  5.37357E+00
  6.10000E-01 -7.70073E-01  3.72275E-01  3.70918E-01  5.37092E+00
  6.20000E-01 -7.48541E-01  3.69671E-01  3.68314E-01  5.36831E+00
  6.30000E-01 -7.27941E-01  3.66740E-01  3.65384E-01  5.36538E+00
  6.40000E-01 -7.08219E-01  3.63854E-01  3.62498E-01  5.36250E+00
  6.50000E-01 -6.89324E-01  3.60829E-01  3.59473E-01  5.35947E+00
  6.60000E-01 -6.71048E-01  3.57842E-01  3.56486E-01  5.35649E+00
  6.68000E-01 -6.56967E-01  3.55283E-01  3.53927E-01  5.35393E+00
  6.76800E-01 -6.42006E-01  3.52494E-01  3.51138E-01  5.35114E+00
  6.82000E-01 -6.33416E-01  3.50811E-01  3.49455E-01  5.34945E+00
  6.88000E-01 -6.23725E-01  3.48880E-01  3.47523E-01  5.34752E+00
  6.94000E-01 -6.14265E-01  3.46970E-01  3.45614E-01  5.34561E+00
  7.00000E-01 -6.05028E-01  3.45071E-01  3.43715E-01  5.34371E+00
  7.08000E-01 -5.92863E-01  3.42347E-01  3.40991E-01  5.34099E+00
  7.15000E-01 -5.82528E-01  3.39977E-01  3.38621E-01  5.33862E+00
  7.22000E-01 -5.72471E-01  3.37619E-01  3.36263E-01  5.33626E+00
  7.30000E-01 -5.61305E-01  3.34939E-01  3.33583E-01  5.33358E+00
  7.40000E-01 -5.47819E-01  3.31610E-01  3.30253E-01  5.33025E+00
  7.50000E-01 -5.34831E-01  3.28302E-01  3.26945E-01  5.32695E+00
  7.65000E-01 -5.16012E-01  3.23378E-01  3.22021E-01  5.32202E+00
  7.80000E-01 -4.98201E-01  3.18495E-01  3.17138E-01  5.31714E+00
  7.90000E-01 -4.86852E-01  3.15262E-01  3.13905E-01  5.31390E+00
  8.00000E-01 -4.75899E-01  3.12045E-01  3.10688E-01  5.31069E+00
  8.10000E-01 -4.65234E-01  3.08775E-01  3.07418E-01  5.30742E+00
  8.20000E-01 -4.54934E-01  3.05519E-01  3.04163E-01  5.30416E+00
  8.35000E-01 -4.40134E-01  3.00661E-01  2.99305E-01  5.29931E+00
  8.50000E-01 -4.26067E-01  2.95832E-01  2.94476E-01  5.29448E+00
  8.60000E-01 -4.17016E-01  2.92714E-01  2.91358E-01  5.29136E+00
  8.70000E-01 -4.08260E-01  2.89608E-01  2.88251E-01  5.28825E+00
  8.85000E-01 -3.95648E-01  2.84967E-01  2.83611E-01  5.28361E+00
  9.00000E-01 -3.83628E-01  2.80349E-01  2.78992E-01  5.27899E+00
  9.10000E-01 -3.75863E-01  2.77410E-01  2.76053E-01  5.27605E+00
  9.20000E-01 -3.68337E-01  2.74480E-01  2.73123E-01  5.27312E+00
  9.35000E-01 -3.57477E-01  2.70101E-01  2.68744E-01  5.26874E+00
  9.50000E-01 -3.47101E-01  2.65738E-01  2.64381E-01  5.26438E+00
  9.60000E-01 -3.40404E-01  2.62992E-01  2.61635E-01  5.26163E+00
  9.70000E-01 -3.33904E-01  2.60252E-01  2.58895E-01  5.25890E+00
  9.85000E-01 -3.24467E-01  2.56155E-01  2.54798E-01  5.25480E+00
  1.00000E+00 -3.15433E-01  2.52072E-01  2.50715E-01  5.25072E+00
  1.01000E+00 -3.09569E-01  2.49449E-01  2.48093E-01  5.24809E+00
  1.02000E+00 -3.03869E-01  2.46832E-01  2.45476E-01  5.24548E+00
  1.03000E+00 -2.98329E-01  2.44258E-01  2.42902E-01  5.24290E+00
  1.03600E+00 -2.95079E-01  2.42716E-01  2.41359E-01  5.24136E+00
  1.04100E+00 -2.92412E-01  2.41433E-01  2.40076E-01  5.24008E+00
  1.05500E+00 -2.85136E-01  2.38013E-01  2.36656E-01  5.23666E+00
  1.07000E+00 -2.77645E-01  2.34358E-01  2.33001E-01  5.23300E+00
  1.08500E+00 -2.70395E-01  2.30714E-01  2.29357E-01  5.22936E+00
  1.10000E+00 -2.63430E-01  2.27079E-01  2.25722E-01  5.22572E+00
  1.11500E+00 -2.56736E-01  2.23670E-01  2.22313E-01  5.22231E+00
  1.13000E+00 -2.50298E-01  2.20269E-01  2.18912E-01  5.21891E+00
  1.14000E+00 -2.46141E-01  2.18006E-01  2.16649E-01  5.21665E+00
  1.15000E+00 -2.42090E-01  2.15746E-01  2.14389E-01  5.21439E+00
  1.16000E+00 -2.38117E-01  2.13628E-01  2.12271E-01  5.21227E+00
  1.17000E+00 -2.34243E-01  2.11512E-01  2.10155E-01  5.21016E+00
  1.18500E+00 -2.28608E-01  2.08345E-01  2.06988E-01  5.20699E+00
  1.20000E+00 -2.23178E-01  2.05184E-01  2.03827E-01  5.20383E+00
  1.21500E+00 -2.17942E-01  2.02242E-01  2.00885E-01  5.20088E+00
  1.23000E+00 -2.12891E-01  1.99305E-01  1.97948E-01  5.19795E+00
  1.24200E+00 -2.08946E-01  1.96960E-01  1.95603E-01  5.19560E+00
  1.25400E+00 -2.05111E-01  1.94618E-01  1.93261E-01  5.19326E+00
  1.27000E+00 -2.00162E-01  1.91725E-01  1.90368E-01  5.19037E+00
  1.29000E+00 -1.94227E-01  1.88116E-01  1.86760E-01  5.18676E+00
  1.30500E+00 -1.89941E-01  1.85415E-01  1.84059E-01  5.18406E+00
  1.32000E+00 -1.85780E-01  1.82718E-01  1.81362E-01  5.18136E+00
  1.33500E+00 -1.81756E-01  1.80228E-01  1.78872E-01  5.17887E+00
  1.35000E+00 -1.77862E-01  1.77743E-01  1.76386E-01  5.17639E+00
  1.36500E+00 -1.74080E-01  1.75261E-01  1.73904E-01  5.17390E+00
  1.38000E+00 -1.70419E-01  1.72783E-01  1.71426E-01  5.17143E+00
  1.39500E+00 -1.66873E-01  1.70486E-01  1.69129E-01  5.16913E+00
  1.41000E+00 -1.63428E-01  1.68192E-01  1.66835E-01  5.16684E+00
  1.42500E+00 -1.60084E-01  1.65901E-01  1.64545E-01  5.16454E+00
  1.44000E+00 -1.56843E-01  1.63613E-01  1.62257E-01  5.16226E+00
  1.45500E+00 -1.53700E-01  1.61449E-01  1.60093E-01  5.16009E+00
  1.47000E+00 -1.50651E-01  1.59288E-01  1.57932E-01  5.15793E+00
  1.48500E+00 -1.47693E-01  1.57219E-01  1.55862E-01  5.15586E+00
  1.50000E+00 -1.44822E-01  1.55152E-01  1.53795E-01  5.15380E+00
  1.51500E+00 -1.42008E-01  1.53202E-01  1.51846E-01  5.15185E+00
  1.53000E+00 -1.39276E-01  1.51255E-01  1.49898E-01  5.14990E+00
  1.55000E+00 -1.35755E-01  1.48661E-01  1.47305E-01  5.14731E+00
  1.57000E+00 -1.32366E-01  1.46072E-01  1.44716E-01  5.14472E+00
  1.59000E+00 -1.29103E-01  1.43707E-01  1.42351E-01  5.14235E+00
  1.61000E+00 -1.25959E-01  1.41345E-01  1.39989E-01  5.13999E+00
  1.63000E+00 -1.22930E-01  1.38986E-01  1.37630E-01  5.13763E+00
  1.65000E+00 -1.20009E-01  1.36631E-01  1.35275E-01  5.13527E+00
  1.67000E+00 -1.17166E-01  1.34489E-01  1.33133E-01  5.13313E+00
  1.69000E+00 -1.14423E-01  1.32350E-01  1.30994E-01  5.13099E+00
  1.71000E+00 -1.11775E-01  1.30214E-01  1.28858E-01  5.12886E+00
  1.73000E+00 -1.09219E-01  1.28080E-01  1.26724E-01  5.12672E+00
  1.75000E+00 -1.06749E-01  1.26122E-01  1.24766E-01  5.12477E+00
  1.77000E+00 -1.04362E-01  1.24166E-01  1.22810E-01  5.12281E+00
  1.78500E+00 -1.02624E-01  1.22700E-01  1.21344E-01  5.12134E+00
  1.80000E+00 -1.00930E-01  1.21236E-01  1.19880E-01  5.11988E+00
  1.82000E+00 -9.87226E-02  1.19415E-01  1.18059E-01  5.11806E+00
  1.85000E+00 -9.55455E-02  1.16686E-01  1.15330E-01  5.11533E+00
  1.87000E+00 -9.35118E-02  1.14967E-01  1.13610E-01  5.11361E+00
  1.90000E+00 -9.05808E-02  1.12390E-01  1.11033E-01  5.11103E+00
  1.92000E+00 -8.86961E-02  1.10766E-01  1.09409E-01  5.10941E+00
  1.95000E+00 -8.59773E-02  1.08332E-01  1.06976E-01  5.10698E+00
  1.97000E+00 -8.42335E-02  1.06801E-01  1.05444E-01  5.10544E+00
  2.00000E+00 -8.17155E-02  1.04506E-01  1.03149E-01  5.10315E+00
  2.03000E+00 -7.92839E-02  1.02348E-01  1.00991E-01  5.10099E+00
  2.05000E+00 -7.77223E-02  1.00911E-01  9.95541E-02  5.09955E+00
  2.07000E+00 -7.62063E-02  9.94750E-02  9.81184E-02  5.09812E+00
  2.09000E+00 -7.47339E-02  9.81403E-02  9.67837E-02  5.09678E+00
  2.11000E+00 -7.33036E-02  9.68067E-02  9.54501E-02  5.09545E+00
  2.13000E+00 -7.19138E-02  9.54741E-02  9.41176E-02  5.09412E+00
  2.15000E+00 -7.05629E-02  9.41426E-02  9.27861E-02  5.09279E+00
  2.18000E+00 -6.86066E-02  9.22915E-02  9.09350E-02  5.09093E+00
  2.22000E+00 -6.61217E-02  8.98267E-02  8.84701E-02  5.08847E+00
  2.26000E+00 -6.37688E-02  8.75471E-02  8.61905E-02  5.08619E+00
  2.30000E+00 -6.15387E-02  8.52706E-02  8.39141E-02  5.08391E+00
  2.32000E+00 -6.04574E-02  8.42267E-02  8.28701E-02  5.08287E+00
  2.35000E+00 -5.88877E-02  8.26620E-02  8.13055E-02  5.08131E+00
  2.37000E+00 -5.78747E-02  8.16198E-02  8.02633E-02  5.08026E+00
  2.40000E+00 -5.64032E-02  8.00578E-02  7.87012E-02  5.07870E+00
  2.42000E+00 -5.54529E-02  7.91086E-02  7.77520E-02  5.07775E+00
  2.45000E+00 -5.40715E-02  7.76860E-02  7.63294E-02  5.07633E+00
  2.48000E+00 -5.27407E-02  7.62647E-02  7.49081E-02  5.07491E+00
  2.50000E+00 -5.18804E-02  7.53179E-02  7.39613E-02  5.07396E+00
  2.53000E+00 -5.06184E-02  7.39982E-02  7.26417E-02  5.07264E+00
  2.56000E+00 -4.94014E-02  7.26798E-02  7.13233E-02  5.07132E+00
  2.59000E+00 -4.82273E-02  7.14265E-02  7.00700E-02  5.07007E+00
  2.62100E+00 -4.70571E-02  7.01325E-02  6.87760E-02  5.06878E+00
  2.62200E+00 -4.70201E-02  7.00919E-02  6.87353E-02  5.06874E+00
  2.62300E+00 -4.69831E-02  7.00514E-02  6.86948E-02  5.06869E+00
  2.67000E+00 -4.52916E-02  6.82149E-02  6.68583E-02  5.06686E+00
  2.71000E+00 -4.39223E-02  6.66537E-02  6.52971E-02  5.06530E+00
  2.75000E+00 -4.26136E-02  6.52092E-02  6.38526E-02  5.06385E+00
  2.80000E+00 -4.10575E-02  6.34055E-02  6.20489E-02  5.06205E+00
  2.85000E+00 -3.95751E-02  6.17395E-02  6.03829E-02  5.06038E+00
  2.90000E+00 -3.81705E-02  6.00755E-02  5.87189E-02  5.05872E+00
  2.95000E+00 -3.68386E-02  5.85419E-02  5.71854E-02  5.05719E+00
  2.98000E+00 -3.60723E-02  5.76227E-02  5.62661E-02  5.05627E+00
  3.00000E+00 -3.55744E-02  5.70101E-02  5.56536E-02  5.05565E+00
  3.03000E+00 -3.48400E-02  5.61750E-02  5.48185E-02  5.05482E+00
  3.07000E+00 -3.38952E-02  5.50623E-02  5.37057E-02  5.05371E+00
  3.11000E+00 -3.29878E-02  5.39505E-02  5.25940E-02  5.05259E+00
  3.15000E+00 -3.21157E-02  5.28397E-02  5.14831E-02  5.05148E+00
  3.18000E+00 -3.14839E-02  5.20944E-02  5.07378E-02  5.05074E+00
  3.22000E+00 -3.06696E-02  5.11014E-02  4.97448E-02  5.04974E+00
  3.26000E+00 -2.98860E-02  5.01092E-02  4.87526E-02  5.04875E+00
  3.30000E+00 -2.91316E-02  4.91177E-02  4.77611E-02  5.04776E+00
  3.32000E+00 -2.87627E-02  4.86653E-02  4.73087E-02  5.04731E+00
  3.35000E+00 -2.82220E-02  4.79870E-02  4.66304E-02  5.04663E+00
  3.40000E+00 -2.73537E-02  4.68574E-02  4.55008E-02  5.04550E+00
  3.45000E+00 -2.65242E-02  4.58041E-02  4.44476E-02  5.04445E+00
  3.50000E+00 -2.57313E-02  4.47518E-02  4.33953E-02  5.04340E+00
  3.53000E+00 -2.52698E-02  4.41716E-02  4.28151E-02  5.04282E+00
  3.57000E+00 -2.46733E-02  4.33986E-02  4.20421E-02  5.04204E+00
  3.61000E+00 -2.40973E-02  4.26261E-02  4.12695E-02  5.04127E+00
  3.65000E+00 -2.35409E-02  4.18541E-02  4.04975E-02  5.04050E+00
  3.68000E+00 -2.31359E-02  4.13298E-02  3.99732E-02  5.03997E+00
  3.72000E+00 -2.26116E-02  4.06313E-02  3.92747E-02  5.03927E+00
  3.76000E+00 -2.21047E-02  3.99331E-02  3.85765E-02  5.03858E+00
  3.80000E+00 -2.16143E-02  3.92354E-02  3.78788E-02  5.03788E+00
  3.85000E+00 -2.10202E-02  3.84555E-02  3.70989E-02  5.03710E+00
  3.90000E+00 -2.04498E-02  3.76762E-02  3.63196E-02  5.03632E+00
  3.95000E+00 -1.99018E-02  3.68975E-02  3.55409E-02  5.03554E+00
  4.00000E+00 -1.93751E-02  3.61193E-02  3.47627E-02  5.03476E+00
  4.02000E+00 -1.91692E-02  3.58306E-02  3.44740E-02  5.03447E+00
  4.04000E+00 -1.89664E-02  3.55421E-02  3.41855E-02  5.03419E+00
  4.06000E+00 -1.87668E-02  3.52605E-02  3.39039E-02  5.03390E+00
  4.07300E+00 -1.86387E-02  3.50776E-02  3.37210E-02  5.03372E+00
  4.08600E+00 -1.85119E-02  3.48946E-02  3.35380E-02  5.03354E+00
  4.14000E+00 -1.79984E-02  3.41907E-02  3.28341E-02  5.03283E+00
  4.19000E+00 -1.75414E-02  3.35393E-02  3.21827E-02  5.03218E+00
  4.25000E+00 -1.70151E-02  3.27583E-02  3.14017E-02  5.03140E+00
  4.30000E+00 -1.65940E-02  3.21079E-02  3.07513E-02  5.03075E+00
  4.35000E+00 -1.61862E-02  3.15307E-02  3.01741E-02  5.03017E+00
  4.40000E+00 -1.57928E-02  3.09539E-02  2.95974E-02  5.02960E+00
  4.45000E+00 -1.54134E-02  3.03775E-02  2.90210E-02  5.02902E+00
  4.50000E+00 -1.50471E-02  2.98014E-02  2.84449E-02  5.02844E+00
  4.58000E+00 -1.44845E-02  2.89964E-02  2.76399E-02  5.02764E+00
  4.65000E+00 -1.40170E-02  2.82926E-02  2.69361E-02  5.02694E+00
  4.73000E+00 -1.35093E-02  2.74890E-02  2.61324E-02  5.02613E+00
  4.80000E+00 -1.30868E-02  2.67864E-02  2.54298E-02  5.02543E+00
  4.85000E+00 -1.27968E-02  2.63469E-02  2.49903E-02  5.02499E+00
  4.90000E+00 -1.25160E-02  2.59076E-02  2.45511E-02  5.02455E+00
  4.95000E+00 -1.22442E-02  2.54686E-02  2.41121E-02  5.02411E+00
  5.00000E+00 -1.19809E-02  2.50298E-02  2.36733E-02  5.02367E+00
  5.05000E+00 -1.17238E-02  2.46330E-02  2.32765E-02  5.02328E+00
  5.10000E+00 -1.14747E-02  2.42364E-02  2.28799E-02  5.02288E+00
  5.15000E+00 -1.12333E-02  2.38400E-02  2.24835E-02  5.02248E+00
  5.20000E+00 -1.09991E-02  2.34438E-02  2.20873E-02  5.02209E+00
  5.26000E+00 -1.07275E-02  2.30133E-02  2.16568E-02  5.02166E+00
  5.31000E+00 -1.05085E-02  2.26548E-02  2.12982E-02  5.02130E+00
  5.36000E+00 -1.02960E-02  2.22964E-02  2.09398E-02  5.02094E+00
  5.41472E+00 -1.00705E-02  2.19044E-02  2.05478E-02  5.02055E+00
  5.49000E+00 -9.77191E-03  2.14246E-02  2.00681E-02  5.02007E+00
  5.56000E+00 -9.50462E-03  2.09789E-02  1.96223E-02  5.01962E+00
  5.63000E+00 -9.24767E-03  2.05333E-02  1.91768E-02  5.01918E+00
  5.70000E+00 -9.00072E-03  2.00881E-02  1.87316E-02  5.01873E+00
  5.78000E+00 -8.73008E-03  1.96417E-02  1.82851E-02  5.01829E+00
  5.85000E+00 -8.50288E-03  1.92513E-02  1.78948E-02  5.01789E+00
  5.92000E+00 -8.28420E-03  1.88612E-02  1.75046E-02  5.01750E+00
  6.00000E+00 -8.04416E-03  1.84155E-02  1.70589E-02  5.01706E+00
  6.05000E+00 -7.89838E-03  1.81756E-02  1.68190E-02  5.01682E+00
  6.10000E+00 -7.75641E-03  1.79357E-02  1.65791E-02  5.01658E+00
  6.20000E+00 -7.48338E-03  1.74562E-02  1.60996E-02  5.01610E+00
  6.30000E+00 -7.22411E-03  1.69770E-02  1.56204E-02  5.01562E+00
  6.35000E+00 -7.09934E-03  1.67376E-02  1.53810E-02  5.01538E+00
  6.40384E+00 -6.96847E-03  1.64798E-02  1.51232E-02  5.01512E+00
  6.48000E+00 -6.78925E-03  1.61636E-02  1.48070E-02  5.01481E+00
  6.55000E+00 -6.62989E-03  1.58732E-02  1.45166E-02  5.01452E+00
  6.63000E+00 -6.45412E-03  1.55414E-02  1.41848E-02  5.01418E+00
  6.70000E+00 -6.30581E-03  1.52512E-02  1.38946E-02  5.01389E+00
  6.78000E+00 -6.14229E-03  1.49555E-02  1.35989E-02  5.01360E+00
  6.85000E+00 -6.00422E-03  1.46970E-02  1.33404E-02  5.01334E+00
  6.92000E+00 -5.87061E-03  1.44385E-02  1.30819E-02  5.01308E+00
  7.00000E+00 -5.72313E-03  1.41433E-02  1.27867E-02  5.01279E+00
  7.07000E+00 -5.59799E-03  1.39202E-02  1.25636E-02  5.01256E+00
  7.15000E+00 -5.45977E-03  1.36654E-02  1.23088E-02  5.01231E+00
  7.22000E+00 -5.34285E-03  1.34425E-02  1.20859E-02  5.01209E+00
  7.30000E+00 -5.21362E-03  1.31879E-02  1.18313E-02  5.01183E+00
  7.40000E+00 -5.05837E-03  1.28698E-02  1.15133E-02  5.01151E+00
  7.50000E+00 -4.90973E-03  1.25519E-02  1.11954E-02  5.01120E+00
  7.57000E+00 -4.80905E-03  1.23650E-02  1.10085E-02  5.01101E+00
  7.65000E+00 -4.69760E-03  1.21515E-02  1.07950E-02  5.01079E+00
  7.72000E+00 -4.60313E-03  1.19648E-02  1.06082E-02  5.01061E+00
  7.80000E+00 -4.49850E-03  1.17514E-02  1.03949E-02  5.01039E+00
  7.90000E+00 -4.37248E-03  1.14849E-02  1.01284E-02  5.01013E+00
  8.00000E+00 -4.25152E-03  1.12185E-02  9.86202E-03  5.00986E+00
  8.02000E+00 -4.22781E-03  1.11701E-02  9.81352E-03  5.00981E+00
  8.04778E+00 -4.19521E-03  1.11028E-02  9.74616E-03  5.00975E+00
  8.17000E+00 -4.05598E-03  1.08484E-02  9.49181E-03  5.00949E+00
  8.30000E+00 -3.91511E-03  1.05780E-02  9.22146E-03  5.00922E+00
  8.40000E+00 -3.81152E-03  1.03702E-02  9.01363E-03  5.00901E+00
  8.50000E+00 -3.71184E-03  1.01625E-02  8.80589E-03  5.00881E+00
  8.65000E+00 -3.56889E-03  9.85106E-03  8.49448E-03  5.00849E+00
  8.80000E+00 -3.43377E-03  9.53985E-03  8.18327E-03  5.00818E+00
  8.90000E+00 -3.34776E-03  9.33248E-03  7.97591E-03  5.00798E+00
  9.00000E+00 -3.26482E-03  9.12520E-03  7.76863E-03  5.00777E+00
  9.15000E+00 -3.14564E-03  8.89212E-03  7.53555E-03  5.00754E+00
  9.30000E+00 -3.03264E-03  8.65920E-03  7.30263E-03  5.00730E+00
  9.40000E+00 -2.96053E-03  8.50401E-03  7.14744E-03  5.00715E+00
  9.50000E+00 -2.89088E-03  8.34888E-03  6.99231E-03  5.00699E+00
  9.65000E+00 -2.79043E-03  8.11632E-03  6.75975E-03  5.00676E+00
  9.80000E+00 -2.69494E-03  7.88388E-03  6.52731E-03  5.00653E+00
  9.90000E+00 -2.63387E-03  7.72900E-03  6.37243E-03  5.00637E+00
  1.00000E+01 -2.57479E-03  7.57416E-03  6.21759E-03  5.00622E+00
  1.01500E+01 -2.48934E-03  7.38749E-03  6.03092E-03  5.00603E+00
  1.03000E+01 -2.40792E-03  7.20093E-03  5.84436E-03  5.00584E+00
  1.04500E+01 -2.33028E-03  7.01447E-03  5.65790E-03  5.00566E+00
  1.06000E+01 -2.25620E-03  6.82811E-03  5.47154E-03  5.00547E+00
  1.07500E+01 -2.18546E-03  6.66839E-03  5.31182E-03  5.00531E+00
  1.09000E+01 -2.11788E-03  6.50875E-03  5.15218E-03  5.00515E+00
  1.11000E+01 -2.03236E-03  6.29603E-03  4.93946E-03  5.00494E+00
  1.11600E+01 -2.00768E-03  6.23224E-03  4.87567E-03  5.00488E+00
  1.12200E+01 -1.98342E-03  6.16846E-03  4.81189E-03  5.00481E+00
  1.15000E+01 -1.87564E-03  5.94220E-03  4.58563E-03  5.00459E+00
  1.17000E+01 -1.80336E-03  5.78073E-03  4.42416E-03  5.00442E+00
  1.19000E+01 -1.73502E-03  5.61937E-03  4.26280E-03  5.00426E+00
  1.21000E+01 -1.67035E-03  5.45811E-03  4.10155E-03  5.00410E+00
  1.24000E+01 -1.57967E-03  5.21640E-03  3.85984E-03  5.00386E+00
  1.26000E+01 -1.52310E-03  5.05537E-03  3.69881E-03  5.00370E+00
  1.28000E+01 -1.46940E-03  4.89443E-03  3.53787E-03  5.00354E+00
  1.30000E+01 -1.41838E-03  4.73356E-03  3.37700E-03  5.00338E+00
  1.33000E+01 -1.34623E-03  4.57087E-03  3.21431E-03  5.00321E+00
  1.35000E+01 -1.30103E-03  4.46249E-03  3.10593E-03  5.00311E+00
  1.38000E+01 -1.23721E-03  4.30004E-03  2.94348E-03  5.00294E+00
  1.40000E+01 -1.19713E-03  4.19182E-03  2.83525E-03  5.00284E+00
  1.43000E+01 -1.14029E-03  4.02957E-03  2.67301E-03  5.00267E+00
  1.45000E+01 -1.10452E-03  3.92148E-03  2.56491E-03  5.00256E+00
  1.48000E+01 -1.05383E-03  3.75942E-03  2.40285E-03  5.00240E+00
  1.50000E+01 -1.02187E-03  3.65143E-03  2.29486E-03  5.00229E+00
  1.51500E+01 -9.98739E-04  3.59154E-03  2.23497E-03  5.00223E+00
  1.53000E+01 -9.76355E-04  3.53167E-03  2.17510E-03  5.00218E+00
  1.56000E+01 -9.33695E-04  3.41200E-03  2.05543E-03  5.00206E+00
  1.59000E+01 -8.93659E-04  3.29241E-03  1.93584E-03  5.00194E+00
  1.62000E+01 -8.56041E-04  3.17289E-03  1.81632E-03  5.00182E+00
  1.65000E+01 -8.20655E-04  3.07606E-03  1.71949E-03  5.00172E+00
  1.68000E+01 -7.87228E-04  2.97930E-03  1.62273E-03  5.00162E+00
  1.71000E+01 -7.55720E-04  2.88259E-03  1.52602E-03  5.00153E+00
  1.74790E+01 -7.18437E-04  2.76050E-03  1.40393E-03  5.00140E+00
  1.78000E+01 -6.88889E-04  2.68310E-03  1.32653E-03  5.00133E+00
  1.81000E+01 -6.62796E-04  2.61081E-03  1.25424E-03  5.00125E+00
  1.84000E+01 -6.38044E-04  2.53856E-03  1.18200E-03  5.00118E+00
  1.87000E+01 -6.14595E-04  2.46636E-03  1.10979E-03  5.00111E+00
  1.91000E+01 -5.85205E-04  2.37014E-03  1.01358E-03  5.00101E+00
  1.94000E+01 -5.64466E-04  2.29802E-03  9.41457E-04  5.00094E+00
  1.97000E+01 -5.44764E-04  2.22593E-03  8.69370E-04  5.00087E+00
  2.00000E+01 -5.26031E-04  2.15388E-03  7.97314E-04  5.00080E+00
  2.03000E+01 -5.08150E-04  2.10205E-03  7.45494E-04  5.00075E+00
  2.06000E+01 -4.91125E-04  2.05026E-03  6.93701E-04  5.00069E+00
  2.11000E+01 -4.64513E-04  1.96400E-03  6.07436E-04  5.00061E+00
  2.16000E+01 -4.39917E-04  1.87780E-03  5.21236E-04  5.00052E+00
  2.19000E+01 -4.26045E-04  1.82611E-03  4.69545E-04  5.00047E+00
  2.21630E+01 -4.14393E-04  1.78081E-03  4.24246E-04  5.00042E+00
  2.25000E+01 -4.00118E-04  1.74338E-03  3.86817E-04  5.00039E+00
  2.29000E+01 -3.84071E-04  1.69898E-03  3.42421E-04  5.00034E+00
  2.33000E+01 -3.68890E-04  1.65462E-03  2.98056E-04  5.00030E+00
  2.36000E+01 -3.58052E-04  1.62136E-03  2.64800E-04  5.00026E+00
  2.43000E+01 -3.34470E-04  1.54382E-03  1.87259E-04  5.00019E+00
  2.50000E+01 -3.13047E-04  1.46635E-03  1.09792E-04  5.00011E+00
  2.56000E+01 -2.96180E-04  1.40000E-03  4.34426E-05  5.00004E+00
  2.62000E+01 -2.80582E-04  1.33370E-03 -2.28632E-05  4.99998E+00
  2.68000E+01 -2.66131E-04  1.26743E-03 -8.91296E-05  4.99991E+00
  2.74700E+01 -2.51219E-04  1.19348E-03 -1.63085E-04  4.99984E+00
  2.81000E+01 -2.38259E-04  1.14818E-03 -2.08383E-04  4.99979E+00
  2.87000E+01 -2.26768E-04  1.10507E-03 -2.51494E-04  4.99975E+00
  2.94000E+01 -2.14337E-04  1.05481E-03 -3.01756E-04  4.99970E+00
  3.00000E+01 -2.04442E-04  1.01176E-03 -3.44811E-04  4.99966E+00
  3.08000E+01 -1.92207E-04  9.72483E-04 -3.84086E-04  4.99962E+00
  3.15000E+01 -1.82341E-04  9.38147E-04 -4.18421E-04  4.99958E+00
  3.23000E+01 -1.71927E-04  8.98937E-04 -4.57630E-04  4.99954E+00
  3.30000E+01 -1.63497E-04  8.64654E-04 -4.91913E-04  4.99951E+00
  3.38000E+01 -1.54567E-04  8.25499E-04 -5.31068E-04  4.99947E+00
  3.45000E+01 -1.47313E-04  7.91259E-04 -5.65307E-04  4.99943E+00
  3.60300E+01 -1.33044E-04  7.16481E-04 -6.40084E-04  4.99936E+00
  3.70000E+01 -1.24993E-04  6.85018E-04 -6.71547E-04  4.99933E+00
  3.80000E+01 -1.17402E-04  6.52609E-04 -7.03956E-04  4.99930E+00
  3.90000E+01 -1.10451E-04  6.20226E-04 -7.36339E-04  4.99926E+00
  4.00000E+01 -1.04073E-04  5.87864E-04 -7.68701E-04  4.99923E+00
  4.15000E+01 -9.54305E-05  5.53537E-04 -8.03028E-04  4.99920E+00
  4.30000E+01 -8.77757E-05  5.19250E-04 -8.37315E-04  4.99916E+00
  4.45000E+01 -8.09667E-05  4.84996E-04 -8.71569E-04  4.99913E+00
  4.60000E+01 -7.48861E-05  4.50772E-04 -9.05793E-04  4.99909E+00
  4.80000E+01 -6.77447E-05  4.17636E-04 -9.38929E-04  4.99906E+00
  5.00000E+01 -6.15355E-05  3.84538E-04 -9.72027E-04  4.99903E+00
  5.40000E+01 -5.13278E-05  3.36448E-04 -1.02012E-03  4.99898E+00
  5.75300E+01 -4.42119E-05  2.94090E-04 -1.06247E-03  4.99894E+00
  5.95400E+01 -4.07745E-05  2.75365E-04 -1.08120E-03  4.99892E+00
  6.00000E+01 -4.00416E-05  2.71332E-04 -1.08523E-03  4.99891E+00
  6.68300E+01 -3.10578E-05  2.20613E-04 -1.13596E-03  4.99886E+00
  7.00000E+01 -2.78445E-05  2.01801E-04 -1.15477E-03  4.99885E+00
  7.49600E+01 -2.37016E-05  1.76872E-04 -1.17969E-03  4.99882E+00
  7.71100E+01 -2.21758E-05  1.67486E-04 -1.18907E-03  4.99881E+00
  8.00000E+01 -2.03366E-05  1.55999E-04 -1.20057E-03  4.99880E+00
  9.00000E+01 -1.54687E-05  1.24242E-04 -1.23232E-03  4.99877E+00
  9.50000E+01 -1.36522E-05  1.12784E-04 -1.24378E-03  4.99876E+00
  1.00000E+02 -1.21265E-05  1.01342E-04 -1.25522E-03  4.99874E+00
  1.10000E+02 -9.70398E-06  8.97516E-05 -1.26681E-03  4.99873E+00
  1.20000E+02 -7.91759E-06  7.81965E-05 -1.27837E-03  4.99872E+00
  1.33000E+02 -6.22507E-06  6.32114E-05 -1.29336E-03  4.99871E+00
  1.45400E+02 -5.08417E-06  4.89445E-05 -1.30762E-03  4.99869E+00
  1.50000E+02 -4.73961E-06  4.60591E-05 -1.31051E-03  4.99869E+00
  2.00000E+02 -2.48062E-06  2.62525E-05 -1.33032E-03  4.99867E+00
  2.44700E+02 -1.59032E-06  1.76540E-05 -1.33891E-03  4.99866E+00
  2.79200E+02 -1.20564E-06  1.36167E-05 -1.34295E-03  4.99866E+00
  3.00000E+02 -1.03689E-06  1.18179E-05 -1.34474E-03  4.99866E+00
  3.16500E+02 -9.26698E-07  1.06305E-05 -1.34593E-03  4.99865E+00
  3.20100E+02 -9.04963E-07  1.03946E-05 -1.34617E-03  4.99865E+00
  3.44300E+02 -7.85911E-07  8.99529E-06 -1.34757E-03  4.99865E+00
  4.00000E+02 -5.90069E-07  6.68474E-06 -1.34988E-03  4.99865E+00
  4.11100E+02 -5.60042E-07  6.33148E-06 -1.35023E-03  4.99865E+00
  4.11800E+02 -5.58227E-07  6.31013E-06 -1.35026E-03  4.99865E+00
  4.44000E+02 -4.84170E-07  5.43102E-06 -1.35114E-03  4.99865E+00
  4.68050E+02 -4.42396E-07  4.88880E-06 -1.35168E-03  4.99865E+00
  5.00000E+02 -3.95323E-07  4.28633E-06 -1.35228E-03  4.99865E+00
  6.00000E+02 -2.94977E-07  2.97693E-06 -1.35359E-03  4.99865E+00
  6.61600E+02 -2.54505E-07  2.44806E-06 -1.35412E-03  4.99865E+00
  7.00000E+02 -2.35269E-07  2.18496E-06 -1.35438E-03  4.99865E+00
  7.23300E+02 -2.25574E-07  2.04606E-06 -1.35452E-03  4.99865E+00
  7.78900E+02 -2.05085E-07  1.76411E-06 -1.35481E-03  4.99865E+00
  8.00000E+02 -1.98157E-07  1.67221E-06 -1.35490E-03  4.99865E+00
  8.67400E+02 -1.79466E-07  1.42163E-06 -1.35514E-03  4.99864E+00
  8.89200E+02 -1.74586E-07  1.35292E-06 -1.35521E-03  4.99864E+00
  9.00000E+02 -1.72261E-07  1.32079E-06 -1.35524E-03  4.99864E+00
  9.64000E+02 -1.59610E-07  1.15340E-06 -1.35541E-03  4.99864E+00
  1.00000E+03 -1.53243E-07  1.07642E-06 -1.35549E-03  4.99864E+00
  1.00480E+03 -1.50978E-07  1.06749E-06 -1.35550E-03  4.99864E+00
  1.08580E+03 -1.26696E-07  9.08225E-07 -1.35565E-03  4.99864E+00
  1.12050E+03 -1.22268E-07  8.48357E-07 -1.35571E-03  4.99864E+00
  1.12110E+03 -1.22236E-07  8.47371E-07 -1.35571E-03  4.99864E+00
  1.17320E+03 -1.19455E-07  7.70252E-07 -1.35579E-03  4.99864E+00
  1.27450E+03 -1.13247E-07  6.52202E-07 -1.35591E-03  4.99864E+00
  1.33250E+03 -1.08428E-07  5.96804E-07 -1.35597E-03  4.99864E+00
  1.40800E+03 -1.02579E-07  5.34605E-07 -1.35603E-03  4.99864E+00
  1.50000E+03 -9.53543E-08  4.70872E-07 -1.35610E-03  4.99864E+00
  2.00000E+03 -7.14435E-08  2.62827E-07 -1.35630E-03  4.99864E+00
  3.00000E+03 -4.83801E-08  1.15627E-07 -1.35645E-03  4.99864E+00
  4.00000E+03 -3.68428E-08  6.43697E-08 -1.35650E-03  4.99864E+00
  5.00000E+03 -2.98559E-08  4.08307E-08 -1.35652E-03  4.99864E+00
  5.00010E+03 -2.98553E-08  4.08290E-08 -1.35652E-03  4.99864E+00
  6.00000E+03 -2.51211E-08  2.81468E-08 -1.35654E-03  4.99864E+00
  7.00000E+03 -2.16939E-08  2.05480E-08 -1.35654E-03  4.99864E+00
  8.00000E+03 -1.90957E-08  1.56439E-08 -1.35655E-03  4.99864E+00
  9.00000E+03 -1.70570E-08  1.22984E-08 -1.35655E-03  4.99864E+00
  1.00000E+04 -1.54161E-08  9.91855E-09 -1.35656E-03  4.99864E+00
 *** END OF DATA ***
 
