 TITLE = Anomalous Scattering Factors, 06_C_asf
 # COLUMNS = 5
 LABEL 1 = photon energy, E (keV)
 LABEL 2 = g'' = -f''CL = -f2
 LABEL 3 = g'
 LABEL 4 = f'
 LABEL 5 = f1
 REMARK BEGIN = 06_C_asf
   ASF: ANOMALOUS-SCATTERING-FACTOR CONVERTER, VERSION 9A, May 21, 1996.
   ASF: RUN TIME/DATA/MACHINE= 17:29:59 May 23, 1996 www-phys
   INPUT G' FILE=  /home/rayleigh/data/asf/gc0sl|m=RE
   INPUT G'' FILE= /home/rayleigh/data/asf/gc0sl|m=IM
   OUTPUT FILE=    06_C_asf
   ASF: # G' VALUES FOUND IN INPUT G' FILE=     1102
   ASF: # G'' VALUES FOUND IN INPUT G'' FILE=   1058
   ASF: # EXPLICIT BOUND-BOUND TRANSITIONS=    100
   ASF: INPUT G'  FILE EKEVMIN, EKEVMAX=   0.00000E+00  1.00000E+04
   ASF: INPUT G'' FILE EKEVMIN, EKEVMAX=   0.00000E+00  1.00000E+04
       OUTPUT FILE EKEVMIN, EKEVMAX=       0.00000E+00  1.00000E+04
   ASF: RETAIN INPUT-FILE ENERGY GRID.
     # UNIQUE G'/G'' ENERGIES=   1355
 REMARK END = 06_C_asf
      E (keV)          g''           g'           f'           f1
  0.00000E+00  0.00000E+00 -5.99696E+00 -5.99903E+00  9.70000E-04
  1.00000E-03  0.00000E+00 -6.02099E+00 -6.02306E+00 -2.30643E-02
  1.50000E-03  0.00000E+00 -6.05201E+00 -6.05409E+00 -5.40924E-02
  2.00000E-03  0.00000E+00 -6.09743E+00 -6.09950E+00 -9.94951E-02
  2.78839E-03  0.00000E+00 -6.20445E+00 -6.20653E+00 -2.06530E-01
  3.00000E-03  0.00000E+00 -6.24231E+00 -6.24439E+00 -2.44385E-01
  3.50000E-03  0.00000E+00 -6.35202E+00 -6.35410E+00 -3.54098E-01
  4.00000E-03  0.00000E+00 -6.50069E+00 -6.50277E+00 -5.02766E-01
  4.50000E-03  0.00000E+00 -6.71587E+00 -6.71795E+00 -7.17954E-01
  5.00000E-03  0.00000E+00 -7.09836E+00 -7.10044E+00 -1.10044E+00
  5.30000E-03  0.00000E+00 -7.68861E+00 -7.69068E+00 -1.69068E+00
  5.57679E-03  0.00000E+00 -1.60057E+02 -1.60059E+02 -1.54059E+02
  5.57730E-03 -2.11263E+02 -9.32190E+01 -9.32210E+01 -8.72210E+01
  5.57790E-03 -4.59807E+02 -1.46244E+01 -1.46265E+01 -8.62651E+00
  5.57901E-03  0.00000E+00  1.30640E+02  1.30638E+02  1.36638E+02
  5.58321E-03  0.00000E+00  8.38148E+00  8.37941E+00  1.43794E+01
  5.58500E-03  0.00000E+00 -7.08821E+00 -7.09028E+00 -1.09028E+00
  5.58742E-03  0.00000E+00 -6.28617E+01 -6.28638E+01 -5.68638E+01
  5.58800E-03 -1.19965E+02 -2.57182E+01 -2.57203E+01 -1.97203E+01
  5.58853E-03 -2.29588E+02  8.31682E+00  8.31474E+00  1.43147E+01
  5.58964E-03  0.00000E+00  7.98328E+01  7.98307E+01  8.58307E+01
  5.80000E-03  0.00000E+00 -6.01674E+00 -6.01881E+00 -1.88116E-02
  6.00000E-03  0.00000E+00 -6.71247E+00 -6.71454E+00 -7.14539E-01
  6.30000E-03  0.00000E+00 -7.26013E+00 -7.26221E+00 -1.26221E+00
  6.52671E-03  0.00000E+00 -7.64454E+00 -7.64662E+00 -1.64662E+00
  6.80000E-03  0.00000E+00 -8.21483E+00 -8.21690E+00 -2.21690E+00
  7.00000E-03  0.00000E+00 -8.82206E+00 -8.82413E+00 -2.82413E+00
  7.20000E-03  0.00000E+00 -9.90979E+00 -9.91187E+00 -3.91187E+00
  7.46378E-03  0.00000E+00 -2.40122E+02 -2.40124E+02 -2.34124E+02
  7.46440E-03 -3.68964E+02 -1.23287E+02 -1.23289E+02 -1.17289E+02
  7.46493E-03 -6.84368E+02 -2.35059E+01 -2.35080E+01 -1.75080E+01
  7.46608E-03  0.00000E+00  1.92229E+02  1.92227E+02  1.98227E+02
  7.47024E-03  0.00000E+00  1.04689E+01  1.04668E+01  1.64668E+01
  7.47200E-03  0.00000E+00 -1.36391E+01 -1.36412E+01 -7.64116E+00
  7.47440E-03  0.00000E+00 -9.75965E+01 -9.75986E+01 -9.15986E+01
  7.47500E-03 -1.78170E+02 -4.30882E+01 -4.30903E+01 -3.70903E+01
  7.47555E-03 -3.41492E+02  7.01550E+00  7.01343E+00  1.30134E+01
  7.47670E-03  0.00000E+00  1.11588E+02  1.11586E+02  1.17586E+02
  7.47828E-03  0.00000E+00  4.14042E+01  4.14021E+01  4.74021E+01
  7.47987E-03  0.00000E+00  4.84286E+00  4.84079E+00  1.08408E+01
  7.48102E-03 -9.49809E+01  2.76238E+01  2.76217E+01  3.36217E+01
  7.48217E-03  0.00000E+00  5.26383E+01  5.26362E+01  5.86362E+01
  7.48633E-03  0.00000E+00  1.74018E+01  1.73997E+01  2.33997E+01
  7.49049E-03  0.00000E+00 -2.45280E+00 -2.45488E+00  3.54512E+00
  7.49164E-03 -4.74561E+01  1.12296E+01  1.12275E+01  1.72275E+01
  7.49279E-03  0.00000E+00  2.51042E+01  2.51021E+01  3.11021E+01
  7.70000E-03  0.00000E+00 -8.28211E+00 -8.28419E+00 -2.28419E+00
  7.80982E-03  0.00000E+00 -9.63714E+00 -9.63922E+00 -3.63922E+00
  7.90000E-03  0.00000E+00 -1.07679E+01 -1.07700E+01 -4.77001E+00
  8.00000E-03  0.00000E+00 -1.25288E+01 -1.25309E+01 -6.53090E+00
  8.06000E-03  0.00000E+00 -1.46182E+01 -1.46203E+01 -8.62028E+00
  8.12685E-03  0.00000E+00 -1.26430E+02 -1.26432E+02 -1.20432E+02
  8.12740E-03 -1.59338E+02 -7.61693E+01 -7.61714E+01 -7.01714E+01
  8.12801E-03 -3.36058E+02 -2.04674E+01 -2.04695E+01 -1.44695E+01
  8.12917E-03  0.00000E+00  8.53077E+01  8.53057E+01  9.13057E+01
  8.13320E-03  0.00000E+00 -4.02085E+00 -4.02292E+00  1.97708E+00
  8.13500E-03  0.00000E+00 -1.80534E+01 -1.80555E+01 -1.20555E+01
  8.13722E-03  0.00000E+00 -6.50867E+01 -6.50888E+01 -5.90888E+01
  8.13780E-03 -1.02109E+02 -3.35090E+01 -3.35110E+01 -2.75110E+01
  8.13838E-03 -2.04219E+02 -1.83698E+00 -1.83905E+00  4.16095E+00
  8.13954E-03  0.00000E+00  6.16764E+01  6.16743E+01  6.76743E+01
  8.14313E-03  0.00000E+00  9.59632E+00  9.59424E+00  1.55942E+01
  8.14671E-03  0.00000E+00 -3.25467E+00 -3.25675E+00  2.74325E+00
  8.14787E-03 -1.82282E+01  1.01196E+00  1.00988E+00  7.00988E+00
  8.14903E-03  0.00000E+00  5.56309E+00  5.56101E+00  1.15610E+01
  8.22000E-03  0.00000E+00 -1.25390E+01 -1.25410E+01 -6.54104E+00
  8.29152E-03  0.00000E+00 -1.61279E+01 -1.61300E+01 -1.01300E+01
  8.36000E-03  0.00000E+00 -2.06824E+01 -2.06845E+01 -1.46845E+01
  8.43400E-03  0.00000E+00 -8.84490E+01 -8.84510E+01 -8.24510E+01
  8.43460E-03 -9.25964E+01 -5.94273E+01 -5.94293E+01 -5.34293E+01
  8.43517E-03 -1.80563E+02 -3.17747E+01 -3.17768E+01 -2.57768E+01
  8.43634E-03  0.00000E+00  2.46885E+01  2.46864E+01  3.06864E+01
  8.43782E-03  0.00000E+00 -9.19560E+00 -9.19767E+00 -3.19767E+00
  8.43931E-03  0.00000E+00 -2.27613E+01 -2.27634E+01 -1.67634E+01
  8.44048E-03 -1.79681E+01 -2.19872E+01 -2.19892E+01 -1.59892E+01
  8.44165E-03  0.00000E+00 -2.05739E+01 -2.05760E+01 -1.45760E+01
  8.44314E-03  0.00000E+00 -3.05651E+01 -3.05671E+01 -2.45671E+01
  8.44463E-03  0.00000E+00 -4.92138E+01 -4.92158E+01 -4.32158E+01
  8.44580E-03 -9.01389E+01 -2.20103E+01 -2.20124E+01 -1.60124E+01
  8.44697E-03  0.00000E+00  5.40785E+00  5.40578E+00  1.14058E+01
  8.44845E-03  0.00000E+00 -1.21556E+01 -1.21577E+01 -6.15770E+00
  8.44994E-03  0.00000E+00 -1.92403E+01 -1.92424E+01 -1.32424E+01
  8.45111E-03 -8.97924E+00 -1.88118E+01 -1.88138E+01 -1.28138E+01
  8.45228E-03  0.00000E+00 -1.76818E+01 -1.76839E+01 -1.16839E+01
  8.50980E-03  0.00000E+00 -5.03107E+01 -5.03127E+01 -4.43127E+01
  8.54000E-03  0.00000E+00 -9.08794E+01 -9.08815E+01 -8.48815E+01
  8.56732E-03  0.00000E+00 -1.00995E+03 -1.00996E+03 -1.00396E+03
  8.56790E-03 -1.30340E+03 -6.04204E+02 -6.04206E+02 -5.98206E+02
  8.56849E-03 -2.62928E+03 -1.92424E+02 -1.92426E+02 -1.86426E+02
  8.56966E-03  0.00000E+00  6.20565E+02  6.20563E+02  6.26563E+02
  8.57380E-03  0.00000E+00 -1.92860E+02 -1.92862E+02 -1.86862E+02
  8.57600E-03  0.00000E+00 -5.07827E+02 -5.07829E+02 -5.01829E+02
  8.57795E-03  0.00000E+00 -1.58106E+03 -1.58106E+03 -1.57506E+03
  8.57850E-03 -2.47929E+03 -7.98698E+02 -7.98700E+02 -7.92700E+02
  8.57912E-03 -5.27412E+03  8.39421E+01  8.39400E+01  8.99400E+01
  8.58029E-03  0.00000E+00  1.75120E+03  1.75119E+03  1.75719E+03
  8.59057E-03  0.00000E+00  2.05563E+02  2.05561E+02  2.11561E+02
  8.60085E-03  0.00000E+00  7.81647E+01  7.81626E+01  8.41626E+01
  8.60202E-03 -1.06810E+02  1.05903E+02  1.05900E+02  1.11900E+02
  8.60319E-03  0.00000E+00  1.33768E+02  1.33766E+02  1.39766E+02
  8.60365E-03  0.00000E+00  1.21740E+02  1.21738E+02  1.27738E+02
  8.60411E-03  0.00000E+00  1.13486E+02  1.13484E+02  1.19484E+02
  8.60528E-03 -1.01964E+01  1.05084E+02  1.05082E+02  1.11082E+02
  8.60645E-03  0.00000E+00  1.00507E+02  1.00504E+02  1.06504E+02
  8.60896E-03  0.00000E+00  8.50931E+01  8.50911E+01  9.10911E+01
  8.61147E-03  0.00000E+00  6.48969E+01  6.48948E+01  7.08948E+01
  8.61264E-03 -5.33231E+01  7.83785E+01  7.83764E+01  8.43764E+01
  8.61381E-03  0.00000E+00  9.19809E+01  9.19789E+01  9.79789E+01
  8.61427E-03  0.00000E+00  8.58748E+01  8.58727E+01  9.18727E+01
  8.61473E-03  0.00000E+00  8.16553E+01  8.16532E+01  8.76532E+01
  8.61590E-03 -5.09567E+00  7.72521E+01  7.72500E+01  8.32500E+01
  8.61707E-03  0.00000E+00  7.48370E+01  7.48349E+01  8.08349E+01
  8.65934E-03  0.00000E+00  2.94831E+01  2.94810E+01  3.54810E+01
  8.70161E-03  0.00000E+00 -7.33041E+00 -7.33248E+00 -1.33248E+00
  8.70278E-03 -7.44170E+01  1.59080E+01  1.59059E+01  2.19059E+01
  8.70395E-03  0.00000E+00  3.91117E+01  3.91096E+01  4.51096E+01
  8.70809E-03  0.00000E+00  1.88052E+01  1.88031E+01  2.48031E+01
  8.71223E-03  0.00000E+00  6.55274E+00  6.55066E+00  1.25507E+01
  8.71340E-03 -3.71560E+01  1.78037E+01  1.78016E+01  2.38016E+01
  8.71458E-03  0.00000E+00  2.91385E+01  2.91364E+01  3.51364E+01
  8.74069E-03  0.00000E+00  1.20588E+01  1.20567E+01  1.80567E+01
  8.76681E-03  0.00000E+00 -7.15888E+00 -7.16096E+00 -1.16096E+00
  8.76798E-03 -5.01507E+01  8.51481E+00  8.51274E+00  1.45127E+01
  8.76916E-03  0.00000E+00  2.42284E+01  2.42263E+01  3.02263E+01
  8.77330E-03  0.00000E+00  1.05993E+01  1.05972E+01  1.65972E+01
  8.77744E-03  0.00000E+00  2.42180E+00  2.41973E+00  8.41973E+00
  8.77861E-03 -2.50421E+01  1.00115E+01  1.00095E+01  1.60095E+01
  8.77979E-03  0.00000E+00  1.76777E+01  1.76756E+01  2.36756E+01
  8.79565E-03  0.00000E+00  7.51539E+00  7.51332E+00  1.35133E+01
  8.81151E-03  0.00000E+00 -5.09048E+00 -5.09255E+00  9.07450E-01
  8.81269E-03 -3.53606E+01  6.01903E+00  6.01695E+00  1.20170E+01
  8.81386E-03  0.00000E+00  1.70226E+01  1.70206E+01  2.30206E+01
  8.81800E-03  0.00000E+00  7.32323E+00  7.32116E+00  1.33212E+01
  8.82213E-03  0.00000E+00  1.44452E+00  1.44244E+00  7.44244E+00
  8.82331E-03 -1.76571E+01  6.80287E+00  6.80080E+00  1.28008E+01
  8.82448E-03  0.00000E+00  1.21456E+01  1.21435E+01  1.81435E+01
  8.83398E-03  0.00000E+00  5.42990E+00  5.42783E+00  1.14278E+01
  8.84348E-03  0.00000E+00 -3.26581E+00 -3.26789E+00  2.73211E+00
  8.84465E-03 -2.58493E+01  4.74181E+00  4.73973E+00  1.07397E+01
  8.84583E-03  0.00000E+00  1.28057E+01  1.28036E+01  1.88036E+01
  8.84996E-03  0.00000E+00  5.55682E+00  5.55474E+00  1.15547E+01
  8.85410E-03  0.00000E+00  1.09619E+00  1.09411E+00  7.09411E+00
  8.85527E-03 -1.29070E+01  4.92004E+00  4.91797E+00  1.09180E+01
  8.85645E-03  0.00000E+00  8.78877E+00  8.78670E+00  1.47867E+01
  8.86179E-03  0.00000E+00  4.18665E+00  4.18457E+00  1.01846E+01
  8.86712E-03  0.00000E+00 -1.88752E+00 -1.88960E+00  4.11040E+00
  8.86830E-03 -1.94586E+01  4.11839E+00  4.11632E+00  1.01163E+01
  8.86948E-03  0.00000E+00  1.00784E+01  1.00764E+01  1.60764E+01
  8.87361E-03  0.00000E+00  4.44296E+00  4.44088E+00  1.04409E+01
  8.87775E-03  0.00000E+00  8.14379E-01  8.12299E-01  6.81230E+00
  8.87893E-03 -9.71611E+00  3.60637E+00  3.60429E+00  9.60429E+00
  8.88010E-03  0.00000E+00  6.35126E+00  6.34918E+00  1.23492E+01
  8.88261E-03  0.00000E+00  3.27415E+00  3.27207E+00  9.27207E+00
  8.88511E-03  0.00000E+00 -7.19207E-01 -7.21277E-01  5.27872E+00
  8.88629E-03 -1.50096E+01  3.80172E+00  3.79964E+00  9.79964E+00
  8.88746E-03  0.00000E+00  8.30328E+00  8.30121E+00  1.43012E+01
  8.89160E-03  0.00000E+00  3.66563E+00  3.66356E+00  9.66356E+00
  8.89573E-03  0.00000E+00  4.06901E-01  4.04821E-01  6.40482E+00
  8.89691E-03 -7.49468E+00  2.25118E+00  2.24910E+00  8.24910E+00
  8.89809E-03  0.00000E+00  3.71735E+00  3.71527E+00  9.71527E+00
  8.89859E-03  0.00000E+00  2.33086E+00  2.32878E+00  8.32878E+00
  8.89910E-03  0.00000E+00  7.24600E-01  7.22520E-01  6.72252E+00
  8.90028E-03 -1.18184E+01  3.84615E+00  3.84408E+00  9.84408E+00
  8.90146E-03  0.00000E+00  7.17879E+00  7.17671E+00  1.31767E+01
  8.90574E-03  0.00000E+00  3.00070E+00  2.99862E+00  8.99862E+00
  8.91002E-03  0.00000E+00 -1.79641E+00 -1.79848E+00  4.20152E+00
  8.91120E-03 -1.53718E+01  2.87870E+00  2.87662E+00  8.87662E+00
  8.91238E-03  0.00000E+00  7.51535E+00  7.51328E+00  1.35133E+01
  8.91608E-03  0.00000E+00  2.92970E+00  2.92762E+00  8.92762E+00
  8.91979E-03  0.00000E+00 -1.08512E+00 -1.08719E+00  4.91281E+00
  8.92097E-03 -1.24340E+01  2.58222E+00  2.58015E+00  8.58015E+00
  8.92215E-03  0.00000E+00  6.26030E+00  6.25823E+00  1.22582E+01
  8.92432E-03  0.00000E+00  3.03214E+00  3.03006E+00  9.03006E+00
  8.92650E-03  0.00000E+00  7.26415E-01  7.24345E-01  6.72434E+00
  8.92768E-03 -6.35225E+00  2.28022E+00  2.27814E+00  8.27814E+00
  8.92885E-03  0.00000E+00  3.70755E+00  3.70548E+00  9.70548E+00
  8.92932E-03  0.00000E+00  2.80627E+00  2.80420E+00  8.80420E+00
  8.92979E-03  0.00000E+00  1.98532E+00  1.98324E+00  7.98324E+00
  8.93097E-03 -3.84739E+00  2.35309E+00  2.35102E+00  8.35102E+00
  8.93215E-03  0.00000E+00  2.60417E+00  2.60210E+00  8.60210E+00
  8.93236E-03  0.00000E+00  2.16005E+00  2.15797E+00  8.15797E+00
  8.93256E-03  0.00000E+00  1.72074E+00  1.71867E+00  7.71867E+00
  8.93374E-03 -5.29827E+00  2.62510E+00  2.62303E+00  8.62303E+00
  8.93492E-03  0.00000E+00  3.72686E+00  3.72479E+00  9.72479E+00
  8.93618E-03  0.00000E+00  2.11829E+00  2.11621E+00  8.11621E+00
  8.93744E-03  0.00000E+00  2.82690E-01  2.80620E-01  6.28062E+00
  8.93861E-03 -7.63689E+00  2.26381E+00  2.26174E+00  8.26174E+00
  8.93979E-03  0.00000E+00  4.26084E+00  4.25877E+00  1.02588E+01
  8.94113E-03  0.00000E+00  2.33545E+00  2.33338E+00  8.33338E+00
  8.94247E-03  0.00000E+00  5.33217E-01  5.31147E-01  6.53115E+00
  8.94365E-03 -6.44323E+00  2.07215E+00  2.07007E+00  8.07007E+00
  8.94483E-03  0.00000E+00  3.54710E+00  3.54503E+00  9.54503E+00
  8.94523E-03  0.00000E+00  2.75999E+00  2.75791E+00  8.75791E+00
  8.94563E-03  0.00000E+00  2.07970E+00  2.07763E+00  8.07763E+00
  8.94681E-03 -2.99129E+00  2.13206E+00  2.12998E+00  8.12998E+00
  8.94799E-03  0.00000E+00  2.17841E+00  2.17633E+00  8.17633E+00
  8.94829E-03  0.00000E+00  1.65843E+00  1.65635E+00  7.65635E+00
  8.94858E-03  0.00000E+00  1.11381E+00  1.11173E+00  7.11173E+00
  8.94976E-03 -5.07902E+00  2.03479E+00  2.03271E+00  8.03271E+00
  8.95094E-03  0.00000E+00  2.99470E+00  2.99263E+00  8.99263E+00
  8.95148E-03  0.00000E+00  2.08802E+00  2.08595E+00  8.08595E+00
  8.95201E-03  0.00000E+00  1.22403E+00  1.22196E+00  7.22196E+00
  8.95319E-03 -4.37252E+00  1.89134E+00  1.88926E+00  7.88926E+00
  8.95437E-03  0.00000E+00  2.52692E+00  2.52484E+00  8.52484E+00
  8.95483E-03  0.00000E+00  1.71784E+00  1.71577E+00  7.71577E+00
  8.95530E-03  0.00000E+00  8.51549E-01  8.49479E-01  6.84948E+00
  8.95648E-03 -5.56317E+00  1.95830E+00  1.95623E+00  7.95623E+00
  8.95766E-03  0.00000E+00  3.08703E+00  3.08496E+00  9.08496E+00
  8.95829E-03  0.00000E+00  2.03173E+00  2.02965E+00  8.02965E+00
  8.95892E-03  0.00000E+00  1.02631E+00  1.02423E+00  7.02423E+00
  8.96010E-03 -4.60190E+00  1.79483E+00  1.79275E+00  7.79275E+00
  8.96128E-03  0.00000E+00  2.48538E+00  2.48330E+00  8.48330E+00
  8.96155E-03  0.00000E+00  1.96266E+00  1.96059E+00  7.96059E+00
  8.96181E-03  0.00000E+00  1.47255E+00  1.47047E+00  7.47047E+00
  8.96299E-03 -3.76670E+00  1.77804E+00  1.77596E+00  7.77596E+00
  8.96417E-03  0.00000E+00  2.05197E+00  2.04989E+00  8.04989E+00
  8.96433E-03  0.00000E+00  1.73252E+00  1.73044E+00  7.73044E+00
  8.96449E-03  0.00000E+00  1.40653E+00  1.40445E+00  7.40445E+00
  8.96567E-03 -4.00704E+00  1.78311E+00  1.78104E+00  7.78104E+00
  8.96685E-03  0.00000E+00  2.21398E+00  2.21190E+00  8.21190E+00
  8.96716E-03  0.00000E+00  1.64063E+00  1.63855E+00  7.63855E+00
  8.96748E-03  0.00000E+00  1.04170E+00  1.03962E+00  7.03962E+00
  8.96866E-03 -4.59363E+00  1.72104E+00  1.71897E+00  7.71897E+00
  8.96984E-03  0.00000E+00  2.34876E+00  2.34669E+00  8.34669E+00
  8.96999E-03  0.00000E+00  2.03730E+00  2.03522E+00  8.03522E+00
  8.97014E-03  0.00000E+00  1.73581E+00  1.73374E+00  7.73374E+00
  8.97132E-03 -3.14477E+00  1.70226E+00  1.70018E+00  7.70018E+00
  8.97250E-03  0.00000E+00  1.59912E+00  1.59705E+00  7.59705E+00
  8.97251E-03  0.00000E+00  1.58399E+00  1.58191E+00  7.58191E+00
  8.97369E-03 -3.66393E+00  1.74160E+00  1.73953E+00  7.73953E+00
  8.97487E-03  0.00000E+00  1.96057E+00  1.95850E+00  7.95850E+00
  8.97498E-03  0.00000E+00  1.73565E+00  1.73357E+00  7.73357E+00
  8.97509E-03  0.00000E+00  1.51077E+00  1.50869E+00  7.50869E+00
  8.97627E-03 -3.72434E+00  1.78673E+00  1.78466E+00  7.78466E+00
  8.97745E-03  0.00000E+00  2.13657E+00  2.13449E+00  8.13449E+00
  8.97755E-03  0.00000E+00  1.95209E+00  1.95001E+00  7.95001E+00
  8.97764E-03  0.00000E+00  1.78200E+00  1.77992E+00  7.77992E+00
  8.97820E-03 -1.40945E+00  1.73913E+00  1.73705E+00  7.73705E+00
  8.97882E-03 -2.96991E+00  1.84666E+00  1.84458E+00  7.84458E+00
  8.97940E-03 -1.51012E+00  1.99189E+00  1.98981E+00  7.98981E+00
  8.98000E-03  0.00000E+00  2.12222E+00  2.12015E+00  8.12015E+00
  8.98012E-03  0.00000E+00  1.95936E+00  1.95729E+00  7.95729E+00
  8.98023E-03  0.00000E+00  1.81264E+00  1.81057E+00  7.81057E+00
  8.98080E-03 -6.27217E-01  1.55232E+00  1.55025E+00  7.55025E+00
  8.98141E-03 -1.29845E+00  1.36203E+00  1.35995E+00  7.35995E+00
  8.98200E-03 -6.49225E-01  1.16806E+00  1.16599E+00  7.16599E+00
  8.98259E-03  0.00000E+00  9.43961E-01  9.41881E-01  6.94188E+00
  8.98275E-03  0.00000E+00  7.67205E-01  7.65135E-01  6.76513E+00
  8.98291E-03  0.00000E+00  5.91666E-01  5.89596E-01  6.58960E+00
  8.98409E-03 -2.39637E+00  5.31866E-01  5.29786E-01  6.52979E+00
  8.98527E-03 -1.13176E+00  1.13388E+00  1.13181E+00  7.13181E+00
  8.98538E-03 -1.13178E+00  1.06995E+00  1.06787E+00  7.06787E+00
  8.98549E-03 -1.13179E+00  1.00691E+00  1.00483E+00  7.00483E+00
  8.98667E-03 -2.20263E+00  1.08860E+00  1.08653E+00  7.08653E+00
  8.98784E-03 -1.13213E+00  1.13095E+00  1.12887E+00  7.12887E+00
  8.98785E-03 -1.13213E+00  1.13292E+00  1.13085E+00  7.13085E+00
  8.98902E-03 -2.13432E+00  1.10407E+00  1.10200E+00  7.10200E+00
  8.99020E-03 -1.24524E+00  1.16744E+00  1.16536E+00  7.16536E+00
  8.99090E-03 -1.39574E+00  9.37744E-01  9.35664E-01  6.93566E+00
  8.99160E-03 -1.56494E+00  9.02369E-01  9.00299E-01  6.90030E+00
  8.99230E-03 -1.69816E+00  9.19330E-01  9.17260E-01  6.91726E+00
  8.99300E-03 -1.69827E+00  9.71551E-01  9.69481E-01  6.96948E+00
  8.99350E-03 -1.69834E+00  1.00586E+00  1.00378E+00  7.00378E+00
  8.99400E-03 -1.69842E+00  1.01308E+00  1.01101E+00  7.01101E+00
  8.99500E-03 -1.69857E+00  1.01833E+00  1.01626E+00  7.01626E+00
  8.99570E-03 -1.69868E+00  1.01788E+00  1.01580E+00  7.01580E+00
  8.99650E-03 -1.69879E+00  1.01499E+00  1.01291E+00  7.01291E+00
  8.99720E-03 -1.69890E+00  1.01102E+00  1.00895E+00  7.00895E+00
  8.99800E-03 -1.69902E+00  1.00526E+00  1.00319E+00  7.00319E+00
  8.99900E-03 -1.69917E+00  9.96744E-01  9.94674E-01  6.99467E+00
  9.00000E-03 -1.69932E+00  9.87114E-01  9.85034E-01  6.98503E+00
  9.00200E-03 -1.69963E+00  9.65604E-01  9.63534E-01  6.96353E+00
  9.00500E-03 -1.70009E+00  9.29841E-01  9.27771E-01  6.92777E+00
  9.00800E-03 -1.70054E+00  8.91683E-01  8.89613E-01  6.88961E+00
  9.01000E-03 -1.70085E+00  8.65499E-01  8.63419E-01  6.86342E+00
  9.01300E-03 -1.70131E+00  8.25509E-01  8.23439E-01  6.82344E+00
  9.01500E-03 -1.70162E+00  7.98610E-01  7.96530E-01  6.79653E+00
  9.01800E-03 -1.70208E+00  7.58054E-01  7.55974E-01  6.75597E+00
  9.02000E-03 -1.70238E+00  7.30981E-01  7.28901E-01  6.72890E+00
  9.02300E-03 -1.70284E+00  6.90421E-01  6.88341E-01  6.68834E+00
  9.02700E-03 -1.70345E+00  6.36614E-01  6.34544E-01  6.63454E+00
  9.03100E-03 -1.70407E+00  5.83248E-01  5.81178E-01  6.58118E+00
  9.03500E-03 -1.70468E+00  5.30445E-01  5.28365E-01  6.52836E+00
  9.04200E-03 -1.70575E+00  4.39559E-01  4.37479E-01  6.43748E+00
  9.05000E-03 -1.70697E+00  3.38261E-01  3.36181E-01  6.33618E+00
  9.05500E-03 -1.70774E+00  2.76410E-01  2.74340E-01  6.27434E+00
  9.06000E-03 -1.70851E+00  2.15694E-01  2.13614E-01  6.21361E+00
  9.07000E-03 -1.71004E+00  9.76276E-02  9.55576E-02  6.09556E+00
  9.08500E-03 -1.71233E+00 -7.12490E-02 -7.33190E-02  5.92668E+00
  9.10000E-03 -1.71463E+00 -2.30732E-01 -2.32802E-01  5.76720E+00
  9.11000E-03 -1.71616E+00 -3.32182E-01 -3.34262E-01  5.66574E+00
  9.12000E-03 -1.71769E+00 -4.29903E-01 -4.31973E-01  5.56803E+00
  9.13500E-03 -1.71999E+00 -5.69894E-01 -5.71974E-01  5.42803E+00
  9.15000E-03 -1.72229E+00 -7.02517E-01 -7.04597E-01  5.29540E+00
  9.17000E-03 -1.72535E+00 -8.68741E-01 -8.70821E-01  5.12918E+00
  9.20000E-03 -1.72994E+00 -1.09760E+00 -1.09968E+00  4.90032E+00
  9.24000E-03 -1.73555E+00 -1.36978E+00 -1.37186E+00  4.62814E+00
  9.28000E-03 -1.74116E+00 -1.61024E+00 -1.61231E+00  4.38769E+00
  9.31000E-03 -1.74537E+00 -1.77277E+00 -1.77485E+00  4.22515E+00
  9.35000E-03 -1.75098E+00 -1.96909E+00 -1.97117E+00  4.02883E+00
  9.38000E-03 -1.75517E+00 -2.10289E+00 -2.10496E+00  3.89504E+00
  9.42000E-03 -1.76076E+00 -2.26568E+00 -2.26775E+00  3.73225E+00
  9.46000E-03 -1.76634E+00 -2.41279E+00 -2.41487E+00  3.58513E+00
  9.50000E-03 -1.77193E+00 -2.54609E+00 -2.54816E+00  3.45184E+00
  9.55000E-03 -1.77818E+00 -2.69620E+00 -2.69827E+00  3.30173E+00
  9.60000E-03 -1.78442E+00 -2.83070E+00 -2.83277E+00  3.16723E+00
  9.65000E-03 -1.79065E+00 -2.95157E+00 -2.95365E+00  3.04635E+00
  9.70000E-03 -1.79688E+00 -3.06039E+00 -3.06247E+00  2.93753E+00
  9.77000E-03 -1.80464E+00 -3.19588E+00 -3.19795E+00  2.80205E+00
  9.85000E-03 -1.81351E+00 -3.33064E+00 -3.33271E+00  2.66729E+00
  9.93000E-03 -1.82214E+00 -3.44739E+00 -3.44946E+00  2.55054E+00
  1.00000E-02 -1.82970E+00 -3.53695E+00 -3.53903E+00  2.46097E+00
  1.01000E-02 -1.83948E+00 -3.64822E+00 -3.65029E+00  2.34971E+00
  1.02000E-02 -1.84926E+00 -3.74310E+00 -3.74518E+00  2.25482E+00
  1.03500E-02 -1.86218E+00 -3.86118E+00 -3.86326E+00  2.13674E+00
  1.05000E-02 -1.87510E+00 -3.95626E+00 -3.95834E+00  2.04166E+00
  1.06000E-02 -1.88288E+00 -4.00927E+00 -4.01134E+00  1.98866E+00
  1.07000E-02 -1.89066E+00 -4.05542E+00 -4.05750E+00  1.94250E+00
  1.10000E-02 -1.91121E+00 -4.16219E+00 -4.16426E+00  1.83574E+00
  1.12000E-02 -1.92309E+00 -4.21293E+00 -4.21501E+00  1.78499E+00
  1.15000E-02 -1.93873E+00 -4.26817E+00 -4.27024E+00  1.72976E+00
  1.18000E-02 -1.95219E+00 -4.30489E+00 -4.30697E+00  1.69303E+00
  1.20836E-02 -1.96283E+00 -4.32721E+00 -4.32928E+00  1.67072E+00
  1.24000E-02 -1.97279E+00 -4.34239E+00 -4.34447E+00  1.65553E+00
  1.28000E-02 -1.98277E+00 -4.35164E+00 -4.35371E+00  1.64629E+00
  1.31000E-02 -1.98862E+00 -4.35414E+00 -4.35622E+00  1.64378E+00
  1.35000E-02 -1.99399E+00 -4.35485E+00 -4.35693E+00  1.64307E+00
  1.38000E-02 -1.99659E+00 -4.35600E+00 -4.35808E+00  1.64192E+00
  1.42000E-02 -1.99837E+00 -4.36489E+00 -4.36696E+00  1.63304E+00
  1.46000E-02 -1.99847E+00 -4.40198E+00 -4.40405E+00  1.59595E+00
  1.50000E-02 -1.99703E+00 -4.65598E+00 -4.65805E+00  1.34195E+00
  1.50900E-02 -1.99643E+00 -5.03998E+00 -5.04205E+00  9.57952E-01
  1.51771E-02 -1.99586E+00 -5.44119E+01 -5.44139E+01 -4.84139E+01
  1.51784E-02 -1.64430E+02 -2.85342E+00 -2.85549E+00  3.14451E+00
  1.51797E-02 -1.99584E+00  4.61723E+01  4.61703E+01  5.21703E+01
  1.56112E-02 -1.99214E+00 -4.12963E+00 -4.13171E+00  1.86829E+00
  1.60427E-02 -1.98674E+00 -4.27421E+00 -4.27629E+00  1.72371E+00
  1.60440E-02 -2.00478E+00 -4.26911E+00 -4.27119E+00  1.72881E+00
  1.60453E-02 -1.98670E+00 -4.26401E+00 -4.26608E+00  1.73392E+00
  1.62157E-02 -1.98447E+00 -4.39483E+00 -4.39691E+00  1.60309E+00
  1.63860E-02 -1.98192E+00 -3.12395E+01 -3.12415E+01 -2.52415E+01
  1.63873E-02 -8.72355E+01 -4.88184E+00 -4.88392E+00  1.11608E+00
  1.63887E-02 -1.98187E+00  2.21480E+01  2.21459E+01  2.81459E+01
  1.66241E-02 -1.97794E+00 -4.12327E+00 -4.12535E+00  1.87465E+00
  1.68596E-02 -1.97407E+00 -1.79810E+01 -1.79831E+01 -1.19831E+01
  1.68610E-02 -4.62894E+01 -3.81539E+00 -3.81746E+00  2.18254E+00
  1.68623E-02 -1.97402E+00  9.89844E+00  9.89636E+00  1.58964E+01
  1.69784E-02 -1.97175E+00 -4.10001E+00 -4.10208E+00  1.89792E+00
  1.70946E-02 -1.96931E+00 -1.19552E+01 -1.19573E+01 -5.95729E+00
  1.70959E-02 -2.72806E+01 -4.15150E+00 -4.15357E+00  1.84643E+00
  1.70972E-02 -1.96925E+00  3.65221E+00  3.65013E+00  9.65013E+00
  1.71627E-02 -1.96788E+00 -4.09020E+00 -4.09228E+00  1.90772E+00
  1.72282E-02 -1.96652E+00 -8.95682E+00 -8.95890E+00 -2.95890E+00
  1.72295E-02 -1.76317E+01 -4.13838E+00 -4.14046E+00  1.85954E+00
  1.72308E-02 -1.96647E+00  6.80035E-01  6.77965E-01  6.67796E+00
  1.72711E-02 -1.96563E+00 -4.08562E+00 -4.08769E+00  1.91231E+00
  1.73113E-02 -1.96480E+00 -7.36321E+00 -7.36528E+00 -1.36528E+00
  1.73127E-02 -1.22868E+01 -4.04680E+00 -4.04887E+00  1.95113E+00
  1.73140E-02 -1.96474E+00 -8.77993E-01 -8.80063E-01  5.11994E+00
  1.73403E-02 -1.96420E+00 -4.08282E+00 -4.08489E+00  1.91511E+00
  1.73666E-02 -1.96366E+00 -6.35931E+00 -6.36139E+00 -3.61389E-01
  1.73680E-02 -9.10708E+00 -4.06590E+00 -4.06798E+00  1.93202E+00
  1.73693E-02 -1.96361E+00 -1.87805E+00 -1.88012E+00  4.11988E+00
  1.73873E-02 -1.96324E+00 -4.08195E+00 -4.08403E+00  1.91597E+00
  1.74053E-02 -1.96287E+00 -5.68748E+00 -5.68956E+00  3.10439E-01
  1.74066E-02 -7.10409E+00 -4.11813E+00 -4.12021E+00  1.87979E+00
  1.74079E-02 -1.96281E+00 -2.54891E+00 -2.55098E+00  3.44902E+00
  1.74206E-02 -1.96255E+00 -4.08065E+00 -4.08273E+00  1.91727E+00
  1.74333E-02 -1.96229E+00 -5.27388E+00 -5.27596E+00  7.24038E-01
  1.74346E-02 -5.78219E+00 -4.11378E+00 -4.11586E+00  1.88414E+00
  1.74359E-02 -1.96224E+00 -2.95388E+00 -2.95595E+00  3.04405E+00
  1.74451E-02 -1.96205E+00 -4.07987E+00 -4.08194E+00  1.91806E+00
  1.74543E-02 -1.96186E+00 -4.98836E+00 -4.99043E+00  1.00957E+00
  1.74556E-02 -4.87577E+00 -4.11033E+00 -4.11241E+00  1.88759E+00
  1.74569E-02 -1.96181E+00 -3.23261E+00 -3.23468E+00  2.76532E+00
  1.74637E-02 -1.96167E+00 -4.07982E+00 -4.08189E+00  1.91811E+00
  1.74705E-02 -1.96153E+00 -4.78517E+00 -4.78725E+00  1.21275E+00
  1.74718E-02 -4.23403E+00 -4.10870E+00 -4.11078E+00  1.88922E+00
  1.74731E-02 -1.96148E+00 -3.43275E+00 -3.43482E+00  2.56518E+00
  1.74781E-02 -1.96138E+00 -4.07904E+00 -4.08111E+00  1.91889E+00
  1.74831E-02 -1.96128E+00 -4.63246E+00 -4.63453E+00  1.36547E+00
  1.74844E-02 -3.76721E+00 -4.10475E+00 -4.10682E+00  1.89318E+00
  1.74857E-02 -1.96122E+00 -3.57771E+00 -3.57979E+00  2.42021E+00
  1.74894E-02 -1.96115E+00 -4.07441E+00 -4.07648E+00  1.92352E+00
  1.74932E-02 -1.96107E+00 -4.51675E+00 -4.51883E+00  1.48117E+00
  1.74945E-02 -3.41966E+00 -4.10191E+00 -4.10399E+00  1.89601E+00
  1.74958E-02 -1.96101E+00 -3.68808E+00 -3.69016E+00  2.30984E+00
  1.74986E-02 -1.96096E+00 -4.07638E+00 -4.07846E+00  1.92154E+00
  1.75013E-02 -1.96090E+00 -4.42268E+00 -4.42475E+00  1.57525E+00
  1.75027E-02 -3.15566E+00 -4.09847E+00 -4.10054E+00  1.89946E+00
  1.75041E-02 -1.96085E+00 -3.77579E+00 -3.77787E+00  2.22213E+00
  1.75061E-02 -1.96081E+00 -4.07535E+00 -4.07743E+00  1.92257E+00
  1.75081E-02 -1.96076E+00 -4.34943E+00 -4.35150E+00  1.64850E+00
  1.75095E-02 -2.95158E+00 -4.09686E+00 -4.09893E+00  1.90107E+00
  1.75109E-02 -1.96071E+00 -3.84687E+00 -3.84894E+00  2.15106E+00
  1.75123E-02 -1.96068E+00 -4.07255E+00 -4.07463E+00  1.92537E+00
  1.75137E-02 -1.96065E+00 -4.28291E+00 -4.28498E+00  1.71502E+00
  1.75151E-02 -2.79136E+00 -4.09000E+00 -4.09208E+00  1.90792E+00
  1.75165E-02 -1.96060E+00 -3.89954E+00 -3.90162E+00  2.09838E+00
  1.75175E-02 -1.96057E+00 -4.06875E+00 -4.07083E+00  1.92917E+00
  1.75185E-02 -1.96055E+00 -4.22891E+00 -4.23098E+00  1.76902E+00
  1.75199E-02 -2.66384E+00 -4.08552E+00 -4.08759E+00  1.91241E+00
  1.75213E-02 -1.96050E+00 -3.94645E+00 -3.94852E+00  2.05148E+00
  1.75219E-02 -1.96048E+00 -4.05754E+00 -4.05961E+00  1.94039E+00
  1.75225E-02 -1.96047E+00 -4.16393E+00 -4.16601E+00  1.83399E+00
  1.75239E-02 -2.56109E+00 -4.05862E+00 -4.06070E+00  1.93930E+00
  1.75253E-02 -1.96042E+00 -3.93873E+00 -3.94080E+00  2.05920E+00
  1.75265E-02 -1.96039E+00 -4.08799E+00 -4.09007E+00  1.90993E+00
  1.75277E-02 -1.96037E+00 -4.23056E+00 -4.23263E+00  1.76737E+00
  1.75291E-02 -2.47676E+00 -4.14271E+00 -4.14478E+00  1.85522E+00
  1.75305E-02 -1.96031E+00 -4.07486E+00 -4.07693E+00  1.92307E+00
  1.75311E-02 -1.96030E+00 -4.18389E+00 -4.18597E+00  1.81403E+00
  1.75317E-02 -1.96029E+00 -4.29875E+00 -4.30082E+00  1.69918E+00
  1.75330E-02 -2.79694E+00 -4.11251E+00 -4.11458E+00  1.88542E+00
  1.75344E-02 -1.96023E+00 -3.92553E+00 -3.92760E+00  2.07240E+00
  1.75351E-02 -1.96022E+00 -4.06587E+00 -4.06794E+00  1.93206E+00
  1.75359E-02 -1.96020E+00 -4.21297E+00 -4.21505E+00  1.78495E+00
  1.75372E-02 -2.60249E+00 -4.10259E+00 -4.10466E+00  1.89534E+00
  1.75386E-02 -1.96014E+00 -3.99617E+00 -3.99824E+00  2.00176E+00
  1.75389E-02 -1.96014E+00 -4.06560E+00 -4.06768E+00  1.93232E+00
  1.75392E-02 -1.96013E+00 -4.12282E+00 -4.12489E+00  1.87511E+00
  1.75405E-02 -2.46357E+00 -4.08117E+00 -4.08325E+00  1.91675E+00
  1.75419E-02 -1.96008E+00 -4.04809E+00 -4.05016E+00  1.94984E+00
  1.75421E-02 -1.96007E+00 -4.09323E+00 -4.09531E+00  1.90469E+00
  1.75423E-02 -1.96007E+00 -4.13904E+00 -4.14111E+00  1.85889E+00
  1.75437E-02 -2.53273E+00 -4.07208E+00 -4.07415E+00  1.92585E+00
  1.75450E-02 -1.96001E+00 -3.99860E+00 -4.00067E+00  1.99933E+00
  1.75453E-02 -1.96001E+00 -4.05638E+00 -4.05846E+00  1.94154E+00
  1.75456E-02 -1.96000E+00 -4.12255E+00 -4.12463E+00  1.87537E+00
  1.75470E-02 -2.49769E+00 -4.05763E+00 -4.05971E+00  1.94029E+00
  1.75483E-02 -1.95995E+00 -3.99683E+00 -3.99891E+00  2.00109E+00
  1.75485E-02 -1.95994E+00 -4.04040E+00 -4.04247E+00  1.95753E+00
  1.75488E-02 -1.95994E+00 -4.09979E+00 -4.10187E+00  1.89813E+00
  1.75501E-02 -2.48047E+00 -4.04131E+00 -4.04339E+00  1.95661E+00
  1.75515E-02 -1.95988E+00 -3.97833E+00 -3.98040E+00  2.01960E+00
  1.75516E-02 -1.95988E+00 -3.99987E+00 -4.00195E+00  1.99805E+00
  1.75517E-02 -1.95988E+00 -4.01794E+00 -4.02002E+00  1.97998E+00
  1.75530E-02 -2.32237E+00 -4.01459E+00 -4.01666E+00  1.98334E+00
  1.75535E-02 -1.95984E+00 -4.00205E+00 -4.00412E+00  1.99588E+00
  1.75540E-02 -1.95983E+00 -3.97405E+00 -3.97613E+00  2.02387E+00
  1.75544E-02 -1.95982E+00 -3.95319E+00 -3.95527E+00  2.04473E+00
  1.75549E-02 -2.02188E+00 -3.99584E+00 -3.99791E+00  2.00209E+00
  1.75562E-02 -1.95979E+00 -4.06271E+00 -4.06479E+00  1.93521E+00
  1.75571E-02 -1.95977E+00 -4.13335E+00 -4.13542E+00  1.86458E+00
  1.75580E-02 -1.98217E+00 -4.19459E+00 -4.19667E+00  1.80333E+00
  1.75590E-02 -2.05899E+00 -4.24784E+00 -4.24991E+00  1.75009E+00
  1.75600E-02 -2.13879E+00 -4.23644E+00 -4.23851E+00  1.76149E+00
  1.75608E-02 -2.17987E+00 -4.21241E+00 -4.21448E+00  1.78552E+00
  1.75615E-02 -2.17989E+00 -4.18544E+00 -4.18751E+00  1.81249E+00
  1.75623E-02 -2.17991E+00 -4.16263E+00 -4.16470E+00  1.83530E+00
  1.75630E-02 -2.17992E+00 -4.15378E+00 -4.15586E+00  1.84414E+00
  1.75640E-02 -2.17995E+00 -4.14478E+00 -4.14686E+00  1.85314E+00
  1.75650E-02 -2.17997E+00 -4.13829E+00 -4.14037E+00  1.85963E+00
  1.75670E-02 -2.18002E+00 -4.12948E+00 -4.13155E+00  1.86845E+00
  1.75685E-02 -2.18005E+00 -4.12491E+00 -4.12699E+00  1.87301E+00
  1.75700E-02 -2.18009E+00 -4.12143E+00 -4.12351E+00  1.87649E+00
  1.75750E-02 -2.18021E+00 -4.11390E+00 -4.11597E+00  1.88403E+00
  1.75800E-02 -2.18033E+00 -4.10946E+00 -4.11154E+00  1.88846E+00
  1.75850E-02 -2.18045E+00 -4.10644E+00 -4.10852E+00  1.89148E+00
  1.75900E-02 -2.18057E+00 -4.10421E+00 -4.10629E+00  1.89371E+00
  1.76000E-02 -2.18080E+00 -4.10094E+00 -4.10302E+00  1.89698E+00
  1.76100E-02 -2.18104E+00 -4.09857E+00 -4.10064E+00  1.89936E+00
  1.76200E-02 -2.18128E+00 -4.09665E+00 -4.09872E+00  1.90128E+00
  1.76300E-02 -2.18152E+00 -4.09499E+00 -4.09706E+00  1.90294E+00
  1.76450E-02 -2.18187E+00 -4.09283E+00 -4.09491E+00  1.90509E+00
  1.76600E-02 -2.18223E+00 -4.09090E+00 -4.09298E+00  1.90702E+00
  1.77000E-02 -2.18318E+00 -4.08632E+00 -4.08839E+00  1.91161E+00
  1.77500E-02 -2.18436E+00 -4.08117E+00 -4.08325E+00  1.91675E+00
  1.78000E-02 -2.18554E+00 -4.07626E+00 -4.07834E+00  1.92166E+00
  1.78500E-02 -2.18671E+00 -4.07149E+00 -4.07356E+00  1.92644E+00
  1.79000E-02 -2.18789E+00 -4.06677E+00 -4.06885E+00  1.93115E+00
  1.79700E-02 -2.18953E+00 -4.06023E+00 -4.06230E+00  1.93770E+00
  1.80500E-02 -2.19140E+00 -4.05277E+00 -4.05484E+00  1.94516E+00
  1.82000E-02 -2.19489E+00 -4.03860E+00 -4.04068E+00  1.95932E+00
  1.83500E-02 -2.19776E+00 -4.02444E+00 -4.02651E+00  1.97349E+00
  1.85000E-02 -2.20063E+00 -4.01045E+00 -4.01253E+00  1.98747E+00
  1.88000E-02 -2.20630E+00 -3.98217E+00 -3.98424E+00  2.01576E+00
  1.91000E-02 -2.21073E+00 -3.95378E+00 -3.95585E+00  2.04415E+00
  1.94000E-02 -2.21515E+00 -3.92541E+00 -3.92749E+00  2.07251E+00
  1.97000E-02 -2.21868E+00 -3.89685E+00 -3.89892E+00  2.10108E+00
  2.00000E-02 -2.22173E+00 -3.86821E+00 -3.87029E+00  2.12971E+00
  2.07000E-02 -2.22639E+00 -3.80216E+00 -3.80423E+00  2.19577E+00
  2.15000E-02 -2.22837E+00 -3.72757E+00 -3.72964E+00  2.27036E+00
  2.23000E-02 -2.22700E+00 -3.65426E+00 -3.65633E+00  2.34367E+00
  2.30000E-02 -2.22323E+00 -3.59139E+00 -3.59347E+00  2.40653E+00
  2.35000E-02 -2.21918E+00 -3.54725E+00 -3.54933E+00  2.45067E+00
  2.40000E-02 -2.21411E+00 -3.50397E+00 -3.50605E+00  2.49395E+00
  2.45000E-02 -2.20806E+00 -3.46154E+00 -3.46362E+00  2.53638E+00
  2.50000E-02 -2.20114E+00 -3.41990E+00 -3.42198E+00  2.57802E+00
  2.58000E-02 -2.18841E+00 -3.35544E+00 -3.35751E+00  2.64249E+00
  2.65000E-02 -2.17575E+00 -3.30072E+00 -3.30280E+00  2.69720E+00
  2.73000E-02 -2.15967E+00 -3.24050E+00 -3.24257E+00  2.75743E+00
  2.80000E-02 -2.14440E+00 -3.18970E+00 -3.19177E+00  2.80823E+00
  2.90000E-02 -2.12097E+00 -3.12001E+00 -3.12208E+00  2.87792E+00
  3.00000E-02 -2.09587E+00 -3.05426E+00 -3.05634E+00  2.94366E+00
  3.08000E-02 -2.07444E+00 -3.00396E+00 -3.00603E+00  2.99397E+00
  3.15000E-02 -2.05568E+00 -2.96172E+00 -2.96380E+00  3.03620E+00
  3.23000E-02 -2.03307E+00 -2.91556E+00 -2.91764E+00  3.08236E+00
  3.30000E-02 -2.01329E+00 -2.87681E+00 -2.87888E+00  3.12112E+00
  3.40000E-02 -1.98424E+00 -2.82429E+00 -2.82636E+00  3.17364E+00
  3.50000E-02 -1.95481E+00 -2.77465E+00 -2.77672E+00  3.22328E+00
  3.57000E-02 -1.93399E+00 -2.74172E+00 -2.74379E+00  3.25621E+00
  3.65000E-02 -1.91020E+00 -2.70574E+00 -2.70782E+00  3.29218E+00
  3.73000E-02 -1.88642E+00 -2.67140E+00 -2.67347E+00  3.32653E+00
  3.80000E-02 -1.86560E+00 -2.64268E+00 -2.64476E+00  3.35524E+00
  3.90000E-02 -1.83601E+00 -2.60354E+00 -2.60561E+00  3.39439E+00
  4.00000E-02 -1.80642E+00 -2.56673E+00 -2.56880E+00  3.43120E+00
  4.15000E-02 -1.76321E+00 -2.51572E+00 -2.51779E+00  3.48221E+00
  4.30000E-02 -1.72000E+00 -2.46910E+00 -2.47117E+00  3.52883E+00
  4.40000E-02 -1.69229E+00 -2.44015E+00 -2.44222E+00  3.55778E+00
  4.50000E-02 -1.66457E+00 -2.41278E+00 -2.41485E+00  3.58515E+00
  4.65000E-02 -1.62376E+00 -2.37517E+00 -2.37724E+00  3.62276E+00
  4.80000E-02 -1.58519E+00 -2.34067E+00 -2.34274E+00  3.65726E+00
  4.90000E-02 -1.55961E+00 -2.31907E+00 -2.32114E+00  3.67886E+00
  5.00000E-02 -1.53494E+00 -2.29872E+00 -2.30080E+00  3.69920E+00
  5.10000E-02 -1.51034E+00 -2.27955E+00 -2.28162E+00  3.71838E+00
  5.20000E-02 -1.48659E+00 -2.26167E+00 -2.26374E+00  3.73626E+00
  5.32000E-02 -1.45922E+00 -2.24115E+00 -2.24322E+00  3.75678E+00
  5.43000E-02 -1.43413E+00 -2.22361E+00 -2.22568E+00  3.77432E+00
  5.57000E-02 -1.40333E+00 -2.20263E+00 -2.20470E+00  3.79530E+00
  5.70000E-02 -1.37564E+00 -2.18488E+00 -2.18695E+00  3.81305E+00
  5.85000E-02 -1.34488E+00 -2.16564E+00 -2.16772E+00  3.83228E+00
  6.00000E-02 -1.31512E+00 -2.14797E+00 -2.15004E+00  3.84996E+00
  6.30000E-02 -1.25849E+00 -2.11677E+00 -2.11884E+00  3.88116E+00
  6.50000E-02 -1.22279E+00 -2.09849E+00 -2.10056E+00  3.89944E+00
  6.80000E-02 -1.17207E+00 -2.07477E+00 -2.07684E+00  3.92316E+00
  7.00000E-02 -1.14006E+00 -2.06095E+00 -2.06303E+00  3.93697E+00
  7.30000E-02 -1.09455E+00 -2.04314E+00 -2.04522E+00  3.95478E+00
  7.50000E-02 -1.06575E+00 -2.03283E+00 -2.03491E+00  3.96509E+00
  7.80000E-02 -1.02465E+00 -2.01975E+00 -2.02182E+00  3.97818E+00
  8.00000E-02 -9.98646E-01 -2.01230E+00 -2.01437E+00  3.98563E+00
  8.30000E-02 -9.61272E-01 -2.00320E+00 -2.00527E+00  3.99473E+00
  8.50000E-02 -9.37847E-01 -1.99819E+00 -2.00026E+00  3.99974E+00
  8.80000E-02 -9.03882E-01 -1.99229E+00 -1.99436E+00  4.00564E+00
  9.00000E-02 -8.82535E-01 -1.98930E+00 -1.99138E+00  4.00862E+00
  9.30000E-02 -8.51641E-01 -1.98670E+00 -1.98877E+00  4.01123E+00
  9.50000E-02 -8.32174E-01 -1.98497E+00 -1.98704E+00  4.01296E+00
  9.80000E-02 -8.04073E-01 -1.98458E+00 -1.98665E+00  4.01335E+00
  1.00000E-01 -7.86138E-01 -1.98435E+00 -1.98642E+00  4.01358E+00
  1.02000E-01 -7.68654E-01 -1.98546E+00 -1.98753E+00  4.01247E+00
  1.04000E-01 -7.51888E-01 -1.98659E+00 -1.98866E+00  4.01134E+00
  1.06000E-01 -7.35797E-01 -1.98851E+00 -1.99059E+00  4.00941E+00
  1.07300E-01 -7.25681E-01 -1.99000E+00 -1.99208E+00  4.00792E+00
  1.08500E-01 -7.16491E-01 -1.99138E+00 -1.99346E+00  4.00654E+00
  1.11000E-01 -6.97800E-01 -1.99546E+00 -1.99754E+00  4.00246E+00
  1.14000E-01 -6.76538E-01 -2.00043E+00 -2.00251E+00  3.99749E+00
  1.17000E-01 -6.56207E-01 -2.00688E+00 -2.00896E+00  3.99104E+00
  1.19000E-01 -6.43192E-01 -2.01124E+00 -2.01332E+00  3.98668E+00
  1.22000E-01 -6.24540E-01 -2.01914E+00 -2.02121E+00  3.97879E+00
  1.24000E-01 -6.12462E-01 -2.02447E+00 -2.02654E+00  3.97346E+00
  1.27000E-01 -5.95129E-01 -2.03389E+00 -2.03596E+00  3.96404E+00
  1.30000E-01 -5.78674E-01 -2.04345E+00 -2.04552E+00  3.95448E+00
  1.33000E-01 -5.62853E-01 -2.05430E+00 -2.05637E+00  3.94363E+00
  1.35000E-01 -5.52737E-01 -2.06161E+00 -2.06369E+00  3.93631E+00
  1.38000E-01 -5.38047E-01 -2.07374E+00 -2.07581E+00  3.92419E+00
  1.40000E-01 -5.28642E-01 -2.08192E+00 -2.08399E+00  3.91601E+00
  1.43000E-01 -5.14913E-01 -2.09539E+00 -2.09746E+00  3.90254E+00
  1.45000E-01 -5.06113E-01 -2.10447E+00 -2.10654E+00  3.89346E+00
  1.47000E-01 -4.97581E-01 -2.11428E+00 -2.11636E+00  3.88364E+00
  1.49789E-01 -4.86109E-01 -2.12814E+00 -2.13022E+00  3.86978E+00
  1.50000E-01 -4.85261E-01 -2.12921E+00 -2.13129E+00  3.86871E+00
  1.53000E-01 -4.73344E-01 -2.14535E+00 -2.14743E+00  3.85257E+00
  1.55000E-01 -4.65688E-01 -2.15624E+00 -2.15832E+00  3.84168E+00
  1.58000E-01 -4.54613E-01 -2.17377E+00 -2.17585E+00  3.82415E+00
  1.60000E-01 -4.47400E-01 -2.18562E+00 -2.18770E+00  3.81230E+00
  1.63000E-01 -4.36956E-01 -2.20468E+00 -2.20676E+00  3.79324E+00
  1.65000E-01 -4.30233E-01 -2.21757E+00 -2.21965E+00  3.78035E+00
  1.68000E-01 -4.20397E-01 -2.23827E+00 -2.24035E+00  3.75965E+00
  1.70000E-01 -4.14060E-01 -2.25227E+00 -2.25434E+00  3.74566E+00
  1.74000E-01 -4.01831E-01 -2.28213E+00 -2.28421E+00  3.71579E+00
  1.77000E-01 -3.93037E-01 -2.30588E+00 -2.30795E+00  3.69205E+00
  1.80000E-01 -3.84577E-01 -2.33124E+00 -2.33332E+00  3.66668E+00
  1.83300E-01 -3.75526E-01 -2.35972E+00 -2.36180E+00  3.63820E+00
  1.86000E-01 -3.68395E-01 -2.38489E+00 -2.38697E+00  3.61303E+00
  1.88000E-01 -3.63265E-01 -2.40385E+00 -2.40593E+00  3.59407E+00
  1.92000E-01 -3.53317E-01 -2.44430E+00 -2.44637E+00  3.55363E+00
  1.96000E-01 -3.43781E-01 -2.48783E+00 -2.48991E+00  3.51009E+00
  1.98000E-01 -3.39180E-01 -2.51082E+00 -2.51290E+00  3.48710E+00
  2.00000E-01 -3.34687E-01 -2.53467E+00 -2.53674E+00  3.46326E+00
  2.05000E-01 -3.23765E-01 -2.59851E+00 -2.60059E+00  3.39941E+00
  2.10000E-01 -3.13451E-01 -2.66914E+00 -2.67122E+00  3.32878E+00
  2.15000E-01 -3.03696E-01 -2.74763E+00 -2.74970E+00  3.25030E+00
  2.20000E-01 -2.94322E-01 -2.83552E+00 -2.83760E+00  3.16240E+00
  2.23000E-01 -2.88993E-01 -2.89359E+00 -2.89566E+00  3.10434E+00
  2.25000E-01 -2.85440E-01 -2.93481E+00 -2.93688E+00  3.06312E+00
  2.28000E-01 -2.80383E-01 -3.00089E+00 -3.00296E+00  2.99704E+00
  2.30000E-01 -2.77011E-01 -3.04803E+00 -3.05011E+00  2.94989E+00
  2.33000E-01 -2.72172E-01 -3.12408E+00 -3.12615E+00  2.87385E+00
  2.35000E-01 -2.68946E-01 -3.17877E+00 -3.18085E+00  2.81915E+00
  2.38000E-01 -2.64346E-01 -3.26758E+00 -3.26965E+00  2.73035E+00
  2.40000E-01 -2.61279E-01 -3.33198E+00 -3.33405E+00  2.66595E+00
  2.42000E-01 -2.58340E-01 -3.40113E+00 -3.40320E+00  2.59680E+00
  2.45000E-01 -2.53931E-01 -3.51518E+00 -3.51725E+00  2.48275E+00
  2.48000E-01 -2.49732E-01 -3.64399E+00 -3.64607E+00  2.35393E+00
  2.50000E-01 -2.46933E-01 -3.73980E+00 -3.74188E+00  2.25812E+00
  2.53000E-01 -2.42912E-01 -3.90189E+00 -3.90396E+00  2.09604E+00
  2.55000E-01 -2.40232E-01 -4.02488E+00 -4.02695E+00  1.97305E+00
  2.58000E-01 -2.36396E-01 -4.23817E+00 -4.24025E+00  1.75975E+00
  2.60000E-01 -2.33838E-01 -4.40488E+00 -4.40695E+00  1.59305E+00
  2.62000E-01 -2.31384E-01 -4.59712E+00 -4.59919E+00  1.40081E+00
  2.64000E-01 -2.28930E-01 -4.82242E+00 -4.82449E+00  1.17551E+00
  2.66000E-01 -2.26564E-01 -5.09177E+00 -5.09385E+00  9.06146E-01
  2.67000E-01 -2.25380E-01 -5.24793E+00 -5.25001E+00  7.49991E-01
  2.68000E-01 -2.24197E-01 -5.42211E+00 -5.42419E+00  5.75813E-01
  2.69500E-01 -2.22485E-01 -5.72583E+00 -5.72790E+00  2.72099E-01
  2.71000E-01 -2.20773E-01 -6.09750E+00 -6.09958E+00 -9.95779E-02
  2.72000E-01 -2.19632E-01 -6.39703E+00 -6.39910E+00 -3.99101E-01
  2.73000E-01 -2.18491E-01 -6.75303E+00 -6.75511E+00 -7.55110E-01
  2.74000E-01 -2.17391E-01 -7.18543E+00 -7.18751E+00 -1.18751E+00
  2.75000E-01 -2.16291E-01 -7.72529E+00 -7.72737E+00 -1.72737E+00
  2.76000E-01 -2.15191E-01 -8.42391E+00 -8.42598E+00 -2.42598E+00
  2.77000E-01 -2.14091E-01 -9.37280E+00 -9.37487E+00 -3.37487E+00
  2.77400E-01 -2.13661E-01 -9.85780E+00 -9.85987E+00 -3.85987E+00
  2.77700E-01 -2.13339E-01 -1.02763E+01 -1.02784E+01 -4.27839E+00
  2.78500E-01 -2.12480E-01 -1.17178E+01 -1.17198E+01 -5.71985E+00
  2.79200E-01 -2.11738E-01 -1.36109E+01 -1.36130E+01 -7.61297E+00
  2.80000E-01 -2.10890E-01 -1.73069E+01 -1.73090E+01 -1.13090E+01
  2.80500E-01 -2.10368E-01 -2.15266E+01 -2.15287E+01 -1.55287E+01
  2.81000E-01 -2.09846E-01 -2.97783E+01 -2.97804E+01 -2.37804E+01
  2.81500E-01 -2.09324E-01 -5.34922E+01 -5.34943E+01 -4.74943E+01
  2.82022E-01 -2.08779E-01 -3.68924E+03 -3.68924E+03 -3.68324E+03
  2.82025E-01 -6.07130E+03 -1.94316E+03 -1.94317E+03 -1.93717E+03
  2.82028E-01 -1.21424E+04 -1.96999E+02 -1.97001E+02 -1.91001E+02
  2.82035E-01 -2.08765E-01  3.84290E+03  3.84290E+03  3.84890E+03
  2.82500E-01 -2.08290E-01  4.92864E+01  4.92844E+01  5.52844E+01
  2.83000E-01 -2.07780E-01  2.11614E+01  2.11593E+01  2.71593E+01
  2.83500E-01 -2.07269E-01  1.20477E+01  1.20457E+01  1.80457E+01
  2.84000E-01 -2.06759E-01  7.46683E+00  7.46476E+00  1.34648E+01
  2.84400E-01 -2.06350E-01  5.12774E+00  5.12567E+00  1.11257E+01
  2.84700E-01 -2.06044E-01  3.79249E+00  3.79041E+00  9.79041E+00
  2.85000E-01 -2.05738E-01  2.68968E+00  2.68760E+00  8.68760E+00
  2.85330E-01 -2.05401E-01  1.66184E+00  1.65976E+00  7.65976E+00
  2.85800E-01 -2.04934E-01  4.14727E-01  4.12647E-01  6.41265E+00
  2.86200E-01 -2.04537E-01 -5.31827E-01 -5.33897E-01  5.46610E+00
  2.86600E-01 -2.04140E-01 -1.44450E+00 -1.44658E+00  4.55342E+00
  2.86800E-01 -2.03941E-01 -1.91137E+00 -1.91344E+00  4.08656E+00
  2.87000E-01 -2.03743E-01 -2.40174E+00 -2.40381E+00  3.59619E+00
  2.87200E-01 -2.03544E-01 -2.93382E+00 -2.93590E+00  3.06410E+00
  2.87400E-01 -2.03345E-01 -3.53548E+00 -3.53755E+00  2.46245E+00
  2.87600E-01 -2.03147E-01 -4.25375E+00 -4.25583E+00  1.74417E+00
  2.87800E-01 -2.02948E-01 -5.17795E+00 -5.18002E+00  8.19975E-01
  2.88000E-01 -2.02750E-01 -6.50646E+00 -6.50853E+00 -5.08527E-01
  2.88200E-01 -2.02551E-01 -8.79831E+00 -8.80039E+00 -2.80039E+00
  2.88400E-01 -2.02352E-01 -1.45303E+01 -1.45324E+01 -8.53237E+00
  2.88624E-01 -2.02130E-01 -3.86895E+02 -3.86897E+02 -3.80897E+02
  2.88628E-01 -7.11904E+02 -1.78944E+02 -1.78946E+02 -1.72946E+02
  2.88631E-01 -1.24568E+03 -3.34004E+00 -3.34212E+00  2.65788E+00
  2.88638E-01 -2.02117E-01  3.80215E+02  3.80213E+02  3.86213E+02
  2.88770E-01 -2.01988E-01  1.56821E+01  1.56801E+01  2.16801E+01
  2.88900E-01 -2.01861E-01  6.03753E+00  6.03545E+00  1.20355E+01
  2.89100E-01 -2.01665E-01  1.20282E+00  1.20075E+00  7.20075E+00
  2.89235E-01 -2.01533E-01 -5.85300E-01 -5.87370E-01  5.41263E+00
  2.89370E-01 -2.01402E-01 -2.08526E+00 -2.08733E+00  3.91267E+00
  2.89430E-01 -2.01344E-01 -2.76432E+00 -2.76639E+00  3.23361E+00
  2.89500E-01 -2.01276E-01 -3.64365E+00 -3.64573E+00  2.35427E+00
  2.89600E-01 -2.01178E-01 -5.31142E+00 -5.31349E+00  6.86507E-01
  2.89700E-01 -2.01081E-01 -8.52628E+00 -8.52836E+00 -2.52836E+00
  2.89770E-01 -2.01013E-01 -1.53134E+01 -1.53154E+01 -9.31544E+00
  2.89833E-01 -2.00952E-01 -1.30832E+02 -1.30834E+02 -1.24834E+02
  2.89840E-01 -4.14173E+02 -2.92827E+00 -2.93034E+00  3.06966E+00
  2.89847E-01 -2.00939E-01  1.24975E+02  1.24973E+02  1.30973E+02
  2.89900E-01 -2.00888E-01  1.16178E+01  1.16157E+01  1.76157E+01
  2.89960E-01 -2.00829E-01  3.72646E+00  3.72438E+00  9.72438E+00
  2.90020E-01 -2.00771E-01  7.33391E-01  7.31311E-01  6.73131E+00
  2.90077E-01 -2.00716E-01 -1.06772E+00 -1.06979E+00  4.93021E+00
  2.90130E-01 -2.00665E-01 -2.52453E+00 -2.52661E+00  3.47339E+00
  2.90190E-01 -2.00606E-01 -4.46513E+00 -4.46720E+00  1.53280E+00
  2.90250E-01 -2.00548E-01 -8.31452E+00 -8.31659E+00 -2.31659E+00
  2.90307E-01 -2.00493E-01 -6.09123E+01 -6.09144E+01 -5.49144E+01
  2.90314E-01 -1.88401E+02 -2.75571E+00 -2.75779E+00  3.24221E+00
  2.90321E-01 -2.00480E-01  5.53995E+01  5.53974E+01  6.13974E+01
  2.90380E-01 -2.00423E-01  2.44957E+00  2.44750E+00  8.44750E+00
  2.90431E-01 -2.00373E-01 -1.29480E+00 -1.29687E+00  4.70313E+00
  2.90490E-01 -2.00316E-01 -4.96217E+00 -4.96424E+00  1.03576E+00
  2.90542E-01 -2.00266E-01 -3.38495E+01 -3.38515E+01 -2.78515E+01
  2.90549E-01 -1.01464E+02 -2.65605E+00 -2.65812E+00  3.34188E+00
  2.90556E-01 -2.00253E-01  2.85334E+01  2.85314E+01  3.45314E+01
  2.90590E-01 -2.00220E-01  1.57065E+00  1.56858E+00  7.56858E+00
  2.90615E-01 -2.00196E-01 -1.42089E+00 -1.42297E+00  4.57703E+00
  2.90650E-01 -2.00162E-01 -5.38457E+00 -5.38664E+00  6.13360E-01
  2.90675E-01 -2.00138E-01 -2.10844E+01 -2.10865E+01 -1.50865E+01
  2.90682E-01 -6.08863E+01 -2.56267E+00 -2.56474E+00  3.43526E+00
  2.90689E-01 -2.00125E-01  1.59501E+01  1.59480E+01  2.19480E+01
  2.90710E-01 -2.00105E-01  8.46116E-01  8.44036E-01  6.84404E+00
  2.90723E-01 -2.00092E-01 -1.48499E+00 -1.48706E+00  4.51294E+00
  2.90740E-01 -2.00075E-01 -4.30323E+00 -4.30530E+00  1.69470E+00
  2.90758E-01 -2.00058E-01 -1.42108E+01 -1.42128E+01 -8.21284E+00
  2.90765E-01 -3.94171E+01 -2.48657E+00 -2.48864E+00  3.51136E+00
  2.90772E-01 -2.00045E-01  9.22021E+00  9.21813E+00  1.52181E+01
  2.90793E-01 -2.00025E-01 -1.66074E+00 -1.66281E+00  4.33719E+00
  2.90814E-01 -2.00004E-01 -1.01881E+01 -1.01902E+01 -4.19021E+00
  2.90821E-01 -2.69996E+01 -2.51301E+00 -2.51509E+00  3.48491E+00
  2.90828E-01 -1.99991E-01  5.11953E+00  5.11745E+00  1.11175E+01
  2.90840E-01 -1.99980E-01 -1.69052E+00 -1.69259E+00  4.30741E+00
  2.90852E-01 -1.99968E-01 -7.40678E+00 -7.40886E+00 -1.40886E+00
  2.90859E-01 -1.93201E+01 -2.38217E+00 -2.38424E+00  3.61576E+00
  2.90866E-01 -1.99955E-01  2.58041E+00  2.57833E+00  8.57833E+00
  2.90873E-01 -1.99948E-01 -1.69437E+00 -1.69645E+00  4.30355E+00
  2.90880E-01 -1.99941E-01 -5.48697E+00 -5.48904E+00  5.10962E-01
  2.90887E-01 -1.43171E+01 -2.33330E+00 -2.33537E+00  3.66463E+00
  2.90894E-01 -1.99928E-01  7.07288E-01  7.05218E-01  6.70522E+00
  2.90897E-01 -1.99924E-01 -1.38858E+00 -1.39066E+00  4.60934E+00
  2.90901E-01 -1.99921E-01 -3.90822E+00 -3.91029E+00  2.08971E+00
  2.90908E-01 -1.09186E+01 -2.17751E+00 -2.17958E+00  3.82042E+00
  2.90915E-01 -1.99908E-01 -4.26730E-01 -4.28800E-01  5.57120E+00
  2.90919E-01 -1.99904E-01 -2.89307E+00 -2.89515E+00  3.10485E+00
  2.90923E-01 -1.99900E-01 -5.58099E+00 -5.58307E+00  4.16928E-01
  2.90930E-01 -1.51302E+01 -2.01066E+00 -2.01274E+00  3.98726E+00
  2.90937E-01 -1.99887E-01  9.40310E-01  9.38210E-01  6.93821E+00
  2.90940E-01 -1.99883E-01 -1.15059E+00 -1.15269E+00  4.84731E+00
  2.90944E-01 -1.99880E-01 -3.49213E+00 -3.49423E+00  2.50577E+00
  2.90951E-01 -9.86878E+00 -2.02820E+00 -2.03030E+00  3.96970E+00
  2.90957E-01 -1.99867E-01 -9.34544E-01 -9.36644E-01  5.06336E+00
  2.90959E-01 -1.99865E-01 -2.07576E+00 -2.07786E+00  3.92214E+00
  2.90960E-01 -1.99864E-01 -2.83784E+00 -2.83994E+00  3.16006E+00
  2.90967E-01 -9.36827E+00 -1.99209E+00 -1.99409E+00  4.00591E+00
  2.90974E-01 -1.99851E-01 -1.05324E+00 -1.05534E+00  4.94466E+00
  2.90975E-01 -1.99850E-01 -1.80408E+00 -1.80618E+00  4.19382E+00
  2.90976E-01 -1.99849E-01 -2.54316E+00 -2.54526E+00  3.45474E+00
  2.90983E-01 -8.49658E+00 -2.17738E+00 -2.17948E+00  3.82052E+00
  2.90990E-01 -1.99836E-01 -1.80448E+00 -1.80658E+00  4.19342E+00
  2.90994E-01 -5.18304E+00 -2.04880E+00 -2.05080E+00  3.94920E+00
  2.90997E-01 -8.92045E+00 -1.65363E+00 -1.65573E+00  4.34427E+00
  2.90998E-01 -4.56014E+00 -1.50554E+00 -1.50764E+00  4.49236E+00
  2.90999E-01 -1.99827E-01 -1.35815E+00 -1.36025E+00  4.63975E+00
  2.91002E-01 -1.99824E-01 -4.85056E-01 -4.87156E-01  5.51284E+00
  2.91004E-01 -1.99822E-01  4.75050E-02  4.54050E-02  6.04540E+00
  2.91006E-01 -1.83750E+00 -7.92624E-01 -7.94724E-01  5.20528E+00
  2.91013E-01 -6.68413E-01 -2.89503E+00 -2.89703E+00  3.10297E+00
  2.91019E-01 -2.27796E+00 -4.16525E+00 -4.16725E+00  1.83275E+00
  2.91022E-01 -4.19349E+00 -4.22917E+00 -4.23127E+00  1.76873E+00
  2.91026E-01 -4.19328E+00 -3.92150E+00 -3.92360E+00  2.07640E+00
  2.91029E-01 -4.19313E+00 -3.23118E+00 -3.23328E+00  2.76672E+00
  2.91033E-01 -4.19292E+00 -3.02802E+00 -3.03002E+00  2.96998E+00
  2.91037E-01 -4.19271E+00 -2.90035E+00 -2.90245E+00  3.09755E+00
  2.91040E-01 -4.19256E+00 -2.83057E+00 -2.83267E+00  3.16733E+00
  2.91043E-01 -4.19241E+00 -2.77554E+00 -2.77764E+00  3.22236E+00
  2.91045E-01 -4.19231E+00 -2.74544E+00 -2.74754E+00  3.25246E+00
  2.91050E-01 -4.19205E+00 -2.68535E+00 -2.68745E+00  3.31255E+00
  2.91055E-01 -4.19179E+00 -2.63893E+00 -2.64103E+00  3.35897E+00
  2.91060E-01 -4.19154E+00 -2.60240E+00 -2.60450E+00  3.39550E+00
  2.91065E-01 -4.19128E+00 -2.57304E+00 -2.57514E+00  3.42486E+00
  2.91070E-01 -4.19103E+00 -2.54963E+00 -2.55173E+00  3.44827E+00
  2.91075E-01 -4.19078E+00 -2.52930E+00 -2.53140E+00  3.46860E+00
  2.91080E-01 -4.19052E+00 -2.51200E+00 -2.51410E+00  3.48590E+00
  2.91087E-01 -4.19016E+00 -2.49183E+00 -2.49393E+00  3.50607E+00
  2.91095E-01 -4.18975E+00 -2.47314E+00 -2.47524E+00  3.52476E+00
  2.91102E-01 -4.18940E+00 -2.45932E+00 -2.46139E+00  3.53861E+00
  2.91110E-01 -4.18899E+00 -2.44613E+00 -2.44820E+00  3.55180E+00
  2.91115E-01 -4.18873E+00 -2.43875E+00 -2.44082E+00  3.55918E+00
  2.91120E-01 -4.18848E+00 -2.43201E+00 -2.43408E+00  3.56592E+00
  2.91130E-01 -4.18797E+00 -2.42023E+00 -2.42230E+00  3.57770E+00
  2.91140E-01 -4.18745E+00 -2.41059E+00 -2.41266E+00  3.58734E+00
  2.91150E-01 -4.18694E+00 -2.40193E+00 -2.40401E+00  3.59599E+00
  2.91160E-01 -4.18643E+00 -2.39472E+00 -2.39679E+00  3.60321E+00
  2.91170E-01 -4.18592E+00 -2.38812E+00 -2.39020E+00  3.60980E+00
  2.91185E-01 -4.18515E+00 -2.37982E+00 -2.38190E+00  3.61810E+00
  2.91200E-01 -4.18439E+00 -2.37277E+00 -2.37484E+00  3.62516E+00
  2.91210E-01 -4.18388E+00 -2.36847E+00 -2.37055E+00  3.62945E+00
  2.91220E-01 -4.18337E+00 -2.36477E+00 -2.36685E+00  3.63315E+00
  2.91250E-01 -4.18184E+00 -2.35501E+00 -2.35708E+00  3.64292E+00
  2.91270E-01 -4.18083E+00 -2.34969E+00 -2.35176E+00  3.64824E+00
  2.91300E-01 -4.17930E+00 -2.34289E+00 -2.34496E+00  3.65504E+00
  2.91330E-01 -4.17777E+00 -2.33732E+00 -2.33940E+00  3.66060E+00
  2.91350E-01 -4.17675E+00 -2.33389E+00 -2.33597E+00  3.66403E+00
  2.91370E-01 -4.17574E+00 -2.33091E+00 -2.33299E+00  3.66701E+00
  2.91400E-01 -4.17421E+00 -2.32694E+00 -2.32902E+00  3.67098E+00
  2.91420E-01 -4.17319E+00 -2.32453E+00 -2.32660E+00  3.67340E+00
  2.91450E-01 -4.17167E+00 -2.32117E+00 -2.32325E+00  3.67675E+00
  2.91470E-01 -4.17065E+00 -2.31915E+00 -2.32122E+00  3.67878E+00
  2.91500E-01 -4.16913E+00 -2.31629E+00 -2.31836E+00  3.68164E+00
  2.91550E-01 -4.16659E+00 -2.31214E+00 -2.31421E+00  3.68579E+00
  2.91600E-01 -4.16405E+00 -2.30840E+00 -2.31047E+00  3.68953E+00
  2.91650E-01 -4.16152E+00 -2.30505E+00 -2.30712E+00  3.69288E+00
  2.91700E-01 -4.15899E+00 -2.30201E+00 -2.30409E+00  3.69591E+00
  2.91750E-01 -4.15646E+00 -2.29926E+00 -2.30133E+00  3.69867E+00
  2.91800E-01 -4.15393E+00 -2.29667E+00 -2.29875E+00  3.70125E+00
  2.91830E-01 -4.15242E+00 -2.29518E+00 -2.29726E+00  3.70274E+00
  2.91870E-01 -4.15040E+00 -2.29332E+00 -2.29540E+00  3.70460E+00
  2.91950E-01 -4.14637E+00 -2.28985E+00 -2.29193E+00  3.70807E+00
  2.92020E-01 -4.14284E+00 -2.28704E+00 -2.28911E+00  3.71089E+00
  2.92100E-01 -4.13881E+00 -2.28408E+00 -2.28615E+00  3.71385E+00
  2.92200E-01 -4.13380E+00 -2.28061E+00 -2.28268E+00  3.71732E+00
  2.92300E-01 -4.12878E+00 -2.27746E+00 -2.27954E+00  3.72046E+00
  2.92400E-01 -4.12377E+00 -2.27458E+00 -2.27666E+00  3.72334E+00
  2.92500E-01 -4.11875E+00 -2.27209E+00 -2.27417E+00  3.72583E+00
  2.92570E-01 -4.11563E+00 -2.27046E+00 -2.27253E+00  3.72747E+00
  2.92650E-01 -4.11207E+00 -2.26851E+00 -2.27059E+00  3.72941E+00
  2.92800E-01 -4.10538E+00 -2.26484E+00 -2.26692E+00  3.73308E+00
  2.92900E-01 -4.10093E+00 -2.26242E+00 -2.26450E+00  3.73550E+00
  2.93000E-01 -4.09647E+00 -2.26007E+00 -2.26215E+00  3.73785E+00
  2.93100E-01 -4.09202E+00 -2.25776E+00 -2.25984E+00  3.74016E+00
  2.93200E-01 -4.08756E+00 -2.25552E+00 -2.25759E+00  3.74241E+00
  2.93400E-01 -4.07874E+00 -2.25116E+00 -2.25323E+00  3.74677E+00
  2.93600E-01 -4.06992E+00 -2.24703E+00 -2.24911E+00  3.75089E+00
  2.93800E-01 -4.06111E+00 -2.24317E+00 -2.24524E+00  3.75476E+00
  2.94000E-01 -4.05229E+00 -2.23980E+00 -2.24187E+00  3.75813E+00
  2.94100E-01 -4.04836E+00 -2.23825E+00 -2.24032E+00  3.75968E+00
  2.94200E-01 -4.04442E+00 -2.23654E+00 -2.23861E+00  3.76139E+00
  2.94500E-01 -4.03261E+00 -2.23129E+00 -2.23336E+00  3.76664E+00
  2.94700E-01 -4.02474E+00 -2.22782E+00 -2.22990E+00  3.77010E+00
  2.95000E-01 -4.01294E+00 -2.22301E+00 -2.22509E+00  3.77491E+00
  2.95200E-01 -4.00576E+00 -2.21992E+00 -2.22199E+00  3.77801E+00
  2.95500E-01 -3.99500E+00 -2.21496E+00 -2.21703E+00  3.78297E+00
  2.95700E-01 -3.98782E+00 -2.21166E+00 -2.21373E+00  3.78627E+00
  2.96000E-01 -3.97706E+00 -2.20703E+00 -2.20910E+00  3.79090E+00
  2.96300E-01 -3.96725E+00 -2.20243E+00 -2.20451E+00  3.79549E+00
  2.96500E-01 -3.96071E+00 -2.19921E+00 -2.20129E+00  3.79871E+00
  2.96700E-01 -3.95417E+00 -2.19600E+00 -2.19807E+00  3.80193E+00
  2.97000E-01 -3.94436E+00 -2.19153E+00 -2.19360E+00  3.80640E+00
  2.97500E-01 -3.92969E+00 -2.18382E+00 -2.18590E+00  3.81410E+00
  2.98000E-01 -3.91502E+00 -2.17608E+00 -2.17816E+00  3.82184E+00
  2.98500E-01 -3.90191E+00 -2.16826E+00 -2.17033E+00  3.82967E+00
  2.99000E-01 -3.88879E+00 -2.16024E+00 -2.16232E+00  3.83768E+00
  2.99500E-01 -3.87672E+00 -2.15229E+00 -2.15436E+00  3.84564E+00
  2.99700E-01 -3.87215E+00 -2.14907E+00 -2.15114E+00  3.84886E+00
  2.99850E-01 -3.86873E+00 -2.14659E+00 -2.14867E+00  3.85133E+00
  3.00000E-01 -3.86530E+00 -2.14422E+00 -2.14630E+00  3.85370E+00
  3.00700E-01 -3.85086E+00 -2.13214E+00 -2.13421E+00  3.86579E+00
  3.01500E-01 -3.83435E+00 -2.11800E+00 -2.12007E+00  3.87993E+00
  3.02200E-01 -3.82193E+00 -2.10541E+00 -2.10749E+00  3.89251E+00
  3.03000E-01 -3.80774E+00 -2.09048E+00 -2.09256E+00  3.90744E+00
  3.03500E-01 -3.79989E+00 -2.08116E+00 -2.08323E+00  3.91677E+00
  3.04000E-01 -3.79204E+00 -2.07164E+00 -2.07372E+00  3.92628E+00
  3.04500E-01 -3.78491E+00 -2.06202E+00 -2.06409E+00  3.93591E+00
  3.05000E-01 -3.77779E+00 -2.05235E+00 -2.05442E+00  3.94558E+00
  3.05700E-01 -3.76941E+00 -2.03830E+00 -2.04038E+00  3.95962E+00
  3.06500E-01 -3.75983E+00 -2.02122E+00 -2.02330E+00  3.97670E+00
  3.07300E-01 -3.75026E+00 -2.00386E+00 -2.00593E+00  3.99407E+00
  3.08000E-01 -3.74188E+00 -1.98900E+00 -1.99108E+00  4.00892E+00
  3.09000E-01 -3.73205E+00 -1.96738E+00 -1.96945E+00  4.03055E+00
  3.10000E-01 -3.72221E+00 -1.94517E+00 -1.94724E+00  4.05276E+00
  3.11500E-01 -3.70956E+00 -1.91079E+00 -1.91287E+00  4.08713E+00
  3.13000E-01 -3.69691E+00 -1.87550E+00 -1.87758E+00  4.12242E+00
  3.14000E-01 -3.68931E+00 -1.85173E+00 -1.85380E+00  4.14620E+00
  3.15000E-01 -3.68171E+00 -1.82756E+00 -1.82963E+00  4.17037E+00
  3.16500E-01 -3.67093E+00 -1.79079E+00 -1.79286E+00  4.20714E+00
  3.18000E-01 -3.66015E+00 -1.75350E+00 -1.75557E+00  4.24443E+00
  3.19000E-01 -3.65296E+00 -1.72844E+00 -1.73052E+00  4.26948E+00
  3.20000E-01 -3.64577E+00 -1.70316E+00 -1.70524E+00  4.29476E+00
  3.22000E-01 -3.63096E+00 -1.65259E+00 -1.65466E+00  4.34534E+00
  3.24000E-01 -3.61615E+00 -1.60176E+00 -1.60384E+00  4.39616E+00
  3.26000E-01 -3.60010E+00 -1.55108E+00 -1.55315E+00  4.44685E+00
  3.28000E-01 -3.58405E+00 -1.50059E+00 -1.50266E+00  4.49734E+00
  3.30000E-01 -3.56634E+00 -1.45061E+00 -1.45269E+00  4.54731E+00
  3.32000E-01 -3.54863E+00 -1.40132E+00 -1.40340E+00  4.59660E+00
  3.33500E-01 -3.53423E+00 -1.36470E+00 -1.36677E+00  4.63323E+00
  3.35000E-01 -3.51983E+00 -1.32857E+00 -1.33065E+00  4.66935E+00
  3.37000E-01 -3.49922E+00 -1.28148E+00 -1.28355E+00  4.71645E+00
  3.39000E-01 -3.47861E+00 -1.23540E+00 -1.23748E+00  4.76252E+00
  3.41000E-01 -3.45660E+00 -1.19045E+00 -1.19252E+00  4.80748E+00
  3.43000E-01 -3.43458E+00 -1.14673E+00 -1.14880E+00  4.85120E+00
  3.45000E-01 -3.41144E+00 -1.10421E+00 -1.10629E+00  4.89371E+00
  3.47000E-01 -3.38829E+00 -1.06305E+00 -1.06512E+00  4.93488E+00
  3.48500E-01 -3.37035E+00 -1.03288E+00 -1.03496E+00  4.96504E+00
  3.50000E-01 -3.35242E+00 -1.00347E+00 -1.00555E+00  4.99445E+00
  3.51500E-01 -3.33408E+00 -9.74848E-01 -9.76918E-01  5.02308E+00
  3.53000E-01 -3.31574E+00 -9.47237E-01 -9.49307E-01  5.05069E+00
  3.55000E-01 -3.29129E+00 -9.11221E-01 -9.13291E-01  5.08671E+00
  3.58000E-01 -3.25407E+00 -8.59639E-01 -8.61709E-01  5.13829E+00
  3.60000E-01 -3.22926E+00 -8.26798E-01 -8.28878E-01  5.17112E+00
  3.63000E-01 -3.19243E+00 -7.79818E-01 -7.81888E-01  5.21811E+00
  3.65000E-01 -3.16789E+00 -7.49894E-01 -7.51964E-01  5.24804E+00
  3.68000E-01 -3.13106E+00 -7.07056E-01 -7.09126E-01  5.29087E+00
  3.70000E-01 -3.10651E+00 -6.79780E-01 -6.81854E-01  5.31815E+00
  3.71500E-01 -3.08868E+00 -6.59942E-01 -6.62017E-01  5.33798E+00
  3.73000E-01 -3.07085E+00 -6.40709E-01 -6.42784E-01  5.35722E+00
  3.74500E-01 -3.05301E+00 -6.21997E-01 -6.24072E-01  5.37593E+00
  3.76000E-01 -3.03518E+00 -6.03776E-01 -6.05851E-01  5.39415E+00
  3.77500E-01 -3.01797E+00 -5.86024E-01 -5.88099E-01  5.41190E+00
  3.79000E-01 -3.00076E+00 -5.68701E-01 -5.70776E-01  5.42922E+00
  3.81000E-01 -2.97782E+00 -5.46286E-01 -5.48360E-01  5.45164E+00
  3.84000E-01 -2.94458E+00 -5.14066E-01 -5.16140E-01  5.48386E+00
  3.86000E-01 -2.92242E+00 -4.93556E-01 -4.95631E-01  5.50437E+00
  3.89000E-01 -2.89060E+00 -4.63705E-01 -4.65780E-01  5.53422E+00
  3.91400E-01 -2.86514E+00 -4.40690E-01 -4.42765E-01  5.55723E+00
  3.91700E-01 -2.86202E+00 -4.37858E-01 -4.39933E-01  5.56007E+00
  3.91900E-01 -2.85994E+00 -4.35998E-01 -4.38072E-01  5.56193E+00
  3.92400E-01 -2.85475E+00 -4.31316E-01 -4.33391E-01  5.56661E+00
  3.93400E-01 -2.84441E+00 -4.22082E-01 -4.24157E-01  5.57584E+00
  3.95000E-01 -2.82811E+00 -4.07582E-01 -4.09657E-01  5.59034E+00
  3.97000E-01 -2.80773E+00 -3.89929E-01 -3.92004E-01  5.60800E+00
  3.98500E-01 -2.79269E+00 -3.77050E-01 -3.79125E-01  5.62087E+00
  3.99200E-01 -2.78573E+00 -3.71168E-01 -3.73243E-01  5.62676E+00
  4.00000E-01 -2.77778E+00 -3.64545E-01 -3.66620E-01  5.63338E+00
  4.03000E-01 -2.74908E+00 -3.40140E-01 -3.42214E-01  5.65779E+00
  4.05000E-01 -2.72995E+00 -3.24245E-01 -3.26319E-01  5.67368E+00
  4.08000E-01 -2.70210E+00 -3.01111E-01 -3.03186E-01  5.69681E+00
  4.10000E-01 -2.68353E+00 -2.86209E-01 -2.88284E-01  5.71172E+00
  4.13000E-01 -2.65681E+00 -2.64436E-01 -2.66511E-01  5.73349E+00
  4.15000E-01 -2.63899E+00 -2.50223E-01 -2.52298E-01  5.74770E+00
  4.18000E-01 -2.61302E+00 -2.29424E-01 -2.31499E-01  5.76850E+00
  4.20000E-01 -2.59571E+00 -2.15898E-01 -2.17973E-01  5.78203E+00
  4.22000E-01 -2.57902E+00 -2.02642E-01 -2.04717E-01  5.79528E+00
  4.24000E-01 -2.56232E+00 -1.89647E-01 -1.91722E-01  5.80828E+00
  4.26000E-01 -2.54562E+00 -1.76901E-01 -1.78976E-01  5.82102E+00
  4.28000E-01 -2.52893E+00 -1.64396E-01 -1.66471E-01  5.83353E+00
  4.32000E-01 -2.49691E+00 -1.40043E-01 -1.42118E-01  5.85788E+00
  4.35000E-01 -2.47290E+00 -1.22219E-01 -1.24294E-01  5.87571E+00
  4.37000E-01 -2.45729E+00 -1.10582E-01 -1.12657E-01  5.88734E+00
  4.39000E-01 -2.44168E+00 -9.92673E-02 -1.01342E-01  5.89866E+00
  4.41000E-01 -2.42607E+00 -8.81901E-02 -9.02651E-02  5.90973E+00
  4.43000E-01 -2.41046E+00 -7.73236E-02 -7.93986E-02  5.92060E+00
  4.47000E-01 -2.38049E+00 -5.61648E-02 -5.82398E-02  5.94176E+00
  4.50000E-01 -2.35801E+00 -4.05869E-02 -4.26619E-02  5.95734E+00
  4.53000E-01 -2.33603E+00 -2.54213E-02 -2.74963E-02  5.97250E+00
  4.55000E-01 -2.32139E+00 -1.56586E-02 -1.77336E-02  5.98227E+00
  4.58000E-01 -2.29941E+00 -1.36511E-03 -3.44011E-03  5.99656E+00
  4.60000E-01 -2.28476E+00  8.05705E-03  5.98205E-03  6.00598E+00
  4.63000E-01 -2.26351E+00  2.17943E-02  1.97193E-02  6.01972E+00
  4.65000E-01 -2.24934E+00  3.06326E-02  2.85577E-02  6.02856E+00
  4.68000E-01 -2.22809E+00  4.35784E-02  4.15035E-02  6.04150E+00
  4.70000E-01 -2.21392E+00  5.21277E-02  5.00528E-02  6.05005E+00
  4.72000E-01 -2.20008E+00  6.04962E-02  5.84213E-02  6.05842E+00
  4.74000E-01 -2.18623E+00  6.85440E-02  6.64691E-02  6.06647E+00
  4.76000E-01 -2.17239E+00  7.63782E-02  7.43034E-02  6.07430E+00
  4.78000E-01 -2.15855E+00  8.40284E-02  8.19535E-02  6.08195E+00
  4.80000E-01 -2.14524E+00  9.15223E-02  8.94474E-02  6.08945E+00
  4.82000E-01 -2.13193E+00  9.88767E-02  9.68018E-02  6.09680E+00
  4.83500E-01 -2.12195E+00  1.04330E-01  1.02255E-01  6.10225E+00
  4.85000E-01 -2.11197E+00  1.09795E-01  1.07720E-01  6.10772E+00
  4.87000E-01 -2.09886E+00  1.16912E-01  1.14837E-01  6.11484E+00
  4.89000E-01 -2.08575E+00  1.23740E-01  1.21666E-01  6.12167E+00
  4.91000E-01 -2.07263E+00  1.30377E-01  1.28302E-01  6.12830E+00
  4.93000E-01 -2.05952E+00  1.36849E-01  1.34774E-01  6.13477E+00
  4.95000E-01 -2.04691E+00  1.43176E-01  1.41101E-01  6.14110E+00
  4.97000E-01 -2.03429E+00  1.49375E-01  1.47300E-01  6.14730E+00
  5.00000E-01 -2.01537E+00  1.58533E-01  1.56458E-01  6.15646E+00
  5.01500E-01 -2.00598E+00  1.63031E-01  1.60956E-01  6.16096E+00
  5.03000E-01 -1.99659E+00  1.67380E-01  1.65306E-01  6.16531E+00
  5.06000E-01 -1.97810E+00  1.75790E-01  1.73715E-01  6.17371E+00
  5.09000E-01 -1.96002E+00  1.83877E-01  1.81802E-01  6.18180E+00
  5.12000E-01 -1.94194E+00  1.91689E-01  1.89614E-01  6.18961E+00
  5.15000E-01 -1.92430E+00  1.99302E-01  1.97228E-01  6.19723E+00
  5.18000E-01 -1.90667E+00  2.06644E-01  2.04569E-01  6.20457E+00
  5.21000E-01 -1.88950E+00  2.13655E-01  2.11581E-01  6.21158E+00
  5.24900E-01 -1.86717E+00  2.22378E-01  2.20303E-01  6.22030E+00
  5.28000E-01 -1.84999E+00  2.29046E-01  2.26971E-01  6.22697E+00
  5.32000E-01 -1.82782E+00  2.37330E-01  2.35255E-01  6.23525E+00
  5.36000E-01 -1.80635E+00  2.45166E-01  2.43091E-01  6.24309E+00
  5.40000E-01 -1.78489E+00  2.52611E-01  2.50536E-01  6.25054E+00
  5.45000E-01 -1.75920E+00  2.61430E-01  2.59355E-01  6.25936E+00
  5.50000E-01 -1.73350E+00  2.69765E-01  2.67690E-01  6.26769E+00
  5.55000E-01 -1.70892E+00  2.77619E-01  2.75544E-01  6.27554E+00
  5.60000E-01 -1.68434E+00  2.85027E-01  2.82952E-01  6.28295E+00
  5.65000E-01 -1.66088E+00  2.92009E-01  2.89934E-01  6.28993E+00
  5.70000E-01 -1.63741E+00  2.98607E-01  2.96532E-01  6.29653E+00
  5.75000E-01 -1.61499E+00  3.04857E-01  3.02782E-01  6.30278E+00
  5.80000E-01 -1.59258E+00  3.10798E-01  3.08723E-01  6.30872E+00
  5.85000E-01 -1.57108E+00  3.16422E-01  3.14347E-01  6.31435E+00
  5.90000E-01 -1.54958E+00  3.21729E-01  3.19654E-01  6.31965E+00
  5.95000E-01 -1.52901E+00  3.26776E-01  3.24701E-01  6.32470E+00
  6.00000E-01 -1.50844E+00  3.31604E-01  3.29530E-01  6.32953E+00
  6.05000E-01 -1.48861E+00  3.36186E-01  3.34111E-01  6.33411E+00
  6.10000E-01 -1.46878E+00  3.40475E-01  3.38400E-01  6.33840E+00
  6.20000E-01 -1.43078E+00  3.48481E-01  3.46406E-01  6.34641E+00
  6.30000E-01 -1.39393E+00  3.55609E-01  3.53534E-01  6.35353E+00
  6.40000E-01 -1.35858E+00  3.61821E-01  3.59746E-01  6.35975E+00
  6.50000E-01 -1.32465E+00  3.67466E-01  3.65391E-01  6.36539E+00
  6.60000E-01 -1.29162E+00  3.72459E-01  3.70384E-01  6.37038E+00
  6.68000E-01 -1.26613E+00  3.75941E-01  3.73866E-01  6.37387E+00
  6.76800E-01 -1.23875E+00  3.79417E-01  3.77342E-01  6.37734E+00
  6.82000E-01 -1.22296E+00  3.81156E-01  3.79081E-01  6.37908E+00
  6.88000E-01 -1.20514E+00  3.82969E-01  3.80895E-01  6.38090E+00
  6.94000E-01 -1.18773E+00  3.84605E-01  3.82530E-01  6.38253E+00
  7.00000E-01 -1.17072E+00  3.86140E-01  3.84065E-01  6.38407E+00
  7.08000E-01 -1.14838E+00  3.87706E-01  3.85631E-01  6.38563E+00
  7.15000E-01 -1.12938E+00  3.89114E-01  3.87039E-01  6.38704E+00
  7.22000E-01 -1.11088E+00  3.90010E-01  3.87935E-01  6.38794E+00
  7.30000E-01 -1.09032E+00  3.91074E-01  3.88999E-01  6.38900E+00
  7.40000E-01 -1.06531E+00  3.91936E-01  3.89861E-01  6.38986E+00
  7.50000E-01 -1.04121E+00  3.92455E-01  3.90380E-01  6.39038E+00
  7.65000E-01 -1.00649E+00  3.92650E-01  3.90575E-01  6.39058E+00
  7.80000E-01 -9.73574E-01  3.92238E-01  3.90163E-01  6.39016E+00
  7.90000E-01 -9.52566E-01  3.91705E-01  3.89630E-01  6.38963E+00
  8.00000E-01 -9.32268E-01  3.91045E-01  3.88970E-01  6.38897E+00
  8.10000E-01 -9.12514E-01  3.90088E-01  3.88013E-01  6.38801E+00
  8.20000E-01 -8.93413E-01  3.89169E-01  3.87094E-01  6.38709E+00
  8.35000E-01 -8.65924E-01  3.87231E-01  3.85156E-01  6.38516E+00
  8.50000E-01 -8.39747E-01  3.85365E-01  3.83290E-01  6.38329E+00
  8.60000E-01 -8.22822E-01  3.83833E-01  3.81758E-01  6.38176E+00
  8.70000E-01 -8.06428E-01  3.82328E-01  3.80253E-01  6.38025E+00
  8.85000E-01 -7.82783E-01  3.79710E-01  3.77635E-01  6.37764E+00
  9.00000E-01 -7.60212E-01  3.77146E-01  3.75071E-01  6.37507E+00
  9.10000E-01 -7.45538E-01  3.75254E-01  3.73179E-01  6.37318E+00
  9.20000E-01 -7.31304E-01  3.73382E-01  3.71307E-01  6.37131E+00
  9.35000E-01 -7.10737E-01  3.70275E-01  3.68201E-01  6.36820E+00
  9.50000E-01 -6.91062E-01  3.67210E-01  3.65136E-01  6.36514E+00
  9.60000E-01 -6.78320E-01  3.65063E-01  3.62989E-01  6.36299E+00
  9.70000E-01 -6.65942E-01  3.62933E-01  3.60858E-01  6.36086E+00
  9.85000E-01 -6.47955E-01  3.59563E-01  3.57488E-01  6.35749E+00
  1.00000E+00 -6.30715E-01  3.56226E-01  3.54151E-01  6.35415E+00
  1.01000E+00 -6.19524E-01  3.53912E-01  3.51837E-01  6.35184E+00
  1.02000E+00 -6.08639E-01  3.51612E-01  3.49537E-01  6.34954E+00
  1.03000E+00 -5.98049E-01  3.49231E-01  3.47156E-01  6.34716E+00
  1.03600E+00 -5.91832E-01  3.47808E-01  3.45733E-01  6.34573E+00
  1.04100E+00 -5.86727E-01  3.46626E-01  3.44551E-01  6.34455E+00
  1.05500E+00 -5.72793E-01  3.43231E-01  3.41156E-01  6.34116E+00
  1.07000E+00 -5.58427E-01  3.39617E-01  3.37542E-01  6.33754E+00
  1.08500E+00 -5.44517E-01  3.36026E-01  3.33951E-01  6.33395E+00
  1.10000E+00 -5.31137E-01  3.32456E-01  3.30381E-01  6.33038E+00
  1.11500E+00 -5.18261E-01  3.28907E-01  3.26832E-01  6.32683E+00
  1.13000E+00 -5.05863E-01  3.25375E-01  3.23300E-01  6.32330E+00
  1.14000E+00 -4.97851E-01  3.23031E-01  3.20956E-01  6.32096E+00
  1.15000E+00 -4.90035E-01  3.20695E-01  3.18620E-01  6.31862E+00
  1.16000E+00 -4.82335E-01  3.18361E-01  3.16286E-01  6.31629E+00
  1.17000E+00 -4.74821E-01  3.16035E-01  3.13960E-01  6.31396E+00
  1.18500E+00 -4.63885E-01  3.12558E-01  3.10483E-01  6.31048E+00
  1.20000E+00 -4.53333E-01  3.09095E-01  3.07020E-01  6.30702E+00
  1.21500E+00 -4.43148E-01  3.05721E-01  3.03646E-01  6.30365E+00
  1.23000E+00 -4.33313E-01  3.02359E-01  3.00284E-01  6.30028E+00
  1.24200E+00 -4.25604E-01  2.99678E-01  2.97603E-01  6.29760E+00
  1.25400E+00 -4.18106E-01  2.97005E-01  2.94930E-01  6.29493E+00
  1.27000E+00 -4.08420E-01  2.93530E-01  2.91455E-01  6.29145E+00
  1.29000E+00 -3.96791E-01  2.89203E-01  2.87128E-01  6.28713E+00
  1.30500E+00 -3.88381E-01  2.85969E-01  2.83894E-01  6.28389E+00
  1.32000E+00 -3.80206E-01  2.82744E-01  2.80669E-01  6.28067E+00
  1.33500E+00 -3.72292E-01  2.79637E-01  2.77562E-01  6.27756E+00
  1.35000E+00 -3.64629E-01  2.76538E-01  2.74463E-01  6.27446E+00
  1.36500E+00 -3.57179E-01  2.73447E-01  2.71372E-01  6.27137E+00
  1.38000E+00 -3.49961E-01  2.70364E-01  2.68289E-01  6.26829E+00
  1.39500E+00 -3.42964E-01  2.67412E-01  2.65337E-01  6.26534E+00
  1.41000E+00 -3.36160E-01  2.64467E-01  2.62392E-01  6.26239E+00
  1.42500E+00 -3.29552E-01  2.61529E-01  2.59454E-01  6.25945E+00
  1.44000E+00 -3.23141E-01  2.58597E-01  2.56522E-01  6.25652E+00
  1.45500E+00 -3.16919E-01  2.55767E-01  2.53692E-01  6.25369E+00
  1.47000E+00 -3.10878E-01  2.52943E-01  2.50868E-01  6.25087E+00
  1.48500E+00 -3.05013E-01  2.50213E-01  2.48138E-01  6.24814E+00
  1.50000E+00 -2.99315E-01  2.47489E-01  2.45414E-01  6.24541E+00
  1.51500E+00 -2.93726E-01  2.44878E-01  2.42803E-01  6.24280E+00
  1.53000E+00 -2.88295E-01  2.42272E-01  2.40197E-01  6.24020E+00
  1.55000E+00 -2.81290E-01  2.38805E-01  2.36730E-01  6.23673E+00
  1.57000E+00 -2.74541E-01  2.35346E-01  2.33271E-01  6.23327E+00
  1.59000E+00 -2.67988E-01  2.32095E-01  2.30020E-01  6.23002E+00
  1.61000E+00 -2.61670E-01  2.28852E-01  2.26777E-01  6.22678E+00
  1.63000E+00 -2.55576E-01  2.25615E-01  2.23540E-01  6.22354E+00
  1.65000E+00 -2.49696E-01  2.22385E-01  2.20310E-01  6.22031E+00
  1.67000E+00 -2.43978E-01  2.19359E-01  2.17284E-01  6.21728E+00
  1.69000E+00 -2.38457E-01  2.16340E-01  2.14265E-01  6.21427E+00
  1.71000E+00 -2.33124E-01  2.13326E-01  2.11252E-01  6.21125E+00
  1.73000E+00 -2.27970E-01  2.10317E-01  2.08243E-01  6.20824E+00
  1.75000E+00 -2.22987E-01  2.07504E-01  2.05429E-01  6.20543E+00
  1.77000E+00 -2.18167E-01  2.04695E-01  2.02620E-01  6.20262E+00
  1.78500E+00 -2.14656E-01  2.02592E-01  2.00517E-01  6.20052E+00
  1.80000E+00 -2.11230E-01  2.00491E-01  1.98416E-01  6.19842E+00
  1.82000E+00 -2.06763E-01  1.97844E-01  1.95769E-01  6.19577E+00
  1.85000E+00 -2.00326E-01  1.93881E-01  1.91806E-01  6.19181E+00
  1.87000E+00 -1.96203E-01  1.91361E-01  1.89286E-01  6.18929E+00
  1.90000E+00 -1.90254E-01  1.87587E-01  1.85512E-01  6.18551E+00
  1.92000E+00 -1.86416E-01  1.85186E-01  1.83111E-01  6.18311E+00
  1.95000E+00 -1.80875E-01  1.81591E-01  1.79516E-01  6.17952E+00
  1.97000E+00 -1.77319E-01  1.79308E-01  1.77233E-01  6.17723E+00
  2.00000E+00 -1.72179E-01  1.75888E-01  1.73813E-01  6.17381E+00
  2.03000E+00 -1.67202E-01  1.72637E-01  1.70562E-01  6.17056E+00
  2.05000E+00 -1.64003E-01  1.70472E-01  1.68397E-01  6.16840E+00
  2.07000E+00 -1.60896E-01  1.68310E-01  1.66235E-01  6.16624E+00
  2.09000E+00 -1.57877E-01  1.66270E-01  1.64195E-01  6.16419E+00
  2.11000E+00 -1.54942E-01  1.64231E-01  1.62156E-01  6.16216E+00
  2.13000E+00 -1.52089E-01  1.62196E-01  1.60121E-01  6.16012E+00
  2.15000E+00 -1.49314E-01  1.60162E-01  1.58087E-01  6.15809E+00
  2.18000E+00 -1.45293E-01  1.57304E-01  1.55229E-01  6.15523E+00
  2.22000E+00 -1.40180E-01  1.53500E-01  1.51425E-01  6.15143E+00
  2.26000E+00 -1.35334E-01  1.49953E-01  1.47878E-01  6.14788E+00
  2.30000E+00 -1.30736E-01  1.46413E-01  1.44338E-01  6.14434E+00
  2.32000E+00 -1.28504E-01  1.44772E-01  1.42697E-01  6.14270E+00
  2.35000E+00 -1.25262E-01  1.42314E-01  1.40239E-01  6.14024E+00
  2.37000E+00 -1.23169E-01  1.40677E-01  1.38602E-01  6.13860E+00
  2.40000E+00 -1.20126E-01  1.38224E-01  1.36149E-01  6.13615E+00
  2.42000E+00 -1.18159E-01  1.36718E-01  1.34643E-01  6.13464E+00
  2.45000E+00 -1.15299E-01  1.34461E-01  1.32386E-01  6.13239E+00
  2.48000E+00 -1.12541E-01  1.32207E-01  1.30132E-01  6.13013E+00
  2.50000E+00 -1.10758E-01  1.30705E-01  1.28631E-01  6.12863E+00
  2.53000E+00 -1.08137E-01  1.28598E-01  1.26523E-01  6.12652E+00
  2.56000E+00 -1.05608E-01  1.26492E-01  1.24417E-01  6.12442E+00
  2.59000E+00 -1.03167E-01  1.24477E-01  1.22402E-01  6.12240E+00
  2.62100E+00 -1.00732E-01  1.22397E-01  1.20322E-01  6.12032E+00
  2.62200E+00 -1.00654E-01  1.22332E-01  1.20257E-01  6.12026E+00
  2.62300E+00 -1.00577E-01  1.22266E-01  1.20191E-01  6.12019E+00
  2.67000E+00 -9.70546E-02  1.19295E-01  1.17220E-01  6.11722E+00
  2.71000E+00 -9.42000E-02  1.16770E-01  1.14695E-01  6.11469E+00
  2.75000E+00 -9.14694E-02  1.14419E-01  1.12344E-01  6.11234E+00
  2.80000E+00 -8.82198E-02  1.11484E-01  1.09409E-01  6.10941E+00
  2.85000E+00 -8.51205E-02  1.08755E-01  1.06680E-01  6.10668E+00
  2.90000E+00 -8.21811E-02  1.06031E-01  1.03956E-01  6.10396E+00
  2.95000E+00 -7.93909E-02  1.03454E-01  1.01379E-01  6.10138E+00
  2.98000E+00 -7.77843E-02  1.01970E-01  9.98955E-02  6.09990E+00
  3.00000E+00 -7.67400E-02  1.00982E-01  9.89069E-02  6.09891E+00
  3.03000E+00 -7.51980E-02  9.95951E-02  9.75203E-02  6.09752E+00
  3.07000E+00 -7.32128E-02  9.77480E-02  9.56732E-02  6.09567E+00
  3.11000E+00 -7.13046E-02  9.59029E-02  9.38281E-02  6.09383E+00
  3.15000E+00 -6.94697E-02  9.40596E-02  9.19848E-02  6.09198E+00
  3.18000E+00 -6.81393E-02  9.28115E-02  9.07367E-02  6.09074E+00
  3.22000E+00 -6.64236E-02  9.11489E-02  8.90740E-02  6.08907E+00
  3.26000E+00 -6.47716E-02  8.94878E-02  8.74129E-02  6.08741E+00
  3.30000E+00 -6.31801E-02  8.78282E-02  8.57533E-02  6.08575E+00
  3.32000E+00 -6.24023E-02  8.70662E-02  8.49913E-02  6.08499E+00
  3.35000E+00 -6.12620E-02  8.59238E-02  8.38489E-02  6.08385E+00
  3.40000E+00 -5.94294E-02  8.40216E-02  8.19467E-02  6.08195E+00
  3.45000E+00 -5.76771E-02  8.22420E-02  8.01671E-02  6.08017E+00
  3.50000E+00 -5.60007E-02  8.04643E-02  7.83894E-02  6.07839E+00
  3.53000E+00 -5.50232E-02  7.94788E-02  7.74039E-02  6.07740E+00
  3.57000E+00 -5.37588E-02  7.81657E-02  7.60908E-02  6.07609E+00
  3.61000E+00 -5.25371E-02  7.68536E-02  7.47787E-02  6.07478E+00
  3.65000E+00 -5.13562E-02  7.55425E-02  7.34676E-02  6.07347E+00
  3.68000E+00 -5.04962E-02  7.46462E-02  7.25713E-02  6.07257E+00
  3.72000E+00 -4.93824E-02  7.34519E-02  7.13770E-02  6.07138E+00
  3.76000E+00 -4.83047E-02  7.22584E-02  7.01835E-02  6.07018E+00
  3.80000E+00 -4.72615E-02  7.10659E-02  6.89910E-02  6.06899E+00
  3.85000E+00 -4.59981E-02  6.96857E-02  6.76108E-02  6.06761E+00
  3.90000E+00 -4.47841E-02  6.83068E-02  6.62319E-02  6.06623E+00
  3.95000E+00 -4.36170E-02  6.70079E-02  6.49330E-02  6.06493E+00
  4.00000E+00 -4.24944E-02  6.57100E-02  6.36351E-02  6.06364E+00
  4.02000E+00 -4.20548E-02  6.52125E-02  6.31376E-02  6.06314E+00
  4.04000E+00 -4.16218E-02  6.47151E-02  6.26402E-02  6.06264E+00
  4.06000E+00 -4.11954E-02  6.42286E-02  6.21537E-02  6.06215E+00
  4.08600E+00 -4.06506E-02  6.35963E-02  6.15214E-02  6.06152E+00
  4.14000E+00 -3.95528E-02  6.23749E-02  6.03001E-02  6.06030E+00
  4.19000E+00 -3.85749E-02  6.12449E-02  5.91701E-02  6.05917E+00
  4.25000E+00 -3.74480E-02  5.98900E-02  5.78152E-02  6.05782E+00
  4.30000E+00 -3.65457E-02  5.87618E-02  5.66870E-02  6.05669E+00
  4.35000E+00 -3.56716E-02  5.77551E-02  5.56803E-02  6.05568E+00
  4.40000E+00 -3.48282E-02  5.67492E-02  5.46743E-02  6.05467E+00
  4.45000E+00 -3.40138E-02  5.57439E-02  5.36690E-02  6.05367E+00
  4.50000E+00 -3.32273E-02  5.47393E-02  5.26644E-02  6.05266E+00
  4.58000E+00 -3.20174E-02  5.33267E-02  5.12518E-02  6.05125E+00
  4.65000E+00 -3.10112E-02  5.20919E-02  5.00170E-02  6.05002E+00
  4.73000E+00 -2.99175E-02  5.06821E-02  4.86072E-02  6.04861E+00
  4.80000E+00 -2.90065E-02  4.94496E-02  4.73747E-02  6.04737E+00
  4.85000E+00 -2.83790E-02  4.86739E-02  4.65990E-02  6.04660E+00
  4.90000E+00 -2.77713E-02  4.78987E-02  4.58238E-02  6.04582E+00
  4.95000E+00 -2.71827E-02  4.71240E-02  4.50491E-02  6.04505E+00
  5.00000E+00 -2.66122E-02  4.63497E-02  4.42748E-02  6.04427E+00
  5.05000E+00 -2.60556E-02  4.56300E-02  4.35551E-02  6.04356E+00
  5.10000E+00 -2.55159E-02  4.49107E-02  4.28358E-02  6.04284E+00
  5.15000E+00 -2.49925E-02  4.42235E-02  4.21486E-02  6.04215E+00
  5.20000E+00 -2.44847E-02  4.35367E-02  4.14618E-02  6.04146E+00
  5.26000E+00 -2.38952E-02  4.27700E-02  4.06951E-02  6.04070E+00
  5.31000E+00 -2.34197E-02  4.21314E-02  4.00565E-02  6.04006E+00
  5.36000E+00 -2.29581E-02  4.14931E-02  3.94183E-02  6.03942E+00
  5.41472E+00 -2.24680E-02  4.07950E-02  3.87202E-02  6.03872E+00
  5.49000E+00 -2.18185E-02  3.99373E-02  3.78625E-02  6.03786E+00
  5.56000E+00 -2.12360E-02  3.91403E-02  3.70655E-02  6.03707E+00
  5.63000E+00 -2.06755E-02  3.83439E-02  3.62691E-02  6.03627E+00
  5.70000E+00 -2.01364E-02  3.75479E-02  3.54731E-02  6.03547E+00
  5.78000E+00 -1.95453E-02  3.67452E-02  3.46704E-02  6.03467E+00
  5.85000E+00 -1.90486E-02  3.60433E-02  3.39685E-02  6.03397E+00
  5.92000E+00 -1.85703E-02  3.53418E-02  3.32670E-02  6.03327E+00
  6.00000E+00 -1.80450E-02  3.45407E-02  3.24658E-02  6.03247E+00
  6.05000E+00 -1.77257E-02  3.40895E-02  3.20146E-02  6.03201E+00
  6.10000E+00 -1.74146E-02  3.36385E-02  3.15636E-02  6.03156E+00
  6.20000E+00 -1.68160E-02  3.27370E-02  3.06621E-02  6.03066E+00
  6.30000E+00 -1.62471E-02  3.19048E-02  2.98299E-02  6.02983E+00
  6.35000E+00 -1.59732E-02  3.14890E-02  2.94141E-02  6.02941E+00
  6.40384E+00 -1.56857E-02  3.10413E-02  2.89664E-02  6.02897E+00
  6.48000E+00 -1.52918E-02  3.04670E-02  2.83921E-02  6.02839E+00
  6.55000E+00 -1.49412E-02  2.99395E-02  2.78646E-02  6.02786E+00
  6.63000E+00 -1.45543E-02  2.93369E-02  2.72620E-02  6.02726E+00
  6.70000E+00 -1.42276E-02  2.88099E-02  2.67350E-02  6.02674E+00
  6.78000E+00 -1.38672E-02  2.82709E-02  2.61960E-02  6.02620E+00
  6.85000E+00 -1.35627E-02  2.77996E-02  2.57247E-02  6.02572E+00
  6.92000E+00 -1.32679E-02  2.73285E-02  2.52536E-02  6.02525E+00
  7.00000E+00 -1.29423E-02  2.67903E-02  2.47154E-02  6.02472E+00
  7.07000E+00 -1.26654E-02  2.63816E-02  2.43067E-02  6.02431E+00
  7.15000E+00 -1.23594E-02  2.59148E-02  2.38399E-02  6.02384E+00
  7.22000E+00 -1.21004E-02  2.55065E-02  2.34316E-02  6.02343E+00
  7.30000E+00 -1.18140E-02  2.50401E-02  2.29652E-02  6.02297E+00
  7.40000E+00 -1.14698E-02  2.44574E-02  2.23825E-02  6.02238E+00
  7.50000E+00 -1.11400E-02  2.38751E-02  2.18002E-02  6.02180E+00
  7.57000E+00 -1.09163E-02  2.35307E-02  2.14558E-02  6.02146E+00
  7.65000E+00 -1.06687E-02  2.31374E-02  2.10625E-02  6.02106E+00
  7.72000E+00 -1.04587E-02  2.27933E-02  2.07184E-02  6.02072E+00
  7.80000E+00 -1.02259E-02  2.24003E-02  2.03254E-02  6.02033E+00
  7.90000E+00 -9.94551E-03  2.19093E-02  1.98344E-02  6.01983E+00
  8.00000E+00 -9.67615E-03  2.14186E-02  1.93437E-02  6.01934E+00
  8.02000E+00 -9.62332E-03  2.13290E-02  1.92541E-02  6.01925E+00
  8.04778E+00 -9.55063E-03  2.12046E-02  1.91297E-02  6.01913E+00
  8.17000E+00 -9.24016E-03  2.06971E-02  1.86222E-02  6.01862E+00
  8.30000E+00 -8.92579E-03  2.01576E-02  1.80827E-02  6.01808E+00
  8.40000E+00 -8.69446E-03  1.97429E-02  1.76680E-02  6.01767E+00
  8.50000E+00 -8.47175E-03  1.93283E-02  1.72534E-02  6.01725E+00
  8.65000E+00 -8.15219E-03  1.87898E-02  1.67149E-02  6.01671E+00
  8.80000E+00 -7.84988E-03  1.82516E-02  1.61767E-02  6.01618E+00
  8.90000E+00 -7.65732E-03  1.78931E-02  1.58182E-02  6.01582E+00
  9.00000E+00 -7.47156E-03  1.75347E-02  1.54598E-02  6.01546E+00
  9.15000E+00 -7.20395E-03  1.70690E-02  1.49941E-02  6.01499E+00
  9.30000E+00 -6.95005E-03  1.66037E-02  1.45288E-02  6.01453E+00
  9.40000E+00 -6.78794E-03  1.62937E-02  1.42188E-02  6.01422E+00
  9.50000E+00 -6.63127E-03  1.59838E-02  1.39089E-02  6.01391E+00
  9.65000E+00 -6.40530E-03  1.55784E-02  1.35035E-02  6.01350E+00
  9.80000E+00 -6.19033E-03  1.51733E-02  1.30984E-02  6.01310E+00
  9.90000E+00 -6.05279E-03  1.49033E-02  1.28285E-02  6.01283E+00
  1.00000E+01 -5.91964E-03  1.46335E-02  1.25587E-02  6.01256E+00
  1.01500E+01 -5.72670E-03  1.42823E-02  1.22074E-02  6.01221E+00
  1.03000E+01 -5.54275E-03  1.39313E-02  1.18564E-02  6.01186E+00
  1.04500E+01 -5.36723E-03  1.35805E-02  1.15056E-02  6.01151E+00
  1.06000E+01 -5.19966E-03  1.32299E-02  1.11550E-02  6.01115E+00
  1.07500E+01 -5.03957E-03  1.29281E-02  1.08532E-02  6.01085E+00
  1.09000E+01 -4.88652E-03  1.26265E-02  1.05516E-02  6.01055E+00
  1.11000E+01 -4.69273E-03  1.22246E-02  1.01497E-02  6.01015E+00
  1.11600E+01 -4.63677E-03  1.21041E-02  1.00292E-02  6.01003E+00
  1.12200E+01 -4.58176E-03  1.19836E-02  9.90873E-03  6.00991E+00
  1.13600E+01 -4.45704E-03  1.17476E-02  9.67267E-03  6.00967E+00
  1.15000E+01 -4.33718E-03  1.15116E-02  9.43674E-03  6.00944E+00
  1.16000E+01 -4.25390E-03  1.13432E-02  9.26829E-03  6.00927E+00
  1.17000E+01 -4.17291E-03  1.11748E-02  9.09990E-03  6.00910E+00
  1.19000E+01 -4.01748E-03  1.08381E-02  8.76327E-03  6.00876E+00
  1.20000E+01 -3.94290E-03  1.06699E-02  8.59504E-03  6.00860E+00
  1.21000E+01 -3.87030E-03  1.05017E-02  8.42685E-03  6.00843E+00
  1.22500E+01 -3.76497E-03  1.02939E-02  8.21907E-03  6.00822E+00
  1.24000E+01 -3.66374E-03  1.00862E-02  8.01140E-03  6.00801E+00
  1.25000E+01 -3.59843E-03  9.94786E-03  7.87300E-03  6.00787E+00
  1.26000E+01 -3.53479E-03  9.80951E-03  7.73465E-03  6.00773E+00
  1.28000E+01 -3.41230E-03  9.53293E-03  7.45806E-03  6.00746E+00
  1.30000E+01 -3.29586E-03  9.25651E-03  7.18163E-03  6.00718E+00
  1.33000E+01 -3.13088E-03  8.91515E-03  6.84027E-03  6.00684E+00
  1.35000E+01 -3.02745E-03  8.68774E-03  6.61286E-03  6.00661E+00
  1.38000E+01 -2.88132E-03  8.34687E-03  6.27199E-03  6.00627E+00
  1.40000E+01 -2.78950E-03  8.11976E-03  6.04488E-03  6.00604E+00
  1.43000E+01 -2.65908E-03  7.83837E-03  5.76349E-03  6.00576E+00
  1.45000E+01 -2.57697E-03  7.65090E-03  5.57602E-03  6.00558E+00
  1.48000E+01 -2.46051E-03  7.36987E-03  5.29499E-03  6.00529E+00
  1.50000E+01 -2.38704E-03  7.18262E-03  5.10774E-03  6.00511E+00
  1.51500E+01 -2.33383E-03  7.06713E-03  4.99225E-03  6.00499E+00
  1.53000E+01 -2.28231E-03  6.95167E-03  4.87679E-03  6.00488E+00
  1.56000E+01 -2.18407E-03  6.72089E-03  4.64601E-03  6.00465E+00
  1.59000E+01 -2.09181E-03  6.49026E-03  4.41538E-03  6.00442E+00
  1.62000E+01 -2.00507E-03  6.25978E-03  4.18490E-03  6.00418E+00
  1.65000E+01 -1.92342E-03  6.07233E-03  3.99745E-03  6.00400E+00
  1.68000E+01 -1.84617E-03  5.88502E-03  3.81014E-03  6.00381E+00
  1.71000E+01 -1.77331E-03  5.69781E-03  3.62293E-03  6.00362E+00
  1.74790E+01 -1.68704E-03  5.46147E-03  3.38659E-03  6.00339E+00
  1.78000E+01 -1.61863E-03  5.31086E-03  3.23598E-03  6.00324E+00
  1.81000E+01 -1.55817E-03  5.17020E-03  3.09533E-03  6.00310E+00
  1.84000E+01 -1.50077E-03  5.02963E-03  2.95476E-03  6.00295E+00
  1.87000E+01 -1.44637E-03  4.88915E-03  2.81427E-03  6.00281E+00
  1.91000E+01 -1.37814E-03  4.70194E-03  2.62707E-03  6.00263E+00
  1.94000E+01 -1.32997E-03  4.56163E-03  2.48675E-03  6.00249E+00
  1.97000E+01 -1.28418E-03  4.42137E-03  2.34650E-03  6.00235E+00
  2.00000E+01 -1.24062E-03  4.28118E-03  2.20631E-03  6.00221E+00
  2.03000E+01 -1.19899E-03  4.17980E-03  2.10493E-03  6.00210E+00
  2.06000E+01 -1.15933E-03  4.07848E-03  2.00360E-03  6.00200E+00
  2.09000E+01 -1.12153E-03  3.97720E-03  1.90233E-03  6.00190E+00
  2.11000E+01 -1.09730E-03  3.90971E-03  1.83484E-03  6.00183E+00
  2.14000E+01 -1.06235E-03  3.80852E-03  1.73364E-03  6.00173E+00
  2.16000E+01 -1.03994E-03  3.74108E-03  1.66621E-03  6.00167E+00
  2.19000E+01 -1.00756E-03  3.63996E-03  1.56508E-03  6.00157E+00
  2.21630E+01 -9.80358E-04  3.55135E-03  1.47647E-03  6.00148E+00
  2.25000E+01 -9.47018E-04  3.47766E-03  1.40278E-03  6.00140E+00
  2.29000E+01 -9.09518E-04  3.39027E-03  1.31539E-03  6.00132E+00
  2.33000E+01 -8.74025E-04  3.30293E-03  1.22805E-03  6.00123E+00
  2.36000E+01 -8.48673E-04  3.23746E-03  1.16258E-03  6.00116E+00
  2.40000E+01 -8.16482E-04  3.15022E-03  1.07534E-03  6.00108E+00
  2.43000E+01 -7.93476E-04  3.08483E-03  1.00995E-03  6.00101E+00
  2.47000E+01 -7.64223E-04  2.99767E-03  9.22791E-04  6.00092E+00
  2.50000E+01 -7.43288E-04  2.93233E-03  8.57454E-04  6.00086E+00
  2.53000E+01 -7.23102E-04  2.86702E-03  7.92141E-04  6.00079E+00
  2.56000E+01 -7.03693E-04  2.80173E-03  7.26850E-04  6.00073E+00
  2.62000E+01 -6.67053E-04  2.67121E-03  5.96334E-04  6.00060E+00
  2.68000E+01 -6.33087E-04  2.54077E-03  4.65896E-04  6.00047E+00
  2.74700E+01 -5.98013E-04  2.39520E-03  3.20326E-04  6.00032E+00
  2.78000E+01 -5.81756E-04  2.34821E-03  2.73331E-04  6.00027E+00
  2.81000E+01 -5.67510E-04  2.30550E-03  2.30624E-04  6.00023E+00
  2.87000E+01 -5.40441E-04  2.22014E-03  1.45256E-04  6.00015E+00
  2.94000E+01 -5.11140E-04  2.12061E-03  4.57278E-05  6.00005E+00
  2.97000E+01 -4.99276E-04  2.07798E-03  3.09427E-06  6.00000E+00
  3.00000E+01 -4.87802E-04  2.03536E-03 -3.95273E-05  5.99996E+00
  3.08000E+01 -4.58906E-04  1.95722E-03 -1.17661E-04  5.99988E+00
  3.15000E+01 -4.35590E-04  1.88892E-03 -1.85968E-04  5.99981E+00
  3.23000E+01 -4.10966E-04  1.81091E-03 -2.63969E-04  5.99974E+00
  3.30000E+01 -3.91021E-04  1.74271E-03 -3.32171E-04  5.99967E+00
  3.38000E+01 -3.69882E-04  1.66482E-03 -4.10063E-04  5.99959E+00
  3.45000E+01 -3.52701E-04  1.59671E-03 -4.78176E-04  5.99952E+00
  3.53000E+01 -3.34414E-04  1.51891E-03 -5.55976E-04  5.99944E+00
  3.60300E+01 -3.18862E-04  1.44795E-03 -6.26932E-04  5.99937E+00
  3.65000E+01 -3.09392E-04  1.41747E-03 -6.57411E-04  5.99934E+00
  3.70000E+01 -2.99752E-04  1.38506E-03 -6.89822E-04  5.99931E+00
  3.80000E+01 -2.81720E-04  1.32028E-03 -7.54602E-04  5.99925E+00
  3.90000E+01 -2.65200E-04  1.25555E-03 -8.19333E-04  5.99918E+00
  4.00000E+01 -2.50031E-04  1.19086E-03 -8.84018E-04  5.99912E+00
  4.15000E+01 -2.29466E-04  1.12201E-03 -9.52867E-04  5.99905E+00
  4.30000E+01 -2.11236E-04  1.05324E-03 -1.02164E-03  5.99898E+00
  4.45000E+01 -1.95006E-04  9.84544E-04 -1.09034E-03  5.99891E+00
  4.60000E+01 -1.80487E-04  9.15903E-04 -1.15898E-03  5.99884E+00
  4.70000E+01 -1.71647E-04  8.82557E-04 -1.19232E-03  5.99881E+00
  4.80000E+01 -1.63413E-04  8.49233E-04 -1.22565E-03  5.99877E+00
  4.90000E+01 -1.55731E-04  8.15928E-04 -1.25895E-03  5.99874E+00
  5.00000E+01 -1.48555E-04  7.82642E-04 -1.29223E-03  5.99871E+00
  5.20000E+01 -1.35540E-04  7.34094E-04 -1.34078E-03  5.99866E+00
  5.40000E+01 -1.24093E-04  6.85604E-04 -1.38927E-03  5.99861E+00
  5.60000E+01 -1.13979E-04  6.37163E-04 -1.43771E-03  5.99856E+00
  5.75300E+01 -1.07018E-04  6.00134E-04 -1.47474E-03  5.99853E+00
  5.85000E+01 -1.02915E-04  5.81855E-04 -1.49302E-03  5.99851E+00
  5.95400E+01 -9.87617E-05  5.62266E-04 -1.51261E-03  5.99849E+00
  6.00000E+01 -9.70006E-05  5.54108E-04 -1.52077E-03  5.99848E+00
  6.30000E+01 -8.65412E-05  5.08940E-04 -1.56594E-03  5.99843E+00
  6.68300E+01 -7.53849E-05  4.51361E-04 -1.62351E-03  5.99838E+00
  6.80000E+01 -7.23865E-05  4.37265E-04 -1.63761E-03  5.99836E+00
  7.00000E+01 -6.76422E-05  4.13186E-04 -1.66170E-03  5.99834E+00
  7.49600E+01 -5.76445E-05  3.62543E-04 -1.71234E-03  5.99829E+00
  7.71100E+01 -5.39594E-05  3.43454E-04 -1.73143E-03  5.99827E+00
  8.00000E+01 -4.95149E-05  3.20083E-04 -1.75479E-03  5.99825E+00
  8.50000E+01 -4.30278E-05  2.87700E-04 -1.78718E-03  5.99821E+00
  9.00000E+01 -3.76920E-05  2.55367E-04 -1.81951E-03  5.99818E+00
  9.50000E+01 -3.32649E-05  2.31960E-04 -1.84292E-03  5.99816E+00
  1.00000E+02 -2.95466E-05  2.08585E-04 -1.86629E-03  5.99813E+00
  1.10000E+02 -2.36623E-05  1.84824E-04 -1.89005E-03  5.99811E+00
  1.20000E+02 -1.93199E-05  1.61135E-04 -1.91374E-03  5.99809E+00
  1.33000E+02 -1.52867E-05  1.30413E-04 -1.94446E-03  5.99806E+00
  1.45400E+02 -1.24939E-05  1.01162E-04 -1.97371E-03  5.99803E+00
  1.50000E+02 -1.16435E-05  9.52336E-05 -1.97964E-03  5.99802E+00
  1.80000E+02 -7.70578E-06  7.06922E-05 -2.00419E-03  5.99800E+00
  2.00000E+02 -6.07046E-06  5.43863E-05 -2.02050E-03  5.99798E+00
  2.20000E+02 -4.95208E-06  4.64390E-05 -2.02844E-03  5.99797E+00
  2.44700E+02 -3.94469E-06  3.66482E-05 -2.03823E-03  5.99796E+00
  2.79200E+02 -2.97563E-06  2.82955E-05 -2.04659E-03  5.99795E+00
  3.00000E+02 -2.55203E-06  2.45552E-05 -2.05033E-03  5.99795E+00
  3.16500E+02 -2.29760E-06  2.20886E-05 -2.05279E-03  5.99795E+00
  3.20100E+02 -2.24719E-06  2.16012E-05 -2.05328E-03  5.99795E+00
  3.44300E+02 -1.94783E-06  1.87096E-05 -2.05617E-03  5.99794E+00
  4.00000E+02 -1.45143E-06  1.39043E-05 -2.06097E-03  5.99794E+00
  4.11100E+02 -1.38243E-06  1.31662E-05 -2.06172E-03  5.99794E+00
  4.11800E+02 -1.37825E-06  1.31217E-05 -2.06176E-03  5.99794E+00
  4.44000E+02 -1.20542E-06  1.13001E-05 -2.06358E-03  5.99794E+00
  4.68050E+02 -1.09741E-06  1.01759E-05 -2.06470E-03  5.99794E+00
  5.00000E+02 -9.75728E-07  8.91889E-06 -2.06596E-03  5.99793E+00
  6.00000E+02 -7.32599E-07  6.19783E-06 -2.06868E-03  5.99793E+00
  6.61600E+02 -6.31998E-07  5.09209E-06 -2.06979E-03  5.99793E+00
  7.00000E+02 -5.85879E-07  4.54716E-06 -2.07033E-03  5.99793E+00
  7.23300E+02 -5.60672E-07  4.25842E-06 -2.07062E-03  5.99793E+00
  7.78900E+02 -5.07589E-07  3.67050E-06 -2.07121E-03  5.99793E+00
  8.00000E+02 -4.89690E-07  3.47748E-06 -2.07140E-03  5.99793E+00
  8.67400E+02 -4.46904E-07  2.95593E-06 -2.07193E-03  5.99793E+00
  8.89200E+02 -4.34541E-07  2.81321E-06 -2.07207E-03  5.99793E+00
  9.00000E+02 -4.28652E-07  2.74646E-06 -2.07213E-03  5.99793E+00
  9.64000E+02 -3.96631E-07  2.39821E-06 -2.07248E-03  5.99793E+00
  1.00000E+03 -3.80531E-07  2.23760E-06 -2.07264E-03  5.99793E+00
  1.00480E+03 -3.75599E-07  2.21888E-06 -2.07266E-03  5.99793E+00
  1.08580E+03 -3.21468E-07  1.88686E-06 -2.07300E-03  5.99793E+00
  1.12050E+03 -3.11867E-07  1.76530E-06 -2.07312E-03  5.99793E+00
  1.12110E+03 -3.11704E-07  1.76332E-06 -2.07312E-03  5.99793E+00
  1.17320E+03 -2.99540E-07  1.60186E-06 -2.07328E-03  5.99793E+00
  1.27450E+03 -2.83235E-07  1.35600E-06 -2.07352E-03  5.99793E+00
  1.33250E+03 -2.70642E-07  1.24084E-06 -2.07364E-03  5.99793E+00
  1.40800E+03 -2.55412E-07  1.11111E-06 -2.07377E-03  5.99793E+00
  1.50000E+03 -2.38496E-07  9.77837E-07 -2.07390E-03  5.99793E+00
  2.00000E+03 -1.78436E-07  5.45654E-07 -2.07434E-03  5.99793E+00
  3.00000E+03 -1.20529E-07  2.39818E-07 -2.07464E-03  5.99793E+00
  4.00000E+03 -9.17100E-08  1.33343E-07 -2.07475E-03  5.99793E+00
  5.00000E+03 -7.42212E-08  8.45077E-08 -2.07480E-03  5.99793E+00
  5.00015E+03 -7.42192E-08  8.45025E-08 -2.07480E-03  5.99793E+00
  6.00000E+03 -6.23899E-08  5.81946E-08 -2.07482E-03  5.99793E+00
  7.00000E+03 -5.38611E-08  4.24446E-08 -2.07484E-03  5.99793E+00
  8.00000E+03 -4.73835E-08  3.22864E-08 -2.07485E-03  5.99793E+00
  9.00000E+03 -4.23260E-08  2.53616E-08 -2.07485E-03  5.99793E+00
  1.00000E+04 -3.82470E-08  2.04511E-08 -2.07486E-03  5.99793E+00
 *** END OF DATA ***
 
