 TITLE = Anomalous Scattering Factors, 07_N_asf
 # COLUMNS = 5
 LABEL 1 = photon energy, E (keV)
 LABEL 2 = g'' = -f''CL = -f2
 LABEL 3 = g'
 LABEL 4 = f'
 LABEL 5 = f1
 REMARK BEGIN = 07_N_asf
   ASF: ANOMALOUS-SCATTERING-FACTOR CONVERTER, VERSION 9A, May 21, 1996.
   ASF: RUN TIME/DATA/MACHINE= 17:30:04 May 23, 1996 www-phys
   INPUT G' FILE=  /home/rayleigh/data/asf/gn0sl|m=RE
   INPUT G'' FILE= /home/rayleigh/data/asf/gn0sl|m=IM
   OUTPUT FILE=    07_N_asf
   ASF: # G' VALUES FOUND IN INPUT G' FILE=     1134
   ASF: # G'' VALUES FOUND IN INPUT G'' FILE=   1132
   ASF: # EXPLICIT BOUND-BOUND TRANSITIONS=    108
   ASF: INPUT G'  FILE EKEVMIN, EKEVMAX=   0.00000E+00  1.00000E+04
   ASF: INPUT G'' FILE EKEVMIN, EKEVMAX=   0.00000E+00  1.00000E+04
       OUTPUT FILE EKEVMIN, EKEVMAX=       0.00000E+00  1.00000E+04
   ASF: RETAIN INPUT-FILE ENERGY GRID.
     # UNIQUE G'/G'' ENERGIES=   1411
 REMARK END = 07_N_asf
      E (keV)          g''           g'           f'           f1
  0.00000E+00  0.00000E+00 -6.99566E+00 -6.99865E+00  1.35000E-03
  1.00000E-03  0.00000E+00 -7.00907E+00 -7.01205E+00 -1.20523E-02
  1.50000E-03  0.00000E+00 -7.02611E+00 -7.02909E+00 -2.90890E-02
  2.00000E-03  0.00000E+00 -7.05048E+00 -7.05347E+00 -5.34689E-02
  3.00000E-03  0.00000E+00 -7.12382E+00 -7.12681E+00 -1.26808E-01
  3.87136E-03  0.00000E+00 -7.22002E+00 -7.22300E+00 -2.23002E-01
  4.00000E-03  0.00000E+00 -7.23734E+00 -7.24033E+00 -2.40329E-01
  4.50000E-03  0.00000E+00 -7.31392E+00 -7.31690E+00 -3.16901E-01
  5.00000E-03  0.00000E+00 -7.40824E+00 -7.41123E+00 -4.11228E-01
  5.50000E-03  0.00000E+00 -7.52649E+00 -7.52947E+00 -5.29467E-01
  6.00000E-03  0.00000E+00 -7.68017E+00 -7.68315E+00 -6.83155E-01
  6.50000E-03  0.00000E+00 -7.89563E+00 -7.89861E+00 -8.98609E-01
  7.00000E-03  0.00000E+00 -8.25966E+00 -8.26265E+00 -1.26265E+00
  7.40000E-03  0.00000E+00 -9.01063E+00 -9.01362E+00 -2.01362E+00
  7.74272E-03  0.00000E+00 -2.41600E+02 -2.41603E+02 -2.34603E+02
  7.74330E-03 -3.62834E+02 -1.26732E+02 -1.26735E+02 -1.19735E+02
  7.74387E-03 -7.19413E+02 -1.38519E+01 -1.38549E+01 -6.85486E+00
  7.74502E-03  0.00000E+00  2.13866E+02  2.13863E+02  2.20863E+02
  7.75521E-03  0.00000E+00  3.65291E+00  3.64992E+00  1.06499E+01
  7.76000E-03  0.00000E+00 -1.17647E+01 -1.17676E+01 -4.76764E+00
  7.76540E-03  0.00000E+00 -1.09525E+02 -1.09528E+02 -1.02528E+02
  7.76600E-03 -1.85606E+02 -5.14608E+01 -5.14638E+01 -4.44638E+01
  7.76656E-03 -3.58838E+02  3.60832E+00  3.60533E+00  1.06053E+01
  7.76772E-03  0.00000E+00  1.16803E+02  1.16800E+02  1.23800E+02
  8.00000E-03  0.00000E+00 -6.57354E+00 -6.57652E+00  4.23477E-01
  8.82564E-03  0.00000E+00 -8.44259E+00 -8.44557E+00 -1.44557E+00
  8.91000E-03  0.00000E+00 -8.56459E+00 -8.56757E+00 -1.56757E+00
  9.00000E-03  0.00000E+00 -8.70117E+00 -8.70416E+00 -1.70416E+00
  9.20000E-03  0.00000E+00 -9.04608E+00 -9.04907E+00 -2.04907E+00
  9.40000E-03  0.00000E+00 -9.50049E+00 -9.50347E+00 -2.50347E+00
  9.60000E-03  0.00000E+00 -1.02317E+01 -1.02346E+01 -3.23465E+00
  9.88357E-03  0.00000E+00 -6.28708E+01 -6.28738E+01 -5.58738E+01
  9.88477E-03 -1.51592E+02 -1.48329E+01 -1.48359E+01 -7.83591E+00
  9.88597E-03  0.00000E+00  3.31962E+01  3.31932E+01  4.01932E+01
  9.89611E-03  0.00000E+00 -1.16556E+01 -1.16586E+01 -4.65856E+00
  9.90626E-03  0.00000E+00 -3.63435E+01 -3.63464E+01 -2.93464E+01
  9.90746E-03 -7.56760E+01 -1.25422E+01 -1.25452E+01 -5.54523E+00
  9.90866E-03  0.00000E+00  1.12690E+01  1.12660E+01  1.82660E+01
  9.93617E-03  0.00000E+00 -1.79266E+01 -1.79296E+01 -1.09296E+01
  9.95000E-03  0.00000E+00 -2.69574E+01 -2.69604E+01 -1.99604E+01
  9.96369E-03  0.00000E+00 -2.09104E+02 -2.09107E+02 -2.02107E+02
  9.96430E-03 -3.12741E+02 -1.09638E+02 -1.09641E+02 -1.02641E+02
  9.96489E-03 -6.15229E+02 -1.34637E+01 -1.34667E+01 -6.46667E+00
  9.96609E-03  0.00000E+00  1.81640E+02  1.81637E+02  1.88637E+02
  9.97623E-03  0.00000E+00  1.74572E+00  1.74273E+00  8.74273E+00
  9.98100E-03  0.00000E+00 -1.19499E+01 -1.19529E+01 -4.95289E+00
  9.98637E-03  0.00000E+00 -9.53962E+01 -9.53992E+01 -8.83992E+01
  9.98700E-03 -1.60922E+02 -4.45223E+01 -4.45253E+01 -3.75253E+01
  9.98757E-03 -3.06519E+02  1.55807E+00  1.55509E+00  8.55509E+00
  9.98877E-03  0.00000E+00  9.85708E+01  9.85678E+01  1.05568E+02
  1.00000E-02  0.00000E+00  7.17040E+00  7.16742E+00  1.41674E+01
  1.01500E-02  0.00000E+00 -7.84188E+00 -7.84486E+00 -8.44863E-01
  1.02920E-02  0.00000E+00 -9.39592E+00 -9.39890E+00 -2.39890E+00
  1.04400E-02  0.00000E+00 -1.07773E+01 -1.07802E+01 -3.78024E+00
  1.05952E-02  0.00000E+00 -3.41529E+01 -3.41559E+01 -2.71559E+01
  1.05964E-02 -5.79331E+01 -1.60975E+01 -1.61005E+01 -9.10050E+00
  1.05976E-02  0.00000E+00  1.94220E+00  1.93922E+00  8.93922E+00
  1.06077E-02  0.00000E+00 -1.72357E+01 -1.72387E+01 -1.02387E+01
  1.06179E-02  0.00000E+00 -3.34226E+01 -3.34256E+01 -2.64256E+01
  1.06191E-02 -2.89261E+01 -2.62737E+01 -2.62766E+01 -1.92766E+01
  1.06203E-02  0.00000E+00 -1.97346E+01 -1.97376E+01 -1.27376E+01
  1.06233E-02  0.00000E+00 -3.87332E+01 -3.87361E+01 -3.17361E+01
  1.06263E-02  0.00000E+00 -1.11265E+02 -1.11268E+02 -1.04268E+02
  1.06275E-02 -3.18374E+02 -1.13657E+01 -1.13686E+01 -4.36863E+00
  1.06287E-02  0.00000E+00  8.85756E+01  8.85726E+01  9.55726E+01
  1.06388E-02  0.00000E+00 -4.19562E+00 -4.19861E+00  2.80139E+00
  1.06490E-02  0.00000E+00 -5.43135E+01 -5.43165E+01 -4.73165E+01
  1.06502E-02 -1.58681E+02 -4.67966E+00 -4.68264E+00  2.31736E+00
  1.06514E-02  0.00000E+00  4.49860E+01  4.49830E+01  5.19830E+01
  1.07200E-02  0.00000E+00 -8.90537E+00 -8.90835E+00 -1.90835E+00
  1.07846E-02  0.00000E+00 -1.06290E+01 -1.06320E+01 -3.63196E+00
  1.08500E-02  0.00000E+00 -1.21304E+01 -1.21334E+01 -5.13343E+00
  1.09179E-02  0.00000E+00 -2.57654E+01 -2.57684E+01 -1.87684E+01
  1.09191E-02 -2.83714E+01 -1.72487E+01 -1.72517E+01 -1.02517E+01
  1.09203E-02  0.00000E+00 -8.79013E+00 -8.79312E+00 -1.79312E+00
  1.09267E-02  0.00000E+00 -2.06250E+01 -2.06279E+01 -1.36279E+01
  1.09332E-02  0.00000E+00 -6.79705E+01 -6.79735E+01 -6.09735E+01
  1.09344E-02 -1.74916E+02 -1.34032E+01 -1.34062E+01 -6.40618E+00
  1.09356E-02  0.00000E+00  4.11245E+01  4.11215E+01  4.81215E+01
  1.09381E-02  0.00000E+00  3.71099E+00  3.70801E+00  1.07080E+01
  1.09406E-02  0.00000E+00 -7.01022E+00 -7.01320E+00 -1.31982E-02
  1.09418E-02 -1.41669E+01 -4.55004E+00 -4.55302E+00  2.44698E+00
  1.09430E-02  0.00000E+00 -1.61932E+00 -1.62230E+00  5.37770E+00
  1.09494E-02  0.00000E+00 -1.08861E+01 -1.08891E+01 -3.88907E+00
  1.09559E-02  0.00000E+00 -3.56709E+01 -3.56739E+01 -2.86739E+01
  1.09571E-02 -8.71928E+01 -8.57718E+00 -8.58017E+00 -1.58017E+00
  1.09583E-02  0.00000E+00  1.85382E+01  1.85353E+01  2.55353E+01
  1.10247E-02  0.00000E+00 -1.20459E+01 -1.20489E+01 -5.04888E+00
  1.10912E-02  0.00000E+00 -2.27543E+01 -2.27573E+01 -1.57573E+01
  1.10924E-02 -1.60213E+01 -1.83727E+01 -1.83756E+01 -1.13756E+01
  1.10936E-02  0.00000E+00 -1.41753E+01 -1.41783E+01 -7.17826E+00
  1.10967E-02  0.00000E+00 -2.17363E+01 -2.17393E+01 -1.47393E+01
  1.10999E-02  0.00000E+00 -4.60350E+01 -4.60380E+01 -3.90380E+01
  1.11011E-02 -1.04682E+02 -1.35208E+01 -1.35238E+01 -6.52378E+00
  1.11023E-02  0.00000E+00  1.90127E+01  1.90098E+01  2.60098E+01
  1.11081E-02  0.00000E+00 -8.81896E+00 -8.82194E+00 -1.82194E+00
  1.11139E-02  0.00000E+00 -1.45239E+01 -1.45269E+01 -7.52686E+00
  1.11151E-02 -8.00036E+00 -1.26261E+01 -1.26290E+01 -5.62903E+00
  1.11163E-02  0.00000E+00 -1.07744E+01 -1.07774E+01 -3.77736E+00
  1.11194E-02  0.00000E+00 -1.50246E+01 -1.50276E+01 -8.02756E+00
  1.11226E-02  0.00000E+00 -2.74665E+01 -2.74695E+01 -2.04695E+01
  1.11238E-02 -5.21856E+01 -1.13591E+01 -1.13621E+01 -4.36212E+00
  1.11250E-02  0.00000E+00  4.77246E+00  4.76948E+00  1.17695E+01
  1.11600E-02  0.00000E+00 -1.35325E+01 -1.35355E+01 -6.53546E+00
  1.11950E-02  0.00000E+00 -2.16664E+01 -2.16693E+01 -1.46693E+01
  1.11962E-02 -9.93707E+00 -1.95168E+01 -1.95198E+01 -1.25198E+01
  1.11974E-02  0.00000E+00 -1.78730E+01 -1.78760E+01 -1.08760E+01
  1.11989E-02  0.00000E+00 -2.30968E+01 -2.30998E+01 -1.60998E+01
  1.12004E-02  0.00000E+00 -3.49770E+01 -3.49800E+01 -2.79800E+01
  1.12016E-02 -6.71736E+01 -1.43035E+01 -1.43064E+01 -7.30645E+00
  1.12028E-02  0.00000E+00  6.44006E+00  6.43707E+00  1.34371E+01
  1.12102E-02  0.00000E+00 -1.25123E+01 -1.25153E+01 -5.51528E+00
  1.12177E-02  0.00000E+00 -1.67461E+01 -1.67491E+01 -9.74907E+00
  1.12189E-02 -4.96225E+00 -1.58280E+01 -1.58310E+01 -8.83101E+00
  1.12201E-02  0.00000E+00 -1.51612E+01 -1.51642E+01 -8.16422E+00
  1.12215E-02  0.00000E+00 -1.77884E+01 -1.77914E+01 -1.07914E+01
  1.12230E-02  0.00000E+00 -2.38429E+01 -2.38459E+01 -1.68459E+01
  1.12242E-02 -3.34886E+01 -1.36310E+01 -1.36340E+01 -6.63395E+00
  1.12254E-02  0.00000E+00 -3.37354E+00 -3.37653E+00  3.62347E+00
  1.12437E-02  0.00000E+00 -1.50088E+01 -1.50118E+01 -8.01180E+00
  1.12620E-02  0.00000E+00 -2.13002E+01 -2.13032E+01 -1.43032E+01
  1.12632E-02 -6.58926E+00 -2.05695E+01 -2.05725E+01 -1.35725E+01
  1.12644E-02  0.00000E+00 -2.10734E+01 -2.10764E+01 -1.40764E+01
  1.12650E-02  0.00000E+00 -2.42126E+01 -2.42156E+01 -1.72156E+01
  1.12656E-02  0.00000E+00 -2.89435E+01 -2.89464E+01 -2.19464E+01
  1.12668E-02 -4.55282E+01 -1.52037E+01 -1.52066E+01 -8.20663E+00
  1.12680E-02  0.00000E+00 -1.28811E+00 -1.29109E+00  5.70891E+00
  1.12763E-02  0.00000E+00 -1.47793E+01 -1.47823E+01 -7.78228E+00
  1.12847E-02  0.00000E+00 -1.83628E+01 -1.83657E+01 -1.13657E+01
  1.12859E-02 -3.29050E+00 -1.81097E+01 -1.81127E+01 -1.11127E+01
  1.12871E-02  0.00000E+00 -1.84667E+01 -1.84697E+01 -1.14697E+01
  1.12877E-02  0.00000E+00 -2.00836E+01 -2.00866E+01 -1.30866E+01
  1.12883E-02  0.00000E+00 -2.24889E+01 -2.24919E+01 -1.54919E+01
  1.12895E-02 -2.26984E+01 -1.57415E+01 -1.57444E+01 -8.74444E+00
  1.12907E-02  0.00000E+00 -8.90473E+00 -8.90772E+00 -1.90772E+00
  1.12992E-02  0.00000E+00 -1.64340E+01 -1.64370E+01 -9.43702E+00
  1.13078E-02  0.00000E+00 -2.11989E+01 -2.12019E+01 -1.42019E+01
  1.13090E-02 -4.59424E+00 -2.15299E+01 -2.15329E+01 -1.45329E+01
  1.13102E-02  0.00000E+00 -2.48714E+01 -2.48744E+01 -1.78744E+01
  1.13103E-02  0.00000E+00 -2.52963E+01 -2.52993E+01 -1.82993E+01
  1.13115E-02 -3.22242E+01 -1.60481E+01 -1.60511E+01 -9.05110E+00
  1.13127E-02  0.00000E+00 -6.37055E+00 -6.37354E+00  6.26462E-01
  1.13216E-02  0.00000E+00 -1.65604E+01 -1.65634E+01 -9.56342E+00
  1.13305E-02  0.00000E+00 -2.00120E+01 -2.00150E+01 -1.30150E+01
  1.13317E-02 -2.29426E+00 -2.03308E+01 -2.03338E+01 -1.33338E+01
  1.13329E-02  0.00000E+00 -2.21685E+01 -2.21715E+01 -1.51715E+01
  1.13330E-02  0.00000E+00 -2.23915E+01 -2.23945E+01 -1.53945E+01
  1.13342E-02 -1.60667E+01 -1.79831E+01 -1.79860E+01 -1.09860E+01
  1.13354E-02  0.00000E+00 -1.34006E+01 -1.34036E+01 -6.40363E+00
  1.13387E-02  0.00000E+00 -1.84545E+01 -1.84575E+01 -1.14575E+01
  1.13420E-02  0.00000E+00 -2.52991E+01 -2.53020E+01 -1.83020E+01
  1.13432E-02 -2.69494E+01 -1.71505E+01 -1.71535E+01 -1.01535E+01
  1.13444E-02  0.00000E+00 -8.97552E+00 -8.97851E+00 -1.97851E+00
  1.13545E-02  0.00000E+00 -1.82498E+01 -1.82528E+01 -1.12528E+01
  1.13646E-02  0.00000E+00 -2.63628E+01 -2.63658E+01 -1.93658E+01
  1.13658E-02 -1.59318E+01 -2.43054E+01 -2.43084E+01 -1.73084E+01
  1.13659E-02  0.00000E+00 -2.40959E+01 -2.40989E+01 -1.70989E+01
  1.13665E-02  0.00000E+00 -1.89218E+01 -1.89248E+01 -1.19248E+01
  1.13671E-02  0.00000E+00 -1.39427E+01 -1.39457E+01 -6.94570E+00
  1.13683E-02  0.00000E+00 -1.09914E+01 -1.09944E+01 -3.99439E+00
  1.13760E-02  0.00000E+00 -1.88815E+01 -1.88845E+01 -1.18845E+01
  1.13837E-02  0.00000E+00 -2.48851E+01 -2.48881E+01 -1.78881E+01
  1.13850E-02 -1.56756E+01 -2.03095E+01 -2.03125E+01 -1.33125E+01
  1.13862E-02  0.00000E+00 -1.59809E+01 -1.59839E+01 -8.98390E+00
  1.13873E-02  0.00000E+00 -1.90516E+01 -1.90546E+01 -1.20546E+01
  1.13884E-02  0.00000E+00 -2.16071E+01 -2.16101E+01 -1.46101E+01
  1.13896E-02 -1.01266E+01 -1.91402E+01 -1.91432E+01 -1.21432E+01
  1.13909E-02  0.00000E+00 -1.65045E+01 -1.65075E+01 -9.50748E+00
  1.13943E-02  0.00000E+00 -2.00571E+01 -2.00600E+01 -1.30600E+01
  1.13978E-02  0.00000E+00 -2.39798E+01 -2.39828E+01 -1.69828E+01
  1.13990E-02 -1.23503E+01 -2.04595E+01 -2.04625E+01 -1.34625E+01
  1.14002E-02  0.00000E+00 -1.69438E+01 -1.69468E+01 -9.94681E+00
  1.14033E-02  0.00000E+00 -2.06612E+01 -2.06642E+01 -1.36642E+01
  1.14064E-02  0.00000E+00 -2.38439E+01 -2.38469E+01 -1.68469E+01
  1.14077E-02 -7.81743E+00 -2.22455E+01 -2.22485E+01 -1.52485E+01
  1.14089E-02  0.00000E+00 -2.16374E+01 -2.16404E+01 -1.46404E+01
  1.14101E-02 -9.90110E+00 -2.00620E+01 -2.00650E+01 -1.30650E+01
  1.14113E-02  0.00000E+00 -1.76895E+01 -1.76925E+01 -1.06925E+01
  1.14147E-02  0.00000E+00 -2.13072E+01 -2.13102E+01 -1.43102E+01
  1.14180E-02  0.00000E+00 -2.46509E+01 -2.46539E+01 -1.76539E+01
  1.14192E-02 -8.80767E+00 -2.25094E+01 -2.25124E+01 -1.55124E+01
  1.14204E-02  0.00000E+00 -2.08141E+01 -2.08171E+01 -1.38171E+01
  1.14205E-02  0.00000E+00 -2.10234E+01 -2.10264E+01 -1.40264E+01
  1.14206E-02  0.00000E+00 -2.12989E+01 -2.13019E+01 -1.43019E+01
  1.14218E-02 -5.40932E+00 -2.11427E+01 -2.11457E+01 -1.41457E+01
  1.14230E-02  0.00000E+00 -2.03459E+01 -2.03489E+01 -1.33489E+01
  1.14241E-02  0.00000E+00 -2.19228E+01 -2.19258E+01 -1.49258E+01
  1.14252E-02  0.00000E+00 -2.36054E+01 -2.36084E+01 -1.66084E+01
  1.14264E-02 -6.64519E+00 -2.21626E+01 -2.21655E+01 -1.51655E+01
  1.14277E-02  0.00000E+00 -2.06219E+01 -2.06249E+01 -1.36249E+01
  1.14295E-02  0.00000E+00 -2.28228E+01 -2.28257E+01 -1.58257E+01
  1.14314E-02  0.00000E+00 -2.56946E+01 -2.56976E+01 -1.86976E+01
  1.14326E-02 -1.04814E+01 -2.28931E+01 -2.28961E+01 -1.58961E+01
  1.14339E-02  0.00000E+00 -2.01061E+01 -2.01091E+01 -1.31091E+01
  1.14351E-02  0.00000E+00 -2.22719E+01 -2.22748E+01 -1.52748E+01
  1.14363E-02  0.00000E+00 -2.38972E+01 -2.39002E+01 -1.69002E+01
  1.14376E-02 -4.67279E+00 -2.31740E+01 -2.31770E+01 -1.61770E+01
  1.14388E-02  0.00000E+00 -2.24802E+01 -2.24832E+01 -1.54832E+01
  1.14397E-02  0.00000E+00 -2.38554E+01 -2.38584E+01 -1.68584E+01
  1.14406E-02  0.00000E+00 -2.54286E+01 -2.54315E+01 -1.84315E+01
  1.14418E-02 -7.99337E+00 -2.35411E+01 -2.35441E+01 -1.65441E+01
  1.14430E-02  0.00000E+00 -2.16581E+01 -2.16611E+01 -1.46611E+01
  1.14437E-02  0.00000E+00 -2.29067E+01 -2.29097E+01 -1.59097E+01
  1.14444E-02  0.00000E+00 -2.39417E+01 -2.39447E+01 -1.69447E+01
  1.14456E-02 -3.00124E+00 -2.39269E+01 -2.39299E+01 -1.69299E+01
  1.14468E-02  0.00000E+00 -2.39508E+01 -2.39538E+01 -1.69538E+01
  1.14473E-02  0.00000E+00 -2.47435E+01 -2.47465E+01 -1.77465E+01
  1.14477E-02  0.00000E+00 -2.55057E+01 -2.55087E+01 -1.85087E+01
  1.14490E-02 -6.31491E+00 -2.43242E+01 -2.43272E+01 -1.73272E+01
  1.14502E-02  0.00000E+00 -2.31148E+01 -2.31177E+01 -1.61177E+01
  1.14508E-02  0.00000E+00 -2.42578E+01 -2.42608E+01 -1.72608E+01
  1.14514E-02  0.00000E+00 -2.53324E+01 -2.53354E+01 -1.83354E+01
  1.14526E-02 -4.88732E+00 -2.47128E+01 -2.47158E+01 -1.77158E+01
  1.14538E-02  0.00000E+00 -2.42003E+01 -2.42033E+01 -1.72033E+01
  1.14541E-02  0.00000E+00 -2.47655E+01 -2.47685E+01 -1.77685E+01
  1.14543E-02  0.00000E+00 -2.51895E+01 -2.51925E+01 -1.81925E+01
  1.14555E-02 -4.76934E+00 -2.47295E+01 -2.47325E+01 -1.77325E+01
  1.14567E-02  0.00000E+00 -2.41131E+01 -2.41161E+01 -1.71161E+01
  1.14574E-02  0.00000E+00 -2.52100E+01 -2.52129E+01 -1.82129E+01
  1.14581E-02  0.00000E+00 -2.64142E+01 -2.64172E+01 -1.94172E+01
  1.14593E-02 -5.67640E+00 -2.54788E+01 -2.54817E+01 -1.84817E+01
  1.14604E-02  0.00000E+00 -2.47935E+01 -2.47964E+01 -1.77964E+01
  1.14605E-02  0.00000E+00 -2.46270E+01 -2.46299E+01 -1.76299E+01
  1.14616E-02 -2.66275E+00 -2.52341E+01 -2.52371E+01 -1.82371E+01
  1.14628E-02  0.00000E+00 -2.56689E+01 -2.56719E+01 -1.86719E+01
  1.14631E-02  0.00000E+00 -2.62011E+01 -2.62041E+01 -1.92041E+01
  1.14633E-02  0.00000E+00 -2.65243E+01 -2.65273E+01 -1.95273E+01
  1.14645E-02 -5.06083E+00 -2.58541E+01 -2.58571E+01 -1.88571E+01
  1.14657E-02  0.00000E+00 -2.51780E+01 -2.51810E+01 -1.81810E+01
  1.14661E-02  0.00000E+00 -2.59284E+01 -2.59314E+01 -1.89314E+01
  1.14665E-02  0.00000E+00 -2.67030E+01 -2.67060E+01 -1.97060E+01
  1.14677E-02 -4.44437E+00 -2.62903E+01 -2.62933E+01 -1.92933E+01
  1.14690E-02  0.00000E+00 -2.59718E+01 -2.59747E+01 -1.89747E+01
  1.14692E-02  0.00000E+00 -2.63893E+01 -2.63923E+01 -1.93923E+01
  1.14695E-02  0.00000E+00 -2.69942E+01 -2.69972E+01 -1.99972E+01
  1.14707E-02 -4.41692E+00 -2.66477E+01 -2.66507E+01 -1.96507E+01
  1.14720E-02  0.00000E+00 -2.64642E+01 -2.64672E+01 -1.94672E+01
  1.14721E-02  0.00000E+00 -2.66943E+01 -2.66973E+01 -1.96973E+01
  1.14722E-02  0.00000E+00 -2.69077E+01 -2.69107E+01 -1.99107E+01
  1.14734E-02 -3.87841E+00 -2.68767E+01 -2.68797E+01 -1.98797E+01
  1.14746E-02  0.00000E+00 -2.68552E+01 -2.68582E+01 -1.98582E+01
  1.14747E-02  0.00000E+00 -2.68831E+01 -2.68861E+01 -1.98861E+01
  1.14759E-02 -3.40800E+00 -2.70499E+01 -2.70529E+01 -2.00529E+01
  1.14769E-02  0.00000E+00 -2.70921E+01 -2.70951E+01 -2.00951E+01
  1.14770E-02  0.00000E+00 -2.69967E+01 -2.69996E+01 -1.99996E+01
  1.14771E-02  0.00000E+00 -2.68964E+01 -2.68994E+01 -1.98994E+01
  1.14781E-02 -2.45395E+00 -2.72525E+01 -2.72555E+01 -2.02555E+01
  1.14794E-02  0.00000E+00 -2.73921E+01 -2.73951E+01 -2.03951E+01
  1.14797E-02  0.00000E+00 -2.77759E+01 -2.77789E+01 -2.07789E+01
  1.14801E-02  0.00000E+00 -2.82463E+01 -2.82493E+01 -2.12493E+01
  1.14807E-02  0.00000E+00 -2.84636E+01 -2.84666E+01 -2.14666E+01
  1.14814E-02 -1.66878E+00 -2.86866E+01 -2.86896E+01 -2.16896E+01
  1.14820E-02  0.00000E+00 -2.89215E+01 -2.89245E+01 -2.19245E+01
  1.14826E-02 -1.23466E+00 -2.98374E+01 -2.98404E+01 -2.28404E+01
  1.14828E-02 -1.23471E+00 -2.95539E+01 -2.95569E+01 -2.25569E+01
  1.14831E-02 -1.23475E+00 -2.96736E+01 -2.96766E+01 -2.26766E+01
  1.14837E-02 -1.89885E+00 -2.96951E+01 -2.96981E+01 -2.26981E+01
  1.14843E-02 -2.56295E+00 -2.92236E+01 -2.92265E+01 -2.22265E+01
  1.14849E-02 -1.89908E+00 -2.91859E+01 -2.91889E+01 -2.21889E+01
  1.14855E-02 -1.23521E+00 -2.91964E+01 -2.91993E+01 -2.21993E+01
  1.14857E-02 -1.23524E+00 -2.93266E+01 -2.93296E+01 -2.23296E+01
  1.14859E-02 -1.23528E+00 -2.94891E+01 -2.94921E+01 -2.24921E+01
  1.14865E-02 -2.00307E+00 -2.94863E+01 -2.94893E+01 -2.24893E+01
  1.14871E-02 -2.77087E+00 -2.94541E+01 -2.94571E+01 -2.24571E+01
  1.14877E-02 -2.06234E+00 -2.94300E+01 -2.94330E+01 -2.24330E+01
  1.14884E-02 -1.23573E+00 -2.94686E+01 -2.94716E+01 -2.24716E+01
  1.14886E-02 -1.23578E+00 -2.96297E+01 -2.96327E+01 -2.26327E+01
  1.14889E-02 -1.23583E+00 -2.98522E+01 -2.98552E+01 -2.28552E+01
  1.14901E-02 -2.70629E+00 -2.98763E+01 -2.98793E+01 -2.28793E+01
  1.14913E-02 -1.23628E+00 -2.99158E+01 -2.99187E+01 -2.29187E+01
  1.14915E-02 -1.23632E+00 -3.00685E+01 -3.00715E+01 -2.30715E+01
  1.14917E-02 -1.23636E+00 -3.02382E+01 -3.02412E+01 -2.32412E+01
  1.14930E-02 -2.69303E+00 -3.03386E+01 -3.03416E+01 -2.33416E+01
  1.14942E-02 -1.23682E+00 -3.04084E+01 -3.04114E+01 -2.34114E+01
  1.14943E-02 -1.23684E+00 -3.04947E+01 -3.04977E+01 -2.34977E+01
  1.14945E-02 -1.23686E+00 -3.06459E+01 -3.06488E+01 -2.36488E+01
  1.14957E-02 -2.48444E+00 -3.08079E+01 -3.08108E+01 -2.38108E+01
  1.14969E-02 -1.23732E+00 -3.09729E+01 -3.09759E+01 -2.39759E+01
  1.14970E-02 -1.23733E+00 -3.10482E+01 -3.10512E+01 -2.40512E+01
  1.14983E-02 -2.36155E+00 -3.13179E+01 -3.13209E+01 -2.43209E+01
  1.14990E-02 -1.23770E+00 -3.14300E+01 -3.14330E+01 -2.44330E+01
  1.14992E-02 -1.23775E+00 -3.14213E+01 -3.14243E+01 -2.44243E+01
  1.14995E-02 -1.23780E+00 -3.14139E+01 -3.14168E+01 -2.44168E+01
  1.15002E-02 -1.83162E+00 -3.17220E+01 -3.17250E+01 -2.47250E+01
  1.15014E-02 -1.45971E+00 -3.20891E+01 -3.20921E+01 -2.50921E+01
  1.15022E-02 -1.65619E+00 -3.23687E+01 -3.23717E+01 -2.53717E+01
  1.15030E-02 -1.85475E+00 -3.25272E+01 -3.25302E+01 -2.55302E+01
  1.15040E-02 -1.85502E+00 -3.26559E+01 -3.26589E+01 -2.56589E+01
  1.15050E-02 -1.85529E+00 -3.28387E+01 -3.28416E+01 -2.58416E+01
  1.15060E-02 -1.85556E+00 -3.30502E+01 -3.30531E+01 -2.60531E+01
  1.15070E-02 -1.85583E+00 -3.32715E+01 -3.32745E+01 -2.62745E+01
  1.15080E-02 -1.85610E+00 -3.35003E+01 -3.35033E+01 -2.65033E+01
  1.15090E-02 -1.85637E+00 -3.37355E+01 -3.37385E+01 -2.67385E+01
  1.15110E-02 -1.85691E+00 -3.42236E+01 -3.42265E+01 -2.72265E+01
  1.15130E-02 -1.85744E+00 -3.47339E+01 -3.47369E+01 -2.77369E+01
  1.15145E-02 -1.85784E+00 -3.51316E+01 -3.51346E+01 -2.81346E+01
  1.15160E-02 -1.85825E+00 -3.55422E+01 -3.55452E+01 -2.85452E+01
  1.15200E-02 -1.85932E+00 -3.67043E+01 -3.67073E+01 -2.97073E+01
  1.15230E-02 -1.86013E+00 -3.76450E+01 -3.76480E+01 -3.06480E+01
  1.15260E-02 -1.86094E+00 -3.86512E+01 -3.86542E+01 -3.16542E+01
  1.15300E-02 -1.86201E+00 -4.01067E+01 -4.01097E+01 -3.31097E+01
  1.15350E-02 -1.86336E+00 -4.21370E+01 -4.21400E+01 -3.51400E+01
  1.15410E-02 -1.86498E+00 -4.49474E+01 -4.49504E+01 -3.79504E+01
  1.15460E-02 -1.86633E+00 -4.76772E+01 -4.76801E+01 -4.06801E+01
  1.15514E-02 -1.86779E+00 -5.11299E+01 -5.11329E+01 -4.41329E+01
  1.15590E-02 -1.86984E+00 -5.71915E+01 -5.71945E+01 -5.01945E+01
  1.15660E-02 -1.87172E+00 -6.45910E+01 -6.45940E+01 -5.75940E+01
  1.15730E-02 -1.87361E+00 -7.48008E+01 -7.48037E+01 -6.78037E+01
  1.15800E-02 -1.87549E+00 -9.00087E+01 -9.00117E+01 -8.30117E+01
  1.15910E-02 -1.87846E+00 -1.41875E+02 -1.41878E+02 -1.34878E+02
  1.16015E-02 -1.88129E+00 -8.23935E+02 -8.23938E+02 -8.16938E+02
  1.16021E-02 -1.19191E+03 -4.57014E+02 -4.57017E+02 -4.50017E+02
  1.16027E-02 -2.38193E+03 -9.02002E+01 -9.02032E+01 -8.32032E+01
  1.16039E-02 -1.88196E+00  6.43072E+02  6.43069E+02  6.50069E+02
  1.16140E-02 -1.88470E+00 -8.95078E+01 -8.95107E+01 -8.25107E+01
  1.16190E-02 -1.88604E+00 -2.43400E+02 -2.43403E+02 -2.36403E+02
  1.16242E-02 -1.88743E+00 -1.44600E+03 -1.44600E+03 -1.43900E+03
  1.16248E-02 -2.39264E+03 -7.06250E+02 -7.06253E+02 -6.99253E+02
  1.16254E-02 -4.78340E+03  3.35638E+01  3.35609E+01  4.05609E+01
  1.16266E-02 -1.88810E+00  1.51336E+03  1.51336E+03  1.52036E+03
  1.16500E-02 -1.89422E+00  8.84411E+01  8.84381E+01  9.54381E+01
  1.16700E-02 -1.89945E+00  4.83870E+01  4.83840E+01  5.53840E+01
  1.16900E-02 -1.90468E+00  3.21933E+01  3.21903E+01  3.91903E+01
  1.17100E-02 -1.90992E+00  2.33408E+01  2.33378E+01  3.03378E+01
  1.17300E-02 -1.91515E+00  1.77395E+01  1.77365E+01  2.47365E+01
  1.17500E-02 -1.92038E+00  1.38701E+01  1.38671E+01  2.08671E+01
  1.18000E-02 -1.93346E+00  7.96452E+00  7.96154E+00  1.49615E+01
  1.18500E-02 -1.94592E+00  4.62754E+00  4.62456E+00  1.16246E+01
  1.19000E-02 -1.95839E+00  2.48335E+00  2.48037E+00  9.48037E+00
  1.19500E-02 -1.97085E+00  9.90300E-01  9.87320E-01  7.98732E+00
  1.20000E-02 -1.98331E+00 -1.08404E-01 -1.11384E-01  6.88862E+00
  1.20700E-02 -2.00005E+00 -1.23358E+00 -1.23656E+00  5.76344E+00
  1.21500E-02 -2.01918E+00 -2.15128E+00 -2.15426E+00  4.84574E+00
  1.22200E-02 -2.03530E+00 -2.75071E+00 -2.75369E+00  4.24631E+00
  1.23000E-02 -2.05373E+00 -3.28122E+00 -3.28420E+00  3.71580E+00
  1.23700E-02 -2.06933E+00 -3.64979E+00 -3.65277E+00  3.34723E+00
  1.24500E-02 -2.08715E+00 -3.99203E+00 -3.99501E+00  3.00499E+00
  1.26000E-02 -2.11964E+00 -4.47569E+00 -4.47867E+00  2.52133E+00
  1.28000E-02 -2.16046E+00 -4.91730E+00 -4.92028E+00  2.07972E+00
  1.30000E-02 -2.19974E+00 -5.21931E+00 -5.22230E+00  1.77770E+00
  1.32000E-02 -2.23748E+00 -5.43442E+00 -5.43740E+00  1.56260E+00
  1.35000E-02 -2.29082E+00 -5.65532E+00 -5.65830E+00  1.34170E+00
  1.37000E-02 -2.32431E+00 -5.75746E+00 -5.76044E+00  1.23956E+00
  1.40000E-02 -2.37174E+00 -5.86671E+00 -5.86969E+00  1.13031E+00
  1.42000E-02 -2.40186E+00 -5.91784E+00 -5.92082E+00  1.07918E+00
  1.45000E-02 -2.44464E+00 -5.97184E+00 -5.97482E+00  1.02518E+00
  1.47000E-02 -2.47169E+00 -5.99717E+00 -6.00015E+00  9.99848E-01
  1.50000E-02 -2.51015E+00 -6.01877E+00 -6.02175E+00  9.78250E-01
  1.51000E-02 -2.52218E+00 -6.02371E+00 -6.02669E+00  9.73308E-01
  1.52000E-02 -2.53418E+00 -6.02707E+00 -6.03006E+00  9.69935E-01
  1.55000E-02 -2.56846E+00 -6.03137E+00 -6.03436E+00  9.65642E-01
  1.58000E-02 -2.60091E+00 -6.02801E+00 -6.03099E+00  9.69005E-01
  1.59500E-02 -2.61623E+00 -6.02453E+00 -6.02752E+00  9.72483E-01
  1.60939E-02 -2.63087E+00 -6.01946E+00 -6.02245E+00  9.77547E-01
  1.65000E-02 -2.66905E+00 -6.00048E+00 -6.00347E+00  9.96529E-01
  1.70000E-02 -2.71145E+00 -5.96950E+00 -5.97249E+00  1.02751E+00
  1.75000E-02 -2.74975E+00 -5.93370E+00 -5.93668E+00  1.06332E+00
  1.80000E-02 -2.78436E+00 -5.89548E+00 -5.89846E+00  1.10154E+00
  1.85000E-02 -2.81516E+00 -5.85825E+00 -5.86123E+00  1.13877E+00
  1.90000E-02 -2.84257E+00 -5.82557E+00 -5.82856E+00  1.17144E+00
  1.95000E-02 -2.86687E+00 -5.80633E+00 -5.80932E+00  1.19068E+00
  2.00000E-02 -2.88831E+00 -5.83476E+00 -5.83775E+00  1.16225E+00
  2.01500E-02 -2.89384E+00 -5.87751E+00 -5.88050E+00  1.11950E+00
  2.03000E-02 -2.89935E+00 -5.98194E+00 -5.98493E+00  1.01507E+00
  2.05611E-02 -2.90859E+00 -6.38971E+01 -6.39001E+01 -5.69001E+01
  2.05625E-02 -1.88072E+02 -6.81448E+00 -6.81746E+00  1.82543E-01
  2.05639E-02 -2.90869E+00  5.16509E+01  5.16479E+01  5.86479E+01
  2.10764E-02 -2.92473E+00 -5.47088E+00 -5.47387E+00  1.52613E+00
  2.15889E-02 -2.93917E+00 -5.62268E+00 -5.62567E+00  1.37433E+00
  2.15903E-02 -2.95324E+00 -5.61906E+00 -5.62204E+00  1.37796E+00
  2.15917E-02 -2.93925E+00 -5.61543E+00 -5.61842E+00  1.38158E+00
  2.17344E-02 -2.94239E+00 -5.76446E+00 -5.76744E+00  1.23256E+00
  2.18771E-02 -2.94546E+00 -3.21687E+01 -3.21717E+01 -2.51717E+01
  2.18786E-02 -8.83038E+01 -4.84750E+00 -4.85049E+00  2.14951E+00
  2.18800E-02 -2.94553E+00  2.16144E+01  2.16114E+01  2.86114E+01
  2.21301E-02 -2.95087E+00 -5.40553E+00 -5.40852E+00  1.59148E+00
  2.23801E-02 -2.95617E+00 -1.88455E+01 -1.88485E+01 -1.18485E+01
  2.23816E-02 -4.55889E+01 -5.12796E+00 -5.13094E+00  1.86906E+00
  2.23830E-02 -2.95623E+00  7.99621E+00  7.99323E+00  1.49932E+01
  2.25047E-02 -2.95824E+00 -5.36654E+00 -5.36952E+00  1.63048E+00
  2.26264E-02 -2.96015E+00 -1.29403E+01 -1.29433E+01 -5.94331E+00
  2.26279E-02 -2.68314E+01 -5.23570E+00 -5.23869E+00  1.76131E+00
  2.26293E-02 -2.96019E+00  2.08689E+00  2.08391E+00  9.08391E+00
  2.26973E-02 -2.96126E+00 -5.34892E+00 -5.35191E+00  1.64809E+00
  2.27652E-02 -2.96232E+00 -1.00037E+01 -1.00067E+01 -3.00667E+00
  2.27667E-02 -1.75601E+01 -5.28534E+00 -5.28833E+00  1.71167E+00
  2.27681E-02 -2.96236E+00 -8.17684E-01 -8.20664E-01  6.17934E+00
  2.28097E-02 -2.96301E+00 -5.33968E+00 -5.34267E+00  1.65733E+00
  2.28512E-02 -2.96365E+00 -8.39532E+00 -8.39831E+00 -1.39831E+00
  2.28527E-02 -1.25055E+01 -5.31032E+00 -5.31330E+00  1.68670E+00
  2.28541E-02 -2.96370E+00 -2.39596E+00 -2.39894E+00  4.60106E+00
  2.28811E-02 -2.96412E+00 -5.33369E+00 -5.33667E+00  1.66333E+00
  2.29081E-02 -2.96454E+00 -7.39715E+00 -7.40013E+00 -4.00126E-01
  2.29096E-02 -9.53041E+00 -5.37202E+00 -5.37501E+00  1.62499E+00
  2.29111E-02 -2.96458E+00 -3.34699E+00 -3.34997E+00  3.65003E+00
  2.29294E-02 -2.96487E+00 -5.33054E+00 -5.33353E+00  1.66647E+00
  2.29477E-02 -2.96515E+00 -6.81253E+00 -6.81551E+00  1.84489E-01
  2.29492E-02 -7.67039E+00 -5.36515E+00 -5.36813E+00  1.63187E+00
  2.29507E-02 -2.96520E+00 -3.91793E+00 -3.92091E+00  3.07909E+00
  2.29635E-02 -2.96540E+00 -5.32706E+00 -5.33005E+00  1.66995E+00
  2.29764E-02 -2.96560E+00 -6.42636E+00 -6.42935E+00  5.70646E-01
  2.29779E-02 -6.44993E+00 -5.36006E+00 -5.36304E+00  1.63696E+00
  2.29794E-02 -2.96564E+00 -4.29400E+00 -4.29698E+00  2.70302E+00
  2.29886E-02 -2.96578E+00 -5.32616E+00 -5.32914E+00  1.67086E+00
  2.29978E-02 -2.96593E+00 -6.15926E+00 -6.16224E+00  8.37755E-01
  2.29993E-02 -5.61671E+00 -5.35509E+00 -5.35807E+00  1.64193E+00
  2.30008E-02 -2.96597E+00 -4.55127E+00 -4.55425E+00  2.44575E+00
  2.30075E-02 -2.96608E+00 -5.32295E+00 -5.32594E+00  1.67406E+00
  2.30143E-02 -2.96618E+00 -5.96945E+00 -5.97244E+00  1.02756E+00
  2.30158E-02 -5.02898E+00 -5.35233E+00 -5.35531E+00  1.64469E+00
  2.30173E-02 -2.96623E+00 -4.73583E+00 -4.73881E+00  2.26119E+00
  2.30222E-02 -2.96630E+00 -5.32199E+00 -5.32497E+00  1.67503E+00
  2.30272E-02 -2.96638E+00 -5.83995E+00 -5.84294E+00  1.15706E+00
  2.30287E-02 -4.60270E+00 -5.33716E+00 -5.34014E+00  1.65986E+00
  2.30301E-02 -2.96642E+00 -4.86511E+00 -4.86810E+00  2.13190E+00
  2.30338E-02 -2.96648E+00 -5.32257E+00 -5.32556E+00  1.67444E+00
  2.30374E-02 -2.96654E+00 -5.71782E+00 -5.72081E+00  1.27919E+00
  2.30389E-02 -4.28610E+00 -5.34393E+00 -5.34692E+00  1.65308E+00
  2.30404E-02 -2.96658E+00 -4.97118E+00 -4.97416E+00  2.02584E+00
  2.30431E-02 -2.96662E+00 -5.32034E+00 -5.32332E+00  1.67668E+00
  2.30458E-02 -2.96667E+00 -5.63436E+00 -5.63735E+00  1.36265E+00
  2.30473E-02 -4.04615E+00 -5.34293E+00 -5.34591E+00  1.65409E+00
  2.30488E-02 -2.96671E+00 -5.05360E+00 -5.05658E+00  1.94342E+00
  2.30507E-02 -2.96674E+00 -5.31801E+00 -5.32099E+00  1.67901E+00
  2.30526E-02 -2.96677E+00 -5.56095E+00 -5.56394E+00  1.43606E+00
  2.30541E-02 -3.86096E+00 -5.33683E+00 -5.33981E+00  1.66019E+00
  2.30556E-02 -2.96682E+00 -5.11507E+00 -5.11805E+00  1.88195E+00
  2.30569E-02 -2.96684E+00 -5.30847E+00 -5.31146E+00  1.68854E+00
  2.30583E-02 -2.96686E+00 -5.50044E+00 -5.50342E+00  1.49658E+00
  2.30598E-02 -3.71582E+00 -5.33171E+00 -5.33469E+00  1.66531E+00
  2.30613E-02 -2.96690E+00 -5.16628E+00 -5.16926E+00  1.83074E+00
  2.30622E-02 -2.96692E+00 -5.30874E+00 -5.31173E+00  1.68827E+00
  2.30631E-02 -2.96693E+00 -5.44422E+00 -5.44721E+00  1.55279E+00
  2.30646E-02 -3.60047E+00 -5.32236E+00 -5.32534E+00  1.67466E+00
  2.30661E-02 -2.96698E+00 -5.20358E+00 -5.20656E+00  1.79344E+00
  2.30666E-02 -2.96699E+00 -5.28854E+00 -5.29153E+00  1.70847E+00
  2.30672E-02 -2.96700E+00 -5.38523E+00 -5.38821E+00  1.61179E+00
  2.30687E-02 -3.50762E+00 -5.29608E+00 -5.29906E+00  1.70094E+00
  2.30702E-02 -2.96704E+00 -5.18908E+00 -5.19206E+00  1.80794E+00
  2.30721E-02 -2.96707E+00 -5.37031E+00 -5.37329E+00  1.62671E+00
  2.30740E-02 -2.96710E+00 -5.59077E+00 -5.59375E+00  1.40625E+00
  2.30755E-02 -3.83303E+00 -5.37217E+00 -5.37515E+00  1.62485E+00
  2.30770E-02 -2.96715E+00 -5.16564E+00 -5.16863E+00  1.83137E+00
  2.30779E-02 -2.96716E+00 -5.32154E+00 -5.32452E+00  1.67548E+00
  2.30788E-02 -2.96717E+00 -5.46693E+00 -5.46991E+00  1.53009E+00
  2.30803E-02 -3.62291E+00 -5.33994E+00 -5.34292E+00  1.65708E+00
  2.30817E-02 -2.96722E+00 -5.22378E+00 -5.22676E+00  1.77324E+00
  2.30822E-02 -2.96723E+00 -5.31041E+00 -5.31339E+00  1.68661E+00
  2.30826E-02 -2.96723E+00 -5.38358E+00 -5.38656E+00  1.61344E+00
  2.30841E-02 -3.47524E+00 -5.32422E+00 -5.32720E+00  1.67280E+00
  2.30855E-02 -2.96728E+00 -5.27327E+00 -5.27625E+00  1.72375E+00
  2.30858E-02 -2.96728E+00 -5.33032E+00 -5.33330E+00  1.66670E+00
  2.30861E-02 -2.96729E+00 -5.39076E+00 -5.39375E+00  1.60625E+00
  2.30876E-02 -3.53814E+00 -5.31071E+00 -5.31369E+00  1.68631E+00
  2.30890E-02 -2.96733E+00 -5.23087E+00 -5.23385E+00  1.76615E+00
  2.30894E-02 -2.96734E+00 -5.30052E+00 -5.30351E+00  1.69649E+00
  2.30897E-02 -2.96734E+00 -5.35864E+00 -5.36162E+00  1.63838E+00
  2.30912E-02 -3.49578E+00 -5.29574E+00 -5.29872E+00  1.70128E+00
  2.30927E-02 -2.96739E+00 -5.23862E+00 -5.24160E+00  1.75840E+00
  2.30929E-02 -2.96739E+00 -5.27804E+00 -5.28103E+00  1.71897E+00
  2.30931E-02 -2.96739E+00 -5.31729E+00 -5.32027E+00  1.67973E+00
  2.30946E-02 -3.44830E+00 -5.26495E+00 -5.26793E+00  1.73207E+00
  2.30960E-02 -2.96744E+00 -5.19817E+00 -5.20115E+00  1.79885E+00
  2.30962E-02 -2.96744E+00 -5.22367E+00 -5.22665E+00  1.77335E+00
  2.30963E-02 -2.96744E+00 -5.24034E+00 -5.24332E+00  1.75668E+00
  2.30978E-02 -3.24949E+00 -5.25172E+00 -5.25470E+00  1.74530E+00
  2.30993E-02 -2.96749E+00 -5.22159E+00 -5.22458E+00  1.77542E+00
  2.31006E-02 -2.96751E+00 -5.30708E+00 -5.31006E+00  1.68994E+00
  2.31020E-02 -2.96753E+00 -5.38929E+00 -5.39227E+00  1.60773E+00
  2.31028E-02 -2.97433E+00 -5.43539E+00 -5.43837E+00  1.56163E+00
  2.31035E-02 -3.02258E+00 -5.47008E+00 -5.47307E+00  1.52693E+00
  2.31042E-02 -3.07161E+00 -5.49770E+00 -5.50068E+00  1.49932E+00
  2.31050E-02 -3.12853E+00 -5.48527E+00 -5.48825E+00  1.51175E+00
  2.31055E-02 -3.16475E+00 -5.47288E+00 -5.47586E+00  1.52414E+00
  2.31060E-02 -3.17932E+00 -5.45805E+00 -5.46103E+00  1.53897E+00
  2.31070E-02 -3.17937E+00 -5.42204E+00 -5.42502E+00  1.57498E+00
  2.31078E-02 -3.17941E+00 -5.40582E+00 -5.40881E+00  1.59119E+00
  2.31085E-02 -3.17944E+00 -5.39789E+00 -5.40087E+00  1.59913E+00
  2.31093E-02 -3.17948E+00 -5.39096E+00 -5.39394E+00  1.60606E+00
  2.31100E-02 -3.17951E+00 -5.38613E+00 -5.38911E+00  1.61089E+00
  2.31115E-02 -3.17958E+00 -5.37828E+00 -5.38126E+00  1.61874E+00
  2.31130E-02 -3.17965E+00 -5.37260E+00 -5.37559E+00  1.62441E+00
  2.31150E-02 -3.17974E+00 -5.36702E+00 -5.37000E+00  1.63000E+00
  2.31170E-02 -3.17984E+00 -5.36287E+00 -5.36585E+00  1.63415E+00
  2.31200E-02 -3.17998E+00 -5.35826E+00 -5.36124E+00  1.63876E+00
  2.31270E-02 -3.18031E+00 -5.35137E+00 -5.35435E+00  1.64565E+00
  2.31350E-02 -3.18068E+00 -5.34655E+00 -5.34954E+00  1.65046E+00
  2.31420E-02 -3.18101E+00 -5.34355E+00 -5.34654E+00  1.65346E+00
  2.31500E-02 -3.18138E+00 -5.34086E+00 -5.34384E+00  1.65616E+00
  2.31600E-02 -3.18185E+00 -5.33812E+00 -5.34110E+00  1.65890E+00
  2.31700E-02 -3.18231E+00 -5.33579E+00 -5.33877E+00  1.66123E+00
  2.32000E-02 -3.18371E+00 -5.33005E+00 -5.33303E+00  1.66697E+00
  2.32200E-02 -3.18464E+00 -5.32675E+00 -5.32974E+00  1.67026E+00
  2.32500E-02 -3.18604E+00 -5.32217E+00 -5.32515E+00  1.67485E+00
  2.33000E-02 -3.18837E+00 -5.31505E+00 -5.31803E+00  1.68197E+00
  2.33500E-02 -3.19069E+00 -5.30822E+00 -5.31120E+00  1.68880E+00
  2.34000E-02 -3.19302E+00 -5.30158E+00 -5.30456E+00  1.69544E+00
  2.35000E-02 -3.19765E+00 -5.28851E+00 -5.29149E+00  1.70851E+00
  2.36000E-02 -3.20226E+00 -5.27559E+00 -5.27857E+00  1.72143E+00
  2.37000E-02 -3.20687E+00 -5.26274E+00 -5.26573E+00  1.73427E+00
  2.40000E-02 -3.22061E+00 -5.22408E+00 -5.22707E+00  1.77293E+00
  2.42000E-02 -3.22870E+00 -5.19766E+00 -5.20065E+00  1.79935E+00
  2.45000E-02 -3.24083E+00 -5.15903E+00 -5.16201E+00  1.83799E+00
  2.50000E-02 -3.26015E+00 -5.09425E+00 -5.09723E+00  1.90277E+00
  2.55000E-02 -3.27586E+00 -5.02972E+00 -5.03270E+00  1.96730E+00
  2.60000E-02 -3.29134E+00 -4.96537E+00 -4.96836E+00  2.03164E+00
  2.65000E-02 -3.30350E+00 -4.90244E+00 -4.90543E+00  2.09457E+00
  2.70000E-02 -3.31548E+00 -4.83805E+00 -4.84103E+00  2.15897E+00
  2.78000E-02 -3.33025E+00 -4.73728E+00 -4.74026E+00  2.25974E+00
  2.85000E-02 -3.33998E+00 -4.64996E+00 -4.65294E+00  2.34706E+00
  2.93000E-02 -3.34711E+00 -4.55193E+00 -4.55491E+00  2.44509E+00
  3.00000E-02 -3.35065E+00 -4.46749E+00 -4.47047E+00  2.52953E+00
  3.08000E-02 -3.35134E+00 -4.37291E+00 -4.37589E+00  2.62411E+00
  3.15000E-02 -3.34931E+00 -4.29172E+00 -4.29470E+00  2.70530E+00
  3.23000E-02 -3.34419E+00 -4.20113E+00 -4.20412E+00  2.79588E+00
  3.30000E-02 -3.33744E+00 -4.12355E+00 -4.12653E+00  2.87347E+00
  3.40000E-02 -3.32448E+00 -4.01612E+00 -4.01911E+00  2.98089E+00
  3.50000E-02 -3.30775E+00 -3.91234E+00 -3.91533E+00  3.08467E+00
  3.57000E-02 -3.29326E+00 -3.84169E+00 -3.84467E+00  3.15533E+00
  3.65000E-02 -3.27669E+00 -3.76336E+00 -3.76635E+00  3.23365E+00
  3.73000E-02 -3.25680E+00 -3.68741E+00 -3.69039E+00  3.30961E+00
  3.80000E-02 -3.23940E+00 -3.62274E+00 -3.62573E+00  3.37427E+00
  3.90000E-02 -3.21154E+00 -3.53381E+00 -3.53679E+00  3.46321E+00
  4.00000E-02 -3.18158E+00 -3.44834E+00 -3.45132E+00  3.54868E+00
  4.07000E-02 -3.15907E+00 -3.39097E+00 -3.39395E+00  3.60605E+00
  4.15000E-02 -3.13334E+00 -3.32757E+00 -3.33055E+00  3.66945E+00
  4.22000E-02 -3.10937E+00 -3.27380E+00 -3.27679E+00  3.72321E+00
  4.30000E-02 -3.08197E+00 -3.21472E+00 -3.21771E+00  3.78229E+00
  4.40000E-02 -3.04637E+00 -3.14342E+00 -3.14640E+00  3.85360E+00
  4.50000E-02 -3.00992E+00 -3.07541E+00 -3.07839E+00  3.92161E+00
  4.57000E-02 -2.98355E+00 -3.02989E+00 -3.03287E+00  3.96713E+00
  4.65000E-02 -2.95342E+00 -2.97969E+00 -2.98268E+00  4.01732E+00
  4.72000E-02 -2.92705E+00 -2.93730E+00 -2.94028E+00  4.05972E+00
  4.80000E-02 -2.89691E+00 -2.89073E+00 -2.89371E+00  4.10629E+00
  4.90000E-02 -2.85841E+00 -2.83477E+00 -2.83775E+00  4.16225E+00
  5.00000E-02 -2.81991E+00 -2.78159E+00 -2.78457E+00  4.21543E+00
  5.10000E-02 -2.78121E+00 -2.73135E+00 -2.73433E+00  4.26567E+00
  5.20000E-02 -2.74251E+00 -2.68329E+00 -2.68628E+00  4.31372E+00
  5.32000E-02 -2.69677E+00 -2.62897E+00 -2.63196E+00  4.36804E+00
  5.43000E-02 -2.65485E+00 -2.58188E+00 -2.58487E+00  4.41513E+00
  5.57000E-02 -2.60210E+00 -2.52556E+00 -2.52854E+00  4.47146E+00
  5.70000E-02 -2.55312E+00 -2.47782E+00 -2.48080E+00  4.51920E+00
  5.85000E-02 -2.49878E+00 -2.42547E+00 -2.42845E+00  4.57155E+00
  5.92000E-02 -2.47379E+00 -2.40263E+00 -2.40562E+00  4.59438E+00
  6.00000E-02 -2.44524E+00 -2.37725E+00 -2.38024E+00  4.61976E+00
  6.15000E-02 -2.39330E+00 -2.33284E+00 -2.33583E+00  4.66417E+00
  6.30000E-02 -2.34137E+00 -2.29176E+00 -2.29475E+00  4.70525E+00
  6.40000E-02 -2.30820E+00 -2.26586E+00 -2.26884E+00  4.73116E+00
  6.50000E-02 -2.27503E+00 -2.24123E+00 -2.24421E+00  4.75579E+00
  6.65000E-02 -2.22743E+00 -2.20680E+00 -2.20978E+00  4.79022E+00
  6.80000E-02 -2.17984E+00 -2.17487E+00 -2.17786E+00  4.82214E+00
  6.90000E-02 -2.14954E+00 -2.15474E+00 -2.15772E+00  4.84228E+00
  7.00000E-02 -2.11924E+00 -2.13565E+00 -2.13863E+00  4.86137E+00
  7.15000E-02 -2.07597E+00 -2.10884E+00 -2.11183E+00  4.88817E+00
  7.30000E-02 -2.03270E+00 -2.08406E+00 -2.08704E+00  4.91296E+00
  7.50000E-02 -1.97780E+00 -2.05353E+00 -2.05652E+00  4.94348E+00
  7.80000E-02 -1.89954E+00 -2.01323E+00 -2.01621E+00  4.98379E+00
  8.00000E-02 -1.84993E+00 -1.98923E+00 -1.99222E+00  5.00778E+00
  8.30000E-02 -1.77877E+00 -1.95786E+00 -1.96084E+00  5.03916E+00
  8.50000E-02 -1.73420E+00 -1.93920E+00 -1.94219E+00  5.05781E+00
  8.80000E-02 -1.66982E+00 -1.91451E+00 -1.91750E+00  5.08250E+00
  9.00000E-02 -1.62939E+00 -1.89991E+00 -1.90289E+00  5.09711E+00
  9.30000E-02 -1.57099E+00 -1.88065E+00 -1.88363E+00  5.11637E+00
  9.50000E-02 -1.53423E+00 -1.86932E+00 -1.87231E+00  5.12769E+00
  9.80000E-02 -1.48129E+00 -1.85433E+00 -1.85731E+00  5.14269E+00
  1.00000E-01 -1.44762E+00 -1.84549E+00 -1.84847E+00  5.15153E+00
  1.02000E-01 -1.41487E+00 -1.83770E+00 -1.84068E+00  5.15932E+00
  1.04000E-01 -1.38348E+00 -1.83093E+00 -1.83392E+00  5.16608E+00
  1.06000E-01 -1.35336E+00 -1.82493E+00 -1.82791E+00  5.17209E+00
  1.07300E-01 -1.33444E+00 -1.82132E+00 -1.82430E+00  5.17570E+00
  1.08500E-01 -1.31724E+00 -1.81805E+00 -1.82104E+00  5.17896E+00
  1.11000E-01 -1.28229E+00 -1.81303E+00 -1.81602E+00  5.18398E+00
  1.14000E-01 -1.24254E+00 -1.80700E+00 -1.80999E+00  5.19001E+00
  1.17000E-01 -1.20463E+00 -1.80306E+00 -1.80605E+00  5.19395E+00
  1.19000E-01 -1.18039E+00 -1.80043E+00 -1.80342E+00  5.19658E+00
  1.22000E-01 -1.14568E+00 -1.79821E+00 -1.80119E+00  5.19881E+00
  1.24000E-01 -1.12318E+00 -1.79673E+00 -1.79971E+00  5.20029E+00
  1.27000E-01 -1.09091E+00 -1.79626E+00 -1.79924E+00  5.20076E+00
  1.30000E-01 -1.06029E+00 -1.79580E+00 -1.79878E+00  5.20122E+00
  1.33000E-01 -1.03084E+00 -1.79666E+00 -1.79965E+00  5.20035E+00
  1.35000E-01 -1.01202E+00 -1.79725E+00 -1.80024E+00  5.19976E+00
  1.38000E-01 -9.84710E-01 -1.79924E+00 -1.80223E+00  5.19777E+00
  1.40000E-01 -9.67235E-01 -1.80059E+00 -1.80357E+00  5.19643E+00
  1.43000E-01 -9.41748E-01 -1.80363E+00 -1.80661E+00  5.19339E+00
  1.45000E-01 -9.25417E-01 -1.80567E+00 -1.80865E+00  5.19135E+00
  1.48000E-01 -9.01854E-01 -1.80958E+00 -1.81256E+00  5.18744E+00
  1.50000E-01 -8.86735E-01 -1.81220E+00 -1.81519E+00  5.18481E+00
  1.53000E-01 -8.64522E-01 -1.81693E+00 -1.81992E+00  5.18008E+00
  1.55000E-01 -8.50257E-01 -1.82011E+00 -1.82310E+00  5.17690E+00
  1.58000E-01 -8.29631E-01 -1.82569E+00 -1.82868E+00  5.17132E+00
  1.60000E-01 -8.16368E-01 -1.82944E+00 -1.83242E+00  5.16758E+00
  1.63000E-01 -7.97170E-01 -1.83589E+00 -1.83888E+00  5.16112E+00
  1.65000E-01 -7.84812E-01 -1.84022E+00 -1.84321E+00  5.15679E+00
  1.68000E-01 -7.66601E-01 -1.84675E+00 -1.84974E+00  5.15026E+00
  1.70000E-01 -7.54871E-01 -1.85113E+00 -1.85412E+00  5.14588E+00
  1.72000E-01 -7.43455E-01 -1.85621E+00 -1.85920E+00  5.14080E+00
  1.74000E-01 -7.32340E-01 -1.86131E+00 -1.86430E+00  5.13570E+00
  1.77000E-01 -7.16209E-01 -1.86900E+00 -1.87199E+00  5.12801E+00
  1.80000E-01 -7.00695E-01 -1.87732E+00 -1.88031E+00  5.11969E+00
  1.83300E-01 -6.84080E-01 -1.88655E+00 -1.88953E+00  5.11047E+00
  1.86000E-01 -6.70993E-01 -1.89483E+00 -1.89781E+00  5.10219E+00
  1.88000E-01 -6.61580E-01 -1.90100E+00 -1.90398E+00  5.09602E+00
  1.92000E-01 -6.43365E-01 -1.91344E+00 -1.91642E+00  5.08358E+00
  1.96000E-01 -6.25944E-01 -1.92702E+00 -1.93000E+00  5.07000E+00
  2.00000E-01 -6.09333E-01 -1.94074E+00 -1.94372E+00  5.05628E+00
  2.02000E-01 -6.01216E-01 -1.94801E+00 -1.95099E+00  5.04901E+00
  2.04000E-01 -5.93285E-01 -1.95531E+00 -1.95829E+00  5.04171E+00
  2.06000E-01 -5.85535E-01 -1.96295E+00 -1.96593E+00  5.03407E+00
  2.08225E-01 -5.77119E-01 -1.97149E+00 -1.97448E+00  5.02552E+00
  2.11000E-01 -5.66912E-01 -1.98262E+00 -1.98561E+00  5.01439E+00
  2.14000E-01 -5.56226E-01 -1.99476E+00 -1.99775E+00  5.00225E+00
  2.17000E-01 -5.45814E-01 -2.00752E+00 -2.01051E+00  4.98949E+00
  2.20000E-01 -5.35701E-01 -2.02039E+00 -2.02338E+00  4.97662E+00
  2.25000E-01 -5.19550E-01 -2.04344E+00 -2.04643E+00  4.95357E+00
  2.30000E-01 -5.04225E-01 -2.06685E+00 -2.06983E+00  4.93017E+00
  2.35000E-01 -4.89528E-01 -2.09234E+00 -2.09532E+00  4.90468E+00
  2.40000E-01 -4.75555E-01 -2.11826E+00 -2.12124E+00  4.87876E+00
  2.45000E-01 -4.62164E-01 -2.14654E+00 -2.14952E+00  4.85048E+00
  2.50000E-01 -4.49410E-01 -2.17534E+00 -2.17832E+00  4.82168E+00
  2.55000E-01 -4.37119E-01 -2.20686E+00 -2.20985E+00  4.79015E+00
  2.60000E-01 -4.25394E-01 -2.23902E+00 -2.24201E+00  4.75799E+00
  2.64000E-01 -4.16396E-01 -2.26700E+00 -2.26999E+00  4.73001E+00
  2.68000E-01 -4.07720E-01 -2.29548E+00 -2.29847E+00  4.70153E+00
  2.73000E-01 -3.97302E-01 -2.33413E+00 -2.33712E+00  4.66288E+00
  2.77000E-01 -3.89292E-01 -2.36573E+00 -2.36872E+00  4.63128E+00
  2.80000E-01 -3.83464E-01 -2.39091E+00 -2.39390E+00  4.60610E+00
  2.83000E-01 -3.77721E-01 -2.41709E+00 -2.42007E+00  4.57993E+00
  2.89000E-01 -3.66666E-01 -2.47273E+00 -2.47571E+00  4.52429E+00
  2.95000E-01 -3.56152E-01 -2.53323E+00 -2.53621E+00  4.46379E+00
  2.98000E-01 -3.51086E-01 -2.56552E+00 -2.56851E+00  4.43149E+00
  3.00000E-01 -3.47777E-01 -2.58784E+00 -2.59082E+00  4.40918E+00
  3.05000E-01 -3.39686E-01 -2.64683E+00 -2.64981E+00  4.35019E+00
  3.10000E-01 -3.31911E-01 -2.71080E+00 -2.71378E+00  4.28622E+00
  3.15000E-01 -3.24433E-01 -2.78051E+00 -2.78350E+00  4.21650E+00
  3.18000E-01 -3.20116E-01 -2.82546E+00 -2.82845E+00  4.17155E+00
  3.20000E-01 -3.17238E-01 -2.85684E+00 -2.85983E+00  4.14017E+00
  3.24000E-01 -3.11721E-01 -2.92351E+00 -2.92649E+00  4.07351E+00
  3.28000E-01 -3.06204E-01 -2.99590E+00 -2.99888E+00  4.00112E+00
  3.32000E-01 -3.00986E-01 -3.07491E+00 -3.07790E+00  3.92210E+00
  3.35000E-01 -2.97073E-01 -3.13919E+00 -3.14218E+00  3.85782E+00
  3.39000E-01 -2.92131E-01 -3.23267E+00 -3.23565E+00  3.76435E+00
  3.43000E-01 -2.87190E-01 -3.33658E+00 -3.33956E+00  3.66044E+00
  3.47000E-01 -2.82505E-01 -3.45318E+00 -3.45617E+00  3.54383E+00
  3.50000E-01 -2.78992E-01 -3.55066E+00 -3.55364E+00  3.44636E+00
  3.53000E-01 -2.75594E-01 -3.65854E+00 -3.66152E+00  3.33848E+00
  3.55000E-01 -2.73328E-01 -3.73721E+00 -3.74020E+00  3.25980E+00
  3.58000E-01 -2.70045E-01 -3.86738E+00 -3.87036E+00  3.12964E+00
  3.60000E-01 -2.67857E-01 -3.96366E+00 -3.96665E+00  3.03335E+00
  3.63000E-01 -2.64684E-01 -4.12549E+00 -4.12847E+00  2.87153E+00
  3.65000E-01 -2.62568E-01 -4.24751E+00 -4.25049E+00  2.74951E+00
  3.68000E-01 -2.59500E-01 -4.45747E+00 -4.46045E+00  2.53955E+00
  3.70000E-01 -2.57454E-01 -4.62009E+00 -4.62308E+00  2.37692E+00
  3.71500E-01 -2.55971E-01 -4.75708E+00 -4.76006E+00  2.23994E+00
  3.73000E-01 -2.54488E-01 -4.90977E+00 -4.91275E+00  2.08725E+00
  3.74500E-01 -2.53005E-01 -5.08152E+00 -5.08450E+00  1.91550E+00
  3.76000E-01 -2.51522E-01 -5.27679E+00 -5.27977E+00  1.72023E+00
  3.77500E-01 -2.50091E-01 -5.50170E+00 -5.50468E+00  1.49532E+00
  3.79000E-01 -2.48661E-01 -5.76475E+00 -5.76774E+00  1.23226E+00
  3.80000E-01 -2.47707E-01 -5.96720E+00 -5.97018E+00  1.02982E+00
  3.81000E-01 -2.46753E-01 -6.19703E+00 -6.20002E+00  7.99980E-01
  3.82500E-01 -2.45368E-01 -6.60871E+00 -6.61169E+00  3.88310E-01
  3.84000E-01 -2.43983E-01 -7.13306E+00 -7.13604E+00 -1.36036E-01
  3.85000E-01 -2.43059E-01 -7.57379E+00 -7.57678E+00 -5.76779E-01
  3.86000E-01 -2.42136E-01 -8.12078E+00 -8.12376E+00 -1.12376E+00
  3.87500E-01 -2.40795E-01 -9.25550E+00 -9.25849E+00 -2.25849E+00
  3.89000E-01 -2.39455E-01 -1.11036E+01 -1.11066E+01 -4.10662E+00
  3.90200E-01 -2.38382E-01 -1.37642E+01 -1.37672E+01 -6.76717E+00
  3.91400E-01 -2.37310E-01 -1.95310E+01 -1.95340E+01 -1.25340E+01
  3.91550E-01 -2.37178E-01 -2.07743E+01 -2.07773E+01 -1.37773E+01
  3.91700E-01 -2.37047E-01 -2.22375E+01 -2.22405E+01 -1.52405E+01
  3.91900E-01 -2.36871E-01 -2.46466E+01 -2.46495E+01 -1.76495E+01
  3.92400E-01 -2.36434E-01 -3.49558E+01 -3.49587E+01 -2.79587E+01
  3.92900E-01 -2.35999E-01 -6.68904E+01 -6.68934E+01 -5.98934E+01
  3.93350E-01 -2.35607E-01 -1.70935E+03 -1.70935E+03 -1.70235E+03
  3.93355E-01 -1.93469E+03 -1.23075E+03 -1.23075E+03 -1.22375E+03
  3.93359E-01 -3.48226E+03 -8.57004E+02 -8.57007E+02 -8.50007E+02
  3.93368E-01 -2.35592E-01 -3.12791E+02 -3.12794E+02 -3.05794E+02
  3.93370E-01 -2.35589E-01 -7.44657E+02 -7.44660E+02 -7.37660E+02
  3.93373E-01 -2.35587E-01 -1.48052E+03 -1.48053E+03 -1.47353E+03
  3.93382E-01 -6.94362E+03  4.22420E+02  4.22417E+02  4.29417E+02
  3.93391E-01 -2.35572E-01  2.47988E+03  2.47988E+03  2.48688E+03
  3.93400E-01 -2.35564E-01  1.32364E+03  1.32364E+03  1.33064E+03
  3.94000E-01 -2.35050E-01  4.20633E+01  4.20603E+01  4.90603E+01
  3.94700E-01 -2.34451E-01  1.70972E+01  1.70942E+01  2.40942E+01
  3.95400E-01 -2.33852E-01  9.29177E+00  9.28879E+00  1.62888E+01
  3.96000E-01 -2.33339E-01  5.84342E+00  5.84044E+00  1.28404E+01
  3.96500E-01 -2.32911E-01  3.93123E+00  3.92824E+00  1.09282E+01
  3.96900E-01 -2.32568E-01  2.75794E+00  2.75496E+00  9.75496E+00
  3.97400E-01 -2.32140E-01  1.57507E+00  1.57208E+00  8.57208E+00
  3.97850E-01 -2.31755E-01  6.91138E-01  6.88148E-01  7.68815E+00
  3.98100E-01 -2.31545E-01  2.51884E-01  2.48894E-01  7.24889E+00
  3.98400E-01 -2.31294E-01 -2.39478E-01 -2.42468E-01  6.75753E+00
  3.98900E-01 -2.30875E-01 -9.98726E-01 -1.00172E+00  5.99828E+00
  3.99200E-01 -2.30624E-01 -1.43385E+00 -1.43684E+00  5.56316E+00
  3.99500E-01 -2.30372E-01 -1.86514E+00 -1.86813E+00  5.13187E+00
  3.99700E-01 -2.30204E-01 -2.15581E+00 -2.15879E+00  4.84121E+00
  4.00000E-01 -2.29953E-01 -2.60592E+00 -2.60891E+00  4.39109E+00
  4.00300E-01 -2.29700E-01 -3.08838E+00 -3.09136E+00  3.90864E+00
  4.00600E-01 -2.29446E-01 -3.62872E+00 -3.63171E+00  3.36829E+00
  4.00900E-01 -2.29193E-01 -4.27075E+00 -4.27373E+00  2.72627E+00
  4.01200E-01 -2.28939E-01 -5.10087E+00 -5.10386E+00  1.89614E+00
  4.01500E-01 -2.28686E-01 -6.32538E+00 -6.32836E+00  6.71635E-01
  4.01800E-01 -2.28433E-01 -8.61378E+00 -8.61676E+00 -1.61676E+00
  4.02100E-01 -2.28179E-01 -1.62575E+01 -1.62605E+01 -9.26045E+00
  4.02310E-01 -2.28002E-01 -2.94429E+02 -2.94432E+02 -2.87432E+02
  4.02319E-01 -9.52125E+02  6.99479E+00  6.99180E+00  1.39918E+01
  4.02328E-01 -2.27986E-01  2.89721E+02  2.89718E+02  2.96718E+02
  4.02500E-01 -2.27842E-01  1.07513E+01  1.07483E+01  1.77483E+01
  4.02700E-01 -2.27675E-01  2.40863E+00  2.40565E+00  9.40565E+00
  4.02840E-01 -2.27558E-01  1.21580E-01  1.18600E-01  7.11860E+00
  4.02977E-01 -2.27443E-01 -1.40831E+00 -1.41129E+00  5.58871E+00
  4.03100E-01 -2.27340E-01 -2.57671E+00 -2.57969E+00  4.42031E+00
  4.03200E-01 -2.27257E-01 -3.53987E+00 -3.54285E+00  3.45715E+00
  4.03300E-01 -2.27174E-01 -4.67297E+00 -4.67596E+00  2.32404E+00
  4.03400E-01 -2.27090E-01 -6.30040E+00 -6.30339E+00  6.96609E-01
  4.03500E-01 -2.27007E-01 -9.61811E+00 -9.62110E+00 -2.62110E+00
  4.03560E-01 -2.26957E-01 -1.52573E+01 -1.52603E+01 -8.26033E+00
  4.03626E-01 -2.26902E-01 -1.02257E+02 -1.02260E+02 -9.52595E+01
  4.03635E-01 -3.12812E+02 -3.60236E+00 -3.60534E+00  3.39466E+00
  4.03644E-01 -2.26887E-01  9.50513E+01  9.50483E+01  1.02048E+02
  4.03770E-01 -2.26782E-01  2.28152E+00  2.27853E+00  9.27853E+00
  4.03830E-01 -2.26732E-01 -2.28524E-01 -2.31504E-01  6.76850E+00
  4.03886E-01 -2.26685E-01 -1.78953E+00 -1.79251E+00  5.20749E+00
  4.03950E-01 -2.26632E-01 -3.35887E+00 -3.36185E+00  3.63815E+00
  4.04010E-01 -2.26582E-01 -5.13544E+00 -5.13843E+00  1.86157E+00
  4.04070E-01 -2.26533E-01 -8.62382E+00 -8.62680E+00 -1.62680E+00
  4.04129E-01 -2.26484E-01 -4.77141E+01 -4.77171E+01 -4.07171E+01
  4.04138E-01 -1.41030E+02 -3.40926E+00 -3.41224E+00  3.58776E+00
  4.04147E-01 -2.26469E-01  4.08935E+01  4.08905E+01  4.78905E+01
  4.04200E-01 -2.26425E-01  2.34805E+00  2.34507E+00  9.34507E+00
  4.04261E-01 -2.26374E-01 -2.01812E+00 -2.02110E+00  4.97890E+00
  4.04320E-01 -2.26325E-01 -5.29678E+00 -5.29976E+00  1.70024E+00
  4.04375E-01 -2.26280E-01 -2.68164E+01 -2.68194E+01 -1.98194E+01
  4.04384E-01 -7.54884E+01 -3.28858E+00 -3.29156E+00  3.70844E+00
  4.04393E-01 -2.26265E-01  2.02336E+01  2.02306E+01  2.72306E+01
  4.04420E-01 -2.26242E-01  1.88461E+00  1.88163E+00  8.88163E+00
  4.04453E-01 -2.26215E-01 -2.11455E+00 -2.11753E+00  4.88247E+00
  4.04480E-01 -2.26193E-01 -4.62081E+00 -4.62379E+00  2.37621E+00
  4.04514E-01 -2.26165E-01 -1.70264E+01 -1.70294E+01 -1.00294E+01
  4.04523E-01 -4.51094E+01 -3.21204E+00 -3.21502E+00  3.78498E+00
  4.04532E-01 -2.26150E-01  1.05888E+01  1.05858E+01  1.75858E+01
  4.04566E-01 -2.26122E-01 -2.24914E+00 -2.25212E+00  4.74788E+00
  4.04600E-01 -2.26094E-01 -1.17383E+01 -1.17413E+01 -4.74132E+00
  4.04609E-01 -2.91222E+01 -3.14578E+00 -3.14876E+00  3.85124E+00
  4.04618E-01 -2.26079E-01  5.41823E+00  5.41524E+00  1.24152E+01
  4.04637E-01 -2.26063E-01 -2.20687E+00 -2.20985E+00  4.79015E+00
  4.04657E-01 -2.26047E-01 -8.53936E+00 -8.54234E+00 -1.54234E+00
  4.04666E-01 -1.99140E+01 -3.08840E+00 -3.09138E+00  3.90862E+00
  4.04675E-01 -2.26032E-01  2.30862E+00  2.30564E+00  9.30564E+00
  4.04686E-01 -2.26023E-01 -2.37282E+00 -2.37580E+00  4.62420E+00
  4.04697E-01 -2.26014E-01 -6.43004E+00 -6.43302E+00  5.66979E-01
  4.04706E-01 -1.42389E+01 -3.08973E+00 -3.09272E+00  3.90728E+00
  4.04715E-01 -2.25999E-01  1.22838E-01  1.19848E-01  7.11985E+00
  4.04720E-01 -2.25994E-01 -2.32996E+00 -2.33294E+00  4.66706E+00
  4.04725E-01 -2.25990E-01 -4.59508E+00 -4.59806E+00  2.40194E+00
  4.04734E-01 -1.05521E+01 -2.81444E+00 -2.81742E+00  4.18258E+00
  4.04743E-01 -2.25975E-01 -1.00122E+00 -1.00421E+00  5.99579E+00
  4.04748E-01 -2.25971E-01 -3.19578E+00 -3.19876E+00  3.80124E+00
  4.04754E-01 -2.25966E-01 -5.99271E+00 -5.99570E+00  1.00430E+00
  4.04763E-01 -1.41273E+01 -2.84899E+00 -2.85198E+00  4.14802E+00
  4.04772E-01 -2.25951E-01  2.54130E-01  2.51130E-01  7.25113E+00
  4.04776E-01 -2.25948E-01 -1.79919E+00 -1.80219E+00  5.19781E+00
  4.04780E-01 -2.25945E-01 -3.66024E+00 -3.66314E+00  3.33686E+00
  4.04789E-01 -8.90412E+00 -2.84617E+00 -2.84917E+00  4.15083E+00
  4.04799E-01 -2.25930E-01 -2.07866E+00 -2.08156E+00  4.91844E+00
  4.04801E-01 -2.25928E-01 -3.14203E+00 -3.14503E+00  3.85497E+00
  4.04803E-01 -2.25926E-01 -4.01762E+00 -4.02062E+00  2.97938E+00
  4.04812E-01 -1.00429E+01 -2.59432E+00 -2.59732E+00  4.40268E+00
  4.04821E-01 -2.25911E-01 -1.27405E+00 -1.27705E+00  5.72295E+00
  4.04823E-01 -2.25909E-01 -2.33868E+00 -2.34168E+00  4.65832E+00
  4.04825E-01 -2.25908E-01 -3.37980E+00 -3.38280E+00  3.61720E+00
  4.04830E-01 -4.72372E+00 -3.10016E+00 -3.10316E+00  3.89684E+00
  4.04834E-01 -8.32197E+00 -2.73686E+00 -2.73986E+00  4.26014E+00
  4.04837E-01 -4.27393E+00 -2.48463E+00 -2.48763E+00  4.51237E+00
  4.04840E-01 -2.25895E-01 -2.34295E+00 -2.34595E+00  4.65405E+00
  4.04842E-01 -2.25894E-01 -1.64369E+00 -1.64669E+00  5.35331E+00
  4.04843E-01 -2.25893E-01 -1.33680E+00 -1.33980E+00  5.66020E+00
  4.04849E-01 -5.05430E+00 -1.98663E+00 -1.98963E+00  5.01037E+00
  4.04858E-01 -4.92350E-01 -2.47571E+00 -2.47861E+00  4.52139E+00
  4.04864E-01 -1.20221E+00 -4.24271E+00 -4.24571E+00  2.75429E+00
  4.04870E-01 -2.98474E+00 -4.61703E+00 -4.62003E+00  2.37997E+00
  4.04875E-01 -4.04137E+00 -4.56017E+00 -4.56317E+00  2.43683E+00
  4.04880E-01 -4.04131E+00 -3.98085E+00 -3.98385E+00  3.01615E+00
  4.04885E-01 -4.04125E+00 -3.59469E+00 -3.59759E+00  3.40241E+00
  4.04890E-01 -4.04119E+00 -3.47246E+00 -3.47546E+00  3.52454E+00
  4.04895E-01 -4.04113E+00 -3.38916E+00 -3.39216E+00  3.60784E+00
  4.04900E-01 -4.04107E+00 -3.32945E+00 -3.33245E+00  3.66755E+00
  4.04905E-01 -4.04101E+00 -3.28302E+00 -3.28592E+00  3.71408E+00
  4.04910E-01 -4.04095E+00 -3.24627E+00 -3.24917E+00  3.75083E+00
  4.04915E-01 -4.04089E+00 -3.21645E+00 -3.21935E+00  3.78065E+00
  4.04920E-01 -4.04082E+00 -3.19168E+00 -3.19468E+00  3.80532E+00
  4.04925E-01 -4.04076E+00 -3.17148E+00 -3.17448E+00  3.82552E+00
  4.04930E-01 -4.04070E+00 -3.15371E+00 -3.15661E+00  3.84339E+00
  4.04933E-01 -4.04066E+00 -3.14400E+00 -3.14700E+00  3.85300E+00
  4.04937E-01 -4.04062E+00 -3.13273E+00 -3.13563E+00  3.86437E+00
  4.04945E-01 -4.04052E+00 -3.11324E+00 -3.11624E+00  3.88376E+00
  4.04952E-01 -4.04044E+00 -3.09867E+00 -3.10167E+00  3.89833E+00
  4.04960E-01 -4.04034E+00 -3.08475E+00 -3.08775E+00  3.91225E+00
  4.04970E-01 -4.04022E+00 -3.06979E+00 -3.07277E+00  3.92723E+00
  4.04980E-01 -4.04009E+00 -3.05720E+00 -3.06018E+00  3.93982E+00
  4.04990E-01 -4.03997E+00 -3.04675E+00 -3.04973E+00  3.95027E+00
  4.05000E-01 -4.03985E+00 -3.03743E+00 -3.04041E+00  3.95959E+00
  4.05010E-01 -4.03973E+00 -3.02952E+00 -3.03250E+00  3.96750E+00
  4.05020E-01 -4.03961E+00 -3.02226E+00 -3.02525E+00  3.97475E+00
  4.05035E-01 -4.03942E+00 -3.01302E+00 -3.01600E+00  3.98400E+00
  4.05050E-01 -4.03924E+00 -3.00507E+00 -3.00805E+00  3.99195E+00
  4.05060E-01 -4.03912E+00 -3.00021E+00 -3.00319E+00  3.99681E+00
  4.05070E-01 -4.03900E+00 -2.99592E+00 -2.99891E+00  4.00109E+00
  4.05100E-01 -4.03863E+00 -2.98456E+00 -2.98755E+00  4.01245E+00
  4.05120E-01 -4.03839E+00 -2.97822E+00 -2.98120E+00  4.01880E+00
  4.05150E-01 -4.03802E+00 -2.96992E+00 -2.97291E+00  4.02709E+00
  4.05180E-01 -4.03765E+00 -2.96291E+00 -2.96590E+00  4.03410E+00
  4.05200E-01 -4.03741E+00 -2.95859E+00 -2.96157E+00  4.03843E+00
  4.05220E-01 -4.03717E+00 -2.95468E+00 -2.95766E+00  4.04234E+00
  4.05250E-01 -4.03680E+00 -2.94937E+00 -2.95236E+00  4.04764E+00
  4.05270E-01 -4.03656E+00 -2.94607E+00 -2.94905E+00  4.05095E+00
  4.05300E-01 -4.03619E+00 -2.94142E+00 -2.94441E+00  4.05559E+00
  4.05350E-01 -4.03558E+00 -2.93443E+00 -2.93741E+00  4.06259E+00
  4.05400E-01 -4.03497E+00 -2.92822E+00 -2.93120E+00  4.06880E+00
  4.05450E-01 -4.03436E+00 -2.92247E+00 -2.92545E+00  4.07455E+00
  4.05500E-01 -4.03375E+00 -2.91714E+00 -2.92013E+00  4.07987E+00
  4.05550E-01 -4.03315E+00 -2.91215E+00 -2.91513E+00  4.08487E+00
  4.05600E-01 -4.03254E+00 -2.90749E+00 -2.91047E+00  4.08953E+00
  4.05650E-01 -4.03193E+00 -2.90300E+00 -2.90599E+00  4.09401E+00
  4.05700E-01 -4.03132E+00 -2.89872E+00 -2.90171E+00  4.09829E+00
  4.05750E-01 -4.03072E+00 -2.89464E+00 -2.89763E+00  4.10237E+00
  4.05800E-01 -4.03011E+00 -2.89067E+00 -2.89365E+00  4.10635E+00
  4.05900E-01 -4.02890E+00 -2.88310E+00 -2.88608E+00  4.11392E+00
  4.06000E-01 -4.02768E+00 -2.87597E+00 -2.87895E+00  4.12105E+00
  4.06100E-01 -4.02647E+00 -2.86918E+00 -2.87216E+00  4.12784E+00
  4.06200E-01 -4.02525E+00 -2.86264E+00 -2.86562E+00  4.13438E+00
  4.06300E-01 -4.02404E+00 -2.85637E+00 -2.85936E+00  4.14064E+00
  4.06400E-01 -4.02283E+00 -2.85030E+00 -2.85328E+00  4.14672E+00
  4.06500E-01 -4.02162E+00 -2.84443E+00 -2.84741E+00  4.15259E+00
  4.06600E-01 -4.02041E+00 -2.83870E+00 -2.84169E+00  4.15831E+00
  4.06700E-01 -4.01920E+00 -2.83316E+00 -2.83614E+00  4.16386E+00
  4.06800E-01 -4.01799E+00 -2.82773E+00 -2.83071E+00  4.16929E+00
  4.07000E-01 -4.01558E+00 -2.81727E+00 -2.82025E+00  4.17975E+00
  4.07200E-01 -4.01316E+00 -2.80722E+00 -2.81021E+00  4.18979E+00
  4.07400E-01 -4.01075E+00 -2.79754E+00 -2.80052E+00  4.19948E+00
  4.07600E-01 -4.00835E+00 -2.78819E+00 -2.79117E+00  4.20883E+00
  4.07800E-01 -4.00594E+00 -2.77913E+00 -2.78211E+00  4.21789E+00
  4.08000E-01 -4.00354E+00 -2.77030E+00 -2.77328E+00  4.22672E+00
  4.08200E-01 -4.00115E+00 -2.76173E+00 -2.76472E+00  4.23528E+00
  4.08400E-01 -3.99876E+00 -2.75335E+00 -2.75634E+00  4.24366E+00
  4.08600E-01 -3.99636E+00 -2.74516E+00 -2.74814E+00  4.25186E+00
  4.08800E-01 -3.99397E+00 -2.73714E+00 -2.74012E+00  4.25988E+00
  4.09100E-01 -3.99038E+00 -2.72537E+00 -2.72836E+00  4.27164E+00
  4.09500E-01 -3.98560E+00 -2.71013E+00 -2.71312E+00  4.28688E+00
  4.09900E-01 -3.98086E+00 -2.69535E+00 -2.69833E+00  4.30167E+00
  4.10300E-01 -3.97611E+00 -2.68089E+00 -2.68387E+00  4.31613E+00
  4.10600E-01 -3.97255E+00 -2.67024E+00 -2.67322E+00  4.32678E+00
  4.11000E-01 -3.96781E+00 -2.65609E+00 -2.65908E+00  4.34092E+00
  4.11400E-01 -3.96260E+00 -2.64227E+00 -2.64525E+00  4.35475E+00
  4.11800E-01 -3.95739E+00 -2.62896E+00 -2.63195E+00  4.36805E+00
  4.12100E-01 -3.95348E+00 -2.61922E+00 -2.62220E+00  4.37780E+00
  4.12500E-01 -3.94827E+00 -2.60650E+00 -2.60949E+00  4.39051E+00
  4.12900E-01 -3.94305E+00 -2.59409E+00 -2.59707E+00  4.40293E+00
  4.13300E-01 -3.93784E+00 -2.58201E+00 -2.58500E+00  4.41500E+00
  4.13700E-01 -3.93263E+00 -2.57028E+00 -2.57326E+00  4.42674E+00
  4.14000E-01 -3.92872E+00 -2.56191E+00 -2.56489E+00  4.43511E+00
  4.14800E-01 -3.92015E+00 -2.53954E+00 -2.54253E+00  4.45747E+00
  4.15500E-01 -3.91265E+00 -2.51992E+00 -2.52291E+00  4.47709E+00
  4.16300E-01 -3.90414E+00 -2.49795E+00 -2.50094E+00  4.49906E+00
  4.17000E-01 -3.89669E+00 -2.47962E+00 -2.48260E+00  4.51740E+00
  4.18000E-01 -3.88829E+00 -2.45360E+00 -2.45658E+00  4.54342E+00
  4.19000E-01 -3.87989E+00 -2.42718E+00 -2.43016E+00  4.56984E+00
  4.20000E-01 -3.87156E+00 -2.40107E+00 -2.40405E+00  4.59595E+00
  4.21000E-01 -3.86324E+00 -2.37586E+00 -2.37884E+00  4.62116E+00
  4.21800E-01 -3.85800E+00 -2.35599E+00 -2.35897E+00  4.64103E+00
  4.22500E-01 -3.85341E+00 -2.33827E+00 -2.34125E+00  4.65875E+00
  4.23300E-01 -3.84817E+00 -2.31804E+00 -2.32102E+00  4.67898E+00
  4.24000E-01 -3.84358E+00 -2.30064E+00 -2.30363E+00  4.69637E+00
  4.25500E-01 -3.83525E+00 -2.26320E+00 -2.26618E+00  4.73382E+00
  4.27000E-01 -3.82692E+00 -2.22571E+00 -2.22869E+00  4.77131E+00
  4.28500E-01 -3.81947E+00 -2.18829E+00 -2.19127E+00  4.80873E+00
  4.30000E-01 -3.81202E+00 -2.15079E+00 -2.15377E+00  4.84623E+00
  4.31500E-01 -3.80490E+00 -2.11333E+00 -2.11631E+00  4.88369E+00
  4.33000E-01 -3.79778E+00 -2.07590E+00 -2.07889E+00  4.92111E+00
  4.34000E-01 -3.79303E+00 -2.05095E+00 -2.05393E+00  4.94607E+00
  4.35000E-01 -3.78828E+00 -2.02590E+00 -2.02888E+00  4.97112E+00
  4.36500E-01 -3.78071E+00 -1.98857E+00 -1.99155E+00  5.00845E+00
  4.38000E-01 -3.77315E+00 -1.95156E+00 -1.95454E+00  5.04546E+00
  4.40000E-01 -3.76306E+00 -1.90207E+00 -1.90506E+00  5.09494E+00
  4.43000E-01 -3.74580E+00 -1.82891E+00 -1.83190E+00  5.16810E+00
  4.45000E-01 -3.73429E+00 -1.78053E+00 -1.78351E+00  5.21649E+00
  4.48000E-01 -3.71442E+00 -1.70941E+00 -1.71239E+00  5.28761E+00
  4.50000E-01 -3.70118E+00 -1.66266E+00 -1.66564E+00  5.33436E+00
  4.53000E-01 -3.67856E+00 -1.59430E+00 -1.59729E+00  5.40271E+00
  4.55000E-01 -3.66348E+00 -1.54967E+00 -1.55266E+00  5.44734E+00
  4.58000E-01 -3.63842E+00 -1.48474E+00 -1.48772E+00  5.51228E+00
  4.60000E-01 -3.62172E+00 -1.44256E+00 -1.44554E+00  5.55446E+00
  4.63000E-01 -3.59462E+00 -1.38138E+00 -1.38437E+00  5.61563E+00
  4.65000E-01 -3.57656E+00 -1.34179E+00 -1.34478E+00  5.65522E+00
  4.68000E-01 -3.54787E+00 -1.28454E+00 -1.28752E+00  5.71248E+00
  4.70000E-01 -3.52875E+00 -1.24758E+00 -1.25056E+00  5.74944E+00
  4.72000E-01 -3.50879E+00 -1.21169E+00 -1.21468E+00  5.78532E+00
  4.74000E-01 -3.48882E+00 -1.17742E+00 -1.18040E+00  5.81960E+00
  4.76000E-01 -3.46886E+00 -1.14415E+00 -1.14714E+00  5.85286E+00
  4.78000E-01 -3.44889E+00 -1.11144E+00 -1.11442E+00  5.88558E+00
  4.80000E-01 -3.42851E+00 -1.07965E+00 -1.08263E+00  5.91737E+00
  4.82000E-01 -3.40813E+00 -1.04925E+00 -1.05223E+00  5.94777E+00
  4.83500E-01 -3.39284E+00 -1.02706E+00 -1.03004E+00  5.96996E+00
  4.85000E-01 -3.37756E+00 -1.00520E+00 -1.00818E+00  5.99182E+00
  4.87000E-01 -3.35758E+00 -9.76894E-01 -9.79874E-01  6.02013E+00
  4.89000E-01 -3.33760E+00 -9.49688E-01 -9.52668E-01  6.04733E+00
  4.91000E-01 -3.31762E+00 -9.23333E-01 -9.26313E-01  6.07369E+00
  4.93000E-01 -3.29765E+00 -8.97709E-01 -9.00689E-01  6.09931E+00
  4.95000E-01 -3.27767E+00 -8.72846E-01 -8.75836E-01  6.12416E+00
  4.97000E-01 -3.25769E+00 -8.48820E-01 -8.51800E-01  6.14820E+00
  4.98500E-01 -3.24270E+00 -8.31273E-01 -8.34263E-01  6.16574E+00
  5.00000E-01 -3.22772E+00 -8.14138E-01 -8.17128E-01  6.18287E+00
  5.01500E-01 -3.21347E+00 -7.97380E-01 -8.00360E-01  6.19964E+00
  5.03000E-01 -3.19922E+00 -7.80946E-01 -7.83926E-01  6.21607E+00
  5.06000E-01 -3.17071E+00 -7.49096E-01 -7.52076E-01  6.24792E+00
  5.09000E-01 -3.14304E+00 -7.18551E-01 -7.21535E-01  6.27847E+00
  5.12000E-01 -3.11537E+00 -6.89290E-01 -6.92274E-01  6.30773E+00
  5.15000E-01 -3.08887E+00 -6.61462E-01 -6.64446E-01  6.33555E+00
  5.18000E-01 -3.06237E+00 -6.34666E-01 -6.37650E-01  6.36235E+00
  5.21000E-01 -3.03704E+00 -6.08540E-01 -6.11524E-01  6.38848E+00
  5.23000E-01 -3.02015E+00 -5.91597E-01 -5.94581E-01  6.40542E+00
  5.24900E-01 -3.00411E+00 -5.75849E-01 -5.78832E-01  6.42117E+00
  5.28000E-01 -2.97897E+00 -5.50961E-01 -5.53944E-01  6.44606E+00
  5.32000E-01 -2.94653E+00 -5.20492E-01 -5.23476E-01  6.47652E+00
  5.36000E-01 -2.91579E+00 -4.90822E-01 -4.93806E-01  6.50619E+00
  5.40000E-01 -2.88505E+00 -4.62384E-01 -4.65368E-01  6.53463E+00
  5.42000E-01 -2.87053E+00 -4.48603E-01 -4.51587E-01  6.54841E+00
  5.45000E-01 -2.84875E+00 -4.28213E-01 -4.31197E-01  6.56880E+00
  5.48000E-01 -2.82697E+00 -4.08331E-01 -4.11315E-01  6.58868E+00
  5.50000E-01 -2.81245E+00 -3.95404E-01 -3.98387E-01  6.60161E+00
  5.55000E-01 -2.77805E+00 -3.63881E-01 -3.66865E-01  6.63314E+00
  5.60000E-01 -2.74365E+00 -3.33447E-01 -3.36431E-01  6.66357E+00
  5.65000E-01 -2.71068E+00 -3.04132E-01 -3.07116E-01  6.69288E+00
  5.70000E-01 -2.67770E+00 -2.75868E-01 -2.78851E-01  6.72115E+00
  5.75000E-01 -2.64607E+00 -2.48573E-01 -2.51557E-01  6.74844E+00
  5.80000E-01 -2.61444E+00 -2.22010E-01 -2.24994E-01  6.77501E+00
  5.83000E-01 -2.59588E+00 -2.06488E-01 -2.09471E-01  6.79053E+00
  5.85000E-01 -2.58351E+00 -1.96407E-01 -1.99391E-01  6.80061E+00
  5.88000E-01 -2.56495E+00 -1.81597E-01 -1.84581E-01  6.81542E+00
  5.90000E-01 -2.55258E+00 -1.71907E-01 -1.74890E-01  6.82511E+00
  5.95000E-01 -2.52288E+00 -1.48244E-01 -1.51227E-01  6.84877E+00
  6.00000E-01 -2.49318E+00 -1.25121E-01 -1.28104E-01  6.87190E+00
  6.05000E-01 -2.46393E+00 -1.02768E-01 -1.05751E-01  6.89425E+00
  6.10000E-01 -2.43467E+00 -8.12953E-02 -8.42793E-02  6.91572E+00
  6.15000E-01 -2.40606E+00 -6.06374E-02 -6.36214E-02  6.93638E+00
  6.18000E-01 -2.38890E+00 -4.86723E-02 -5.16563E-02  6.94834E+00
  6.20000E-01 -2.37746E+00 -4.07560E-02 -4.37390E-02  6.95626E+00
  6.23000E-01 -2.36062E+00 -2.91697E-02 -3.21537E-02  6.96785E+00
  6.25000E-01 -2.34940E+00 -2.16923E-02 -2.46753E-02  6.97532E+00
  6.28000E-01 -2.33256E+00 -1.07358E-02 -1.37198E-02  6.98628E+00
  6.30000E-01 -2.32133E+00 -3.58300E-03 -6.56700E-03  6.99343E+00
  6.33000E-01 -2.30498E+00  6.96646E-03  3.98246E-03  7.00398E+00
  6.35000E-01 -2.29408E+00  1.39597E-02  1.09760E-02  7.01098E+00
  6.38000E-01 -2.27772E+00  2.41848E-02  2.12011E-02  7.02120E+00
  6.40000E-01 -2.26682E+00  3.07758E-02  2.77921E-02  7.02779E+00
  6.43000E-01 -2.25094E+00  4.04365E-02  3.74528E-02  7.03745E+00
  6.45000E-01 -2.24035E+00  4.67118E-02  4.37281E-02  7.04373E+00
  6.48000E-01 -2.22446E+00  5.59749E-02  5.29912E-02  7.05299E+00
  6.50000E-01 -2.21387E+00  6.20973E-02  5.91136E-02  7.05911E+00
  6.53000E-01 -2.19833E+00  7.10492E-02  6.80655E-02  7.06807E+00
  6.55000E-01 -2.18797E+00  7.68143E-02  7.38306E-02  7.07383E+00
  6.57000E-01 -2.17760E+00  8.24602E-02  7.94765E-02  7.07948E+00
  6.60000E-01 -2.16206E+00  9.07232E-02  8.77395E-02  7.08774E+00
  6.64000E-01 -2.14205E+00  1.01402E-01  9.84179E-02  7.09842E+00
  6.68000E-01 -2.12204E+00  1.11739E-01  1.08755E-01  7.10876E+00
  6.72000E-01 -2.10248E+00  1.21830E-01  1.18846E-01  7.11885E+00
  6.76800E-01 -2.07901E+00  1.33328E-01  1.30344E-01  7.13034E+00
  6.79000E-01 -2.06851E+00  1.38415E-01  1.35431E-01  7.13543E+00
  6.82000E-01 -2.05419E+00  1.45185E-01  1.42201E-01  7.14220E+00
  6.85000E-01 -2.04017E+00  1.51774E-01  1.48790E-01  7.14879E+00
  6.88000E-01 -2.02615E+00  1.58187E-01  1.55203E-01  7.15520E+00
  6.91000E-01 -2.01244E+00  1.64439E-01  1.61455E-01  7.16146E+00
  6.94000E-01 -1.99873E+00  1.70531E-01  1.67548E-01  7.16755E+00
  6.97000E-01 -1.98532E+00  1.76475E-01  1.73491E-01  7.17349E+00
  6.98500E-01 -1.97861E+00  1.79398E-01  1.76414E-01  7.17641E+00
  7.00000E-01 -1.97191E+00  1.82288E-01  1.79304E-01  7.17930E+00
  7.04000E-01 -1.95463E+00  1.89820E-01  1.86836E-01  7.18684E+00
  7.08000E-01 -1.93736E+00  1.97067E-01  1.94083E-01  7.19408E+00
  7.12000E-01 -1.92008E+00  2.04058E-01  2.01074E-01  7.20107E+00
  7.15000E-01 -1.90712E+00  2.09161E-01  2.06177E-01  7.20618E+00
  7.22000E-01 -1.87847E+00  2.20564E-01  2.17581E-01  7.21758E+00
  7.30000E-01 -1.84573E+00  2.32828E-01  2.29845E-01  7.22985E+00
  7.35000E-01 -1.82615E+00  2.40107E-01  2.37123E-01  7.23712E+00
  7.40000E-01 -1.80658E+00  2.47110E-01  2.44126E-01  7.24413E+00
  7.45000E-01 -1.78768E+00  2.53855E-01  2.50871E-01  7.25087E+00
  7.50000E-01 -1.76877E+00  2.60373E-01  2.57390E-01  7.25739E+00
  7.58000E-01 -1.73968E+00  2.70290E-01  2.67306E-01  7.26731E+00
  7.65000E-01 -1.71423E+00  2.78460E-01  2.75477E-01  7.27548E+00
  7.73000E-01 -1.68658E+00  2.87304E-01  2.84320E-01  7.28432E+00
  7.80000E-01 -1.66238E+00  2.94701E-01  2.91717E-01  7.29172E+00
  7.85000E-01 -1.64567E+00  2.99775E-01  2.96791E-01  7.29679E+00
  7.90000E-01 -1.62897E+00  3.04619E-01  3.01635E-01  7.30163E+00
  8.00000E-01 -1.59664E+00  3.13856E-01  3.10872E-01  7.31087E+00
  8.10000E-01 -1.56505E+00  3.22428E-01  3.19445E-01  7.31944E+00
  8.20000E-01 -1.53447E+00  3.30387E-01  3.27403E-01  7.32740E+00
  8.28000E-01 -1.51066E+00  3.36318E-01  3.33334E-01  7.33333E+00
  8.35000E-01 -1.48983E+00  3.41108E-01  3.38125E-01  7.33812E+00
  8.43000E-01 -1.46713E+00  3.46254E-01  3.43271E-01  7.34327E+00
  8.50000E-01 -1.44726E+00  3.50573E-01  3.47589E-01  7.34759E+00
  8.60000E-01 -1.41962E+00  3.56284E-01  3.53300E-01  7.35330E+00
  8.70000E-01 -1.39283E+00  3.61483E-01  3.58499E-01  7.35850E+00
  8.85000E-01 -1.35373E+00  3.68328E-01  3.65344E-01  7.36534E+00
  9.00000E-01 -1.31637E+00  3.74204E-01  3.71221E-01  7.37122E+00
  9.10000E-01 -1.29210E+00  3.77641E-01  3.74657E-01  7.37466E+00
  9.20000E-01 -1.26854E+00  3.80603E-01  3.77619E-01  7.37762E+00
  9.35000E-01 -1.23446E+00  3.84387E-01  3.81403E-01  7.38140E+00
  9.50000E-01 -1.20182E+00  3.87551E-01  3.84567E-01  7.38457E+00
  9.60000E-01 -1.18071E+00  3.89333E-01  3.86350E-01  7.38635E+00
  9.70000E-01 -1.16019E+00  3.90850E-01  3.87866E-01  7.38787E+00
  9.85000E-01 -1.13040E+00  3.92691E-01  3.89707E-01  7.38971E+00
  1.00000E+00 -1.10181E+00  3.94122E-01  3.91138E-01  7.39114E+00
  1.01000E+00 -1.08326E+00  3.94853E-01  3.91869E-01  7.39187E+00
  1.02000E+00 -1.06520E+00  3.95363E-01  3.92380E-01  7.39238E+00
  1.03000E+00 -1.04761E+00  3.95697E-01  3.92713E-01  7.39271E+00
  1.03600E+00 -1.03727E+00  3.95802E-01  3.92818E-01  7.39282E+00
  1.04100E+00 -1.02879E+00  3.95896E-01  3.92912E-01  7.39291E+00
  1.05500E+00 -1.00560E+00  3.95830E-01  3.92846E-01  7.39285E+00
  1.07000E+00 -9.81657E-01  3.95806E-01  3.92822E-01  7.39282E+00
  1.08500E+00 -9.58401E-01  3.95274E-01  3.92291E-01  7.39229E+00
  1.10000E+00 -9.36005E-01  3.94786E-01  3.91803E-01  7.39180E+00
  1.11500E+00 -9.14360E-01  3.93863E-01  3.90879E-01  7.39088E+00
  1.13000E+00 -8.93369E-01  3.92976E-01  3.89992E-01  7.38999E+00
  1.14000E+00 -8.79793E-01  3.92148E-01  3.89164E-01  7.38916E+00
  1.15000E+00 -8.66540E-01  3.91335E-01  3.88351E-01  7.38835E+00
  1.16000E+00 -8.53485E-01  3.90365E-01  3.87381E-01  7.38738E+00
  1.17000E+00 -8.40737E-01  3.89408E-01  3.86425E-01  7.38643E+00
  1.18500E+00 -8.22168E-01  3.87698E-01  3.84714E-01  7.38471E+00
  1.20000E+00 -8.04155E-01  3.86014E-01  3.83030E-01  7.38303E+00
  1.21500E+00 -7.86715E-01  3.84038E-01  3.81054E-01  7.38105E+00
  1.23000E+00 -7.69860E-01  3.82086E-01  3.79103E-01  7.37910E+00
  1.24200E+00 -7.56711E-01  3.80359E-01  3.77375E-01  7.37738E+00
  1.25400E+00 -7.43910E-01  3.78646E-01  3.75662E-01  7.37566E+00
  1.27000E+00 -7.27361E-01  3.76157E-01  3.73173E-01  7.37317E+00
  1.29000E+00 -7.07472E-01  3.73077E-01  3.70093E-01  7.37009E+00
  1.30500E+00 -6.93078E-01  3.70656E-01  3.67673E-01  7.36767E+00
  1.32000E+00 -6.79080E-01  3.68253E-01  3.65270E-01  7.36527E+00
  1.33500E+00 -6.65517E-01  3.65675E-01  3.62692E-01  7.36269E+00
  1.35000E+00 -6.52373E-01  3.63113E-01  3.60130E-01  7.36013E+00
  1.36500E+00 -6.39629E-01  3.60566E-01  3.57582E-01  7.35758E+00
  1.38000E+00 -6.27269E-01  3.58033E-01  3.55049E-01  7.35505E+00
  1.39500E+00 -6.15278E-01  3.55429E-01  3.52445E-01  7.35245E+00
  1.41000E+00 -6.03592E-01  3.52839E-01  3.49855E-01  7.34985E+00
  1.42500E+00 -5.92224E-01  3.50260E-01  3.47276E-01  7.34728E+00
  1.44000E+00 -5.81186E-01  3.47693E-01  3.44709E-01  7.34471E+00
  1.45500E+00 -5.70443E-01  3.45095E-01  3.42111E-01  7.34211E+00
  1.47000E+00 -5.59963E-01  3.42506E-01  3.39522E-01  7.33952E+00
  1.48500E+00 -5.49779E-01  3.39928E-01  3.36944E-01  7.33694E+00
  1.50000E+00 -5.39880E-01  3.37359E-01  3.34375E-01  7.33437E+00
  1.51500E+00 -5.30153E-01  3.34743E-01  3.31759E-01  7.33176E+00
  1.53000E+00 -5.20695E-01  3.32136E-01  3.29152E-01  7.32915E+00
  1.55000E+00 -5.08484E-01  3.28673E-01  3.25689E-01  7.32569E+00
  1.57000E+00 -4.96710E-01  3.25225E-01  3.22241E-01  7.32224E+00
  1.59000E+00 -4.85270E-01  3.21789E-01  3.18805E-01  7.31881E+00
  1.61000E+00 -4.74231E-01  3.18366E-01  3.15382E-01  7.31538E+00
  1.63000E+00 -4.63575E-01  3.14955E-01  3.11971E-01  7.31197E+00
  1.65000E+00 -4.53284E-01  3.11555E-01  3.08571E-01  7.30857E+00
  1.67000E+00 -4.43281E-01  3.08194E-01  3.05210E-01  7.30521E+00
  1.69000E+00 -4.33613E-01  3.04843E-01  3.01859E-01  7.30186E+00
  1.71000E+00 -4.24267E-01  3.01501E-01  2.98517E-01  7.29852E+00
  1.73000E+00 -4.15226E-01  2.98169E-01  2.95185E-01  7.29519E+00
  1.75000E+00 -4.06480E-01  2.94948E-01  2.91964E-01  7.29196E+00
  1.77000E+00 -3.98013E-01  2.91735E-01  2.88751E-01  7.28875E+00
  1.78500E+00 -3.91840E-01  2.89331E-01  2.86347E-01  7.28635E+00
  1.80000E+00 -3.85814E-01  2.86931E-01  2.83947E-01  7.28395E+00
  1.82000E+00 -3.77937E-01  2.83839E-01  2.80855E-01  7.28086E+00
  1.85000E+00 -3.66576E-01  2.79215E-01  2.76231E-01  7.27623E+00
  1.87000E+00 -3.59291E-01  2.76222E-01  2.73238E-01  7.27324E+00
  1.90000E+00 -3.48774E-01  2.71745E-01  2.68762E-01  7.26876E+00
  1.92000E+00 -3.41966E-01  2.68849E-01  2.65865E-01  7.26587E+00
  1.95000E+00 -3.32130E-01  2.64515E-01  2.61531E-01  7.26153E+00
  1.97000E+00 -3.25811E-01  2.61717E-01  2.58733E-01  7.25873E+00
  2.00000E+00 -3.16672E-01  2.57528E-01  2.54544E-01  7.25454E+00
  2.03000E+00 -3.07829E-01  2.53477E-01  2.50493E-01  7.25049E+00
  2.05000E+00 -3.02141E-01  2.50781E-01  2.47797E-01  7.24780E+00
  2.07000E+00 -2.96612E-01  2.48090E-01  2.45106E-01  7.24511E+00
  2.09000E+00 -2.91235E-01  2.45510E-01  2.42527E-01  7.24253E+00
  2.11000E+00 -2.86007E-01  2.42934E-01  2.39951E-01  7.23995E+00
  2.15000E+00 -2.75969E-01  2.37794E-01  2.34811E-01  7.23481E+00
  2.18000E+00 -2.68744E-01  2.34124E-01  2.31140E-01  7.23114E+00
  2.22000E+00 -2.59551E-01  2.29242E-01  2.26258E-01  7.22626E+00
  2.26000E+00 -2.50828E-01  2.24601E-01  2.21618E-01  7.22162E+00
  2.30000E+00 -2.42543E-01  2.19972E-01  2.16989E-01  7.21699E+00
  2.32000E+00 -2.38531E-01  2.17797E-01  2.14814E-01  7.21481E+00
  2.35000E+00 -2.32700E-01  2.14540E-01  2.11557E-01  7.21156E+00
  2.37000E+00 -2.28932E-01  2.12372E-01  2.09389E-01  7.20939E+00
  2.40000E+00 -2.23451E-01  2.09124E-01  2.06141E-01  7.20614E+00
  2.42000E+00 -2.19888E-01  2.07099E-01  2.04115E-01  7.20412E+00
  2.45000E+00 -2.14703E-01  2.04065E-01  2.01082E-01  7.20108E+00
  2.48000E+00 -2.09702E-01  2.01036E-01  1.98052E-01  7.19805E+00
  2.50000E+00 -2.06465E-01  1.99019E-01  1.96035E-01  7.19604E+00
  2.53000E+00 -2.01714E-01  1.96146E-01  1.93162E-01  7.19316E+00
  2.56000E+00 -1.97127E-01  1.93277E-01  1.90293E-01  7.19029E+00
  2.59000E+00 -1.92695E-01  1.90509E-01  1.87525E-01  7.18752E+00
  2.62100E+00 -1.88272E-01  1.87651E-01  1.84667E-01  7.18467E+00
  2.62200E+00 -1.88132E-01  1.87560E-01  1.84577E-01  7.18458E+00
  2.62300E+00 -1.87992E-01  1.87470E-01  1.84487E-01  7.18449E+00
  2.67000E+00 -1.81588E-01  1.83353E-01  1.80370E-01  7.18037E+00
  2.71000E+00 -1.76394E-01  1.79855E-01  1.76872E-01  7.17687E+00
  2.75000E+00 -1.71421E-01  1.76575E-01  1.73591E-01  7.17359E+00
  2.80000E+00 -1.65498E-01  1.72481E-01  1.69497E-01  7.16950E+00
  2.85000E+00 -1.59831E-01  1.68640E-01  1.65656E-01  7.16566E+00
  2.90000E+00 -1.54451E-01  1.64806E-01  1.61822E-01  7.16182E+00
  2.95000E+00 -1.49340E-01  1.61151E-01  1.58168E-01  7.15817E+00
  2.98000E+00 -1.46395E-01  1.59040E-01  1.56056E-01  7.15606E+00
  3.00000E+00 -1.44480E-01  1.57634E-01  1.54650E-01  7.15465E+00
  3.03000E+00 -1.41649E-01  1.55643E-01  1.52659E-01  7.15266E+00
  3.07000E+00 -1.38001E-01  1.52990E-01  1.50007E-01  7.15001E+00
  3.11000E+00 -1.34493E-01  1.50341E-01  1.47358E-01  7.14736E+00
  3.15000E+00 -1.31118E-01  1.47695E-01  1.44712E-01  7.14471E+00
  3.18000E+00 -1.28669E-01  1.45883E-01  1.42900E-01  7.14290E+00
  3.22000E+00 -1.25509E-01  1.43470E-01  1.40487E-01  7.14049E+00
  3.26000E+00 -1.22465E-01  1.41059E-01  1.38076E-01  7.13808E+00
  3.30000E+00 -1.19530E-01  1.38650E-01  1.35667E-01  7.13567E+00
  3.35000E+00 -1.15984E-01  1.35864E-01  1.32881E-01  7.13288E+00
  3.40000E+00 -1.12594E-01  1.33082E-01  1.30098E-01  7.13010E+00
  3.45000E+00 -1.09350E-01  1.30460E-01  1.27476E-01  7.12748E+00
  3.50000E+00 -1.06244E-01  1.27840E-01  1.24856E-01  7.12486E+00
  3.53000E+00 -1.04434E-01  1.26378E-01  1.23394E-01  7.12339E+00
  3.57000E+00 -1.02091E-01  1.24429E-01  1.21446E-01  7.12145E+00
  3.61000E+00 -9.98262E-02  1.22482E-01  1.19499E-01  7.11950E+00
  3.65000E+00 -9.76356E-02  1.20537E-01  1.17554E-01  7.11755E+00
  3.68000E+00 -9.60396E-02  1.19199E-01  1.16216E-01  7.11622E+00
  3.72000E+00 -9.39715E-02  1.17416E-01  1.14432E-01  7.11443E+00
  3.76000E+00 -9.19694E-02  1.15634E-01  1.12650E-01  7.11265E+00
  3.80000E+00 -9.00305E-02  1.13853E-01  1.10869E-01  7.11087E+00
  3.85000E+00 -8.76762E-02  1.11783E-01  1.08799E-01  7.10880E+00
  3.90000E+00 -8.54126E-02  1.09715E-01  1.06731E-01  7.10673E+00
  3.95000E+00 -8.32352E-02  1.07752E-01  1.04769E-01  7.10477E+00
  4.00000E+00 -8.11397E-02  1.05791E-01  1.02808E-01  7.10281E+00
  4.02000E+00 -8.03195E-02  1.05037E-01  1.02054E-01  7.10205E+00
  4.04000E+00 -7.95116E-02  1.04284E-01  1.01300E-01  7.10130E+00
  4.06000E+00 -7.87157E-02  1.03546E-01  1.00562E-01  7.10056E+00
  4.08600E+00 -7.76987E-02  1.02588E-01  9.96037E-02  7.09960E+00
  4.14000E+00 -7.56482E-02  1.00727E-01  9.77430E-02  7.09774E+00
  4.19000E+00 -7.38207E-02  9.90056E-02  9.60216E-02  7.09602E+00
  4.25000E+00 -7.17132E-02  9.69416E-02  9.39578E-02  7.09396E+00
  4.30000E+00 -7.00248E-02  9.52230E-02  9.22393E-02  7.09224E+00
  4.35000E+00 -6.83859E-02  9.36410E-02  9.06573E-02  7.09066E+00
  4.40000E+00 -6.68035E-02  9.20600E-02  8.90763E-02  7.08908E+00
  4.45000E+00 -6.52750E-02  9.05565E-02  8.75729E-02  7.08757E+00
  4.50000E+00 -6.37979E-02  8.90541E-02  8.60705E-02  7.08607E+00
  4.58000E+00 -6.15245E-02  8.67915E-02  8.38079E-02  7.08381E+00
  4.65000E+00 -5.96326E-02  8.48138E-02  8.18301E-02  7.08183E+00
  4.73000E+00 -5.75743E-02  8.27088E-02  7.97251E-02  7.07973E+00
  4.80000E+00 -5.58588E-02  8.08687E-02  7.78850E-02  7.07788E+00
  4.85000E+00 -5.46795E-02  7.96612E-02  7.66775E-02  7.07668E+00
  4.90000E+00 -5.35367E-02  7.84546E-02  7.54709E-02  7.07547E+00
  4.95000E+00 -5.24292E-02  7.72487E-02  7.42650E-02  7.07426E+00
  5.00000E+00 -5.13553E-02  7.60434E-02  7.30597E-02  7.07306E+00
  5.05000E+00 -5.03044E-02  7.49207E-02  7.19370E-02  7.07194E+00
  5.10000E+00 -4.92851E-02  7.37986E-02  7.08149E-02  7.07081E+00
  5.15000E+00 -4.82961E-02  7.27225E-02  6.97388E-02  7.06974E+00
  5.20000E+00 -4.73362E-02  7.16470E-02  6.86633E-02  7.06866E+00
  5.26000E+00 -4.62212E-02  7.04422E-02  6.74585E-02  7.06746E+00
  5.31000E+00 -4.53214E-02  6.94387E-02  6.64550E-02  7.06646E+00
  5.36000E+00 -4.44474E-02  6.84358E-02  6.54521E-02  7.06545E+00
  5.41472E+00 -4.35192E-02  6.73387E-02  6.43550E-02  7.06436E+00
  5.49000E+00 -4.22885E-02  6.59843E-02  6.30006E-02  7.06300E+00
  5.56000E+00 -4.11835E-02  6.47258E-02  6.17421E-02  7.06174E+00
  5.63000E+00 -4.01196E-02  6.34681E-02  6.04844E-02  7.06048E+00
  5.70000E+00 -3.90959E-02  6.22112E-02  5.92275E-02  7.05923E+00
  5.78000E+00 -3.79725E-02  6.09363E-02  5.79526E-02  7.05795E+00
  5.85000E+00 -3.70283E-02  5.98215E-02  5.68378E-02  7.05684E+00
  5.92000E+00 -3.61183E-02  5.87074E-02  5.57237E-02  7.05572E+00
  6.00000E+00 -3.51183E-02  5.74349E-02  5.44512E-02  7.05445E+00
  6.05000E+00 -3.45099E-02  5.67153E-02  5.37316E-02  7.05373E+00
  6.10000E+00 -3.39170E-02  5.59960E-02  5.30123E-02  7.05301E+00
  6.20000E+00 -3.27753E-02  5.45583E-02  5.15746E-02  7.05157E+00
  6.30000E+00 -3.16894E-02  5.32264E-02  5.02427E-02  7.05024E+00
  6.35000E+00 -3.11663E-02  5.25609E-02  4.95772E-02  7.04958E+00
  6.40384E+00 -3.06171E-02  5.18445E-02  4.88608E-02  7.04886E+00
  6.48000E+00 -2.98643E-02  5.09221E-02  4.79384E-02  7.04794E+00
  6.55000E+00 -2.91934E-02  5.00749E-02  4.70912E-02  7.04709E+00
  6.63000E+00 -2.84524E-02  4.91071E-02  4.61234E-02  7.04612E+00
  6.70000E+00 -2.78265E-02  4.82607E-02  4.52770E-02  7.04528E+00
  6.78000E+00 -2.71357E-02  4.73910E-02  4.44073E-02  7.04441E+00
  6.85000E+00 -2.65517E-02  4.66304E-02  4.36467E-02  7.04365E+00
  6.92000E+00 -2.59861E-02  4.58702E-02  4.28865E-02  7.04289E+00
  7.00000E+00 -2.53611E-02  4.50018E-02  4.20181E-02  7.04202E+00
  7.07000E+00 -2.48296E-02  4.43169E-02  4.13332E-02  7.04133E+00
  7.15000E+00 -2.42419E-02  4.35347E-02  4.05510E-02  7.04055E+00
  7.22000E+00 -2.37444E-02  4.28505E-02  3.98668E-02  7.03987E+00
  7.30000E+00 -2.31939E-02  4.20689E-02  3.90852E-02  7.03909E+00
  7.40000E+00 -2.25318E-02  4.11712E-02  3.81875E-02  7.03819E+00
  7.50000E+00 -2.18971E-02  4.02739E-02  3.72902E-02  7.03729E+00
  7.57000E+00 -2.14665E-02  3.96948E-02  3.67111E-02  7.03671E+00
  7.65000E+00 -2.09895E-02  3.90333E-02  3.60496E-02  7.03605E+00
  7.72000E+00 -2.05848E-02  3.84546E-02  3.54709E-02  7.03547E+00
  7.80000E+00 -2.01361E-02  3.77936E-02  3.48099E-02  7.03481E+00
  7.90000E+00 -1.95951E-02  3.70311E-02  3.40474E-02  7.03405E+00
  8.00000E+00 -1.90753E-02  3.62690E-02  3.32853E-02  7.03329E+00
  8.02000E+00 -1.89732E-02  3.61226E-02  3.31389E-02  7.03314E+00
  8.04778E+00 -1.88327E-02  3.59192E-02  3.29355E-02  7.03294E+00
  8.17000E+00 -1.82326E-02  3.50874E-02  3.21037E-02  7.03210E+00
  8.30000E+00 -1.76244E-02  3.42033E-02  3.12196E-02  7.03122E+00
  8.40000E+00 -1.71767E-02  3.35235E-02  3.05398E-02  7.03054E+00
  8.50000E+00 -1.67454E-02  3.28441E-02  2.98604E-02  7.02986E+00
  8.65000E+00 -1.61260E-02  3.19580E-02  2.89743E-02  7.02897E+00
  8.80000E+00 -1.55395E-02  3.10724E-02  2.80888E-02  7.02809E+00
  8.90000E+00 -1.51657E-02  3.04824E-02  2.74988E-02  7.02750E+00
  9.00000E+00 -1.48050E-02  2.98927E-02  2.69091E-02  7.02691E+00
  9.15000E+00 -1.42843E-02  2.91232E-02  2.61396E-02  7.02614E+00
  9.30000E+00 -1.37900E-02  2.83542E-02  2.53706E-02  7.02537E+00
  9.40000E+00 -1.34743E-02  2.78419E-02  2.48582E-02  7.02486E+00
  9.50000E+00 -1.31690E-02  2.73297E-02  2.43460E-02  7.02435E+00
  9.65000E+00 -1.27288E-02  2.66574E-02  2.36737E-02  7.02367E+00
  9.80000E+00 -1.23098E-02  2.59854E-02  2.30017E-02  7.02300E+00
  9.90000E+00 -1.20416E-02  2.55377E-02  2.25540E-02  7.02255E+00
  1.00000E+01 -1.17819E-02  2.50902E-02  2.21065E-02  7.02211E+00
  1.01500E+01 -1.14052E-02  2.45060E-02  2.15223E-02  7.02152E+00
  1.03000E+01 -1.10458E-02  2.39222E-02  2.09385E-02  7.02094E+00
  1.04500E+01 -1.07027E-02  2.33388E-02  2.03551E-02  7.02036E+00
  1.06000E+01 -1.03750E-02  2.27556E-02  1.97719E-02  7.01977E+00
  1.07500E+01 -1.00616E-02  2.22337E-02  1.92500E-02  7.01925E+00
  1.09000E+01 -9.76163E-03  2.17122E-02  1.87285E-02  7.01873E+00
  1.11000E+01 -9.38136E-03  2.10676E-02  1.80839E-02  7.01808E+00
  1.11600E+01 -9.27149E-03  2.08743E-02  1.78906E-02  7.01789E+00
  1.12200E+01 -9.16333E-03  2.06810E-02  1.76973E-02  7.01770E+00
  1.15000E+01 -8.68080E-03  1.98912E-02  1.69075E-02  7.01691E+00
  1.17000E+01 -8.34601E-03  1.93276E-02  1.63439E-02  7.01634E+00
  1.18000E+01 -8.18355E-03  1.90458E-02  1.60621E-02  7.01606E+00
  1.19000E+01 -8.02558E-03  1.87642E-02  1.57805E-02  7.01578E+00
  1.20000E+01 -7.87467E-03  1.84827E-02  1.54990E-02  7.01550E+00
  1.21000E+01 -7.72781E-03  1.82012E-02  1.52175E-02  7.01522E+00
  1.22500E+01 -7.51482E-03  1.78460E-02  1.48623E-02  7.01486E+00
  1.24000E+01 -7.31381E-03  1.74910E-02  1.45073E-02  7.01451E+00
  1.25000E+01 -7.18528E-03  1.72544E-02  1.42707E-02  7.01427E+00
  1.26000E+01 -7.06001E-03  1.70179E-02  1.40342E-02  7.01403E+00
  1.28000E+01 -6.81872E-03  1.65450E-02  1.35613E-02  7.01356E+00
  1.29000E+01 -6.70251E-03  1.63086E-02  1.33249E-02  7.01332E+00
  1.30000E+01 -6.58915E-03  1.60723E-02  1.30886E-02  7.01309E+00
  1.31500E+01 -6.42411E-03  1.57815E-02  1.27978E-02  7.01280E+00
  1.33000E+01 -6.26501E-03  1.54907E-02  1.25070E-02  7.01251E+00
  1.34000E+01 -6.16210E-03  1.52969E-02  1.23132E-02  7.01231E+00
  1.35000E+01 -6.06163E-03  1.51032E-02  1.21195E-02  7.01212E+00
  1.38000E+01 -5.77310E-03  1.45224E-02  1.15387E-02  7.01154E+00
  1.40000E+01 -5.59170E-03  1.41353E-02  1.11516E-02  7.01115E+00
  1.43000E+01 -5.33431E-03  1.36548E-02  1.06711E-02  7.01067E+00
  1.45000E+01 -5.17215E-03  1.33347E-02  1.03510E-02  7.01035E+00
  1.48000E+01 -4.94201E-03  1.28547E-02  9.87099E-03  7.00987E+00
  1.50000E+01 -4.79675E-03  1.25349E-02  9.55119E-03  7.00955E+00
  1.51500E+01 -4.69137E-03  1.23271E-02  9.34339E-03  7.00934E+00
  1.53000E+01 -4.58930E-03  1.21194E-02  9.13565E-03  7.00914E+00
  1.54500E+01 -4.49042E-03  1.19117E-02  8.92798E-03  7.00893E+00
  1.56000E+01 -4.39459E-03  1.17041E-02  8.72038E-03  7.00872E+00
  1.57500E+01 -4.30170E-03  1.15166E-02  8.53283E-03  7.00853E+00
  1.59000E+01 -4.21162E-03  1.13291E-02  8.34534E-03  7.00835E+00
  1.60500E+01 -4.12425E-03  1.11416E-02  8.15790E-03  7.00816E+00
  1.62000E+01 -4.03948E-03  1.09542E-02  7.97052E-03  7.00797E+00
  1.65000E+01 -3.87734E-03  1.06321E-02  7.64841E-03  7.00765E+00
  1.68000E+01 -3.72381E-03  1.03102E-02  7.32650E-03  7.00733E+00
  1.69500E+01 -3.65033E-03  1.01493E-02  7.16561E-03  7.00717E+00
  1.71000E+01 -3.57893E-03  9.98847E-03  7.00477E-03  7.00700E+00
  1.73000E+01 -3.48682E-03  9.77408E-03  6.79038E-03  7.00679E+00
  1.74790E+01 -3.40727E-03  9.58226E-03  6.59856E-03  7.00660E+00
  1.76000E+01 -3.35497E-03  9.47518E-03  6.49148E-03  7.00649E+00
  1.78000E+01 -3.27104E-03  9.29825E-03  6.31455E-03  7.00631E+00
  1.81000E+01 -3.15062E-03  9.03297E-03  6.04927E-03  7.00605E+00
  1.84000E+01 -3.03631E-03  8.76782E-03  5.78412E-03  7.00578E+00
  1.87000E+01 -2.92789E-03  8.50281E-03  5.51911E-03  7.00552E+00
  1.91000E+01 -2.79173E-03  8.20797E-03  5.22427E-03  7.00522E+00
  1.94000E+01 -2.69531E-03  7.98698E-03  5.00328E-03  7.00500E+00
  1.97000E+01 -2.60361E-03  7.76609E-03  4.78239E-03  7.00478E+00
  2.00000E+01 -2.51636E-03  7.54529E-03  4.56159E-03  7.00456E+00
  2.03000E+01 -2.43297E-03  7.35752E-03  4.37382E-03  7.00437E+00
  2.06000E+01 -2.35350E-03  7.16983E-03  4.18613E-03  7.00419E+00
  2.09000E+01 -2.27773E-03  6.98223E-03  3.99853E-03  7.00400E+00
  2.11000E+01 -2.22915E-03  6.85720E-03  3.87350E-03  7.00387E+00
  2.14000E+01 -2.15904E-03  6.69389E-03  3.71019E-03  7.00371E+00
  2.16000E+01 -2.11406E-03  6.58505E-03  3.60135E-03  7.00360E+00
  2.19000E+01 -2.04907E-03  6.42185E-03  3.43815E-03  7.00344E+00
  2.21630E+01 -1.99444E-03  6.27883E-03  3.29513E-03  7.00330E+00
  2.25000E+01 -1.92746E-03  6.13314E-03  3.14944E-03  7.00315E+00
  2.29000E+01 -1.85210E-03  5.96031E-03  2.97661E-03  7.00298E+00
  2.33000E+01 -1.78069E-03  5.78758E-03  2.80388E-03  7.00280E+00
  2.36000E+01 -1.72965E-03  5.65809E-03  2.67439E-03  7.00267E+00
  2.40000E+01 -1.66483E-03  5.48551E-03  2.50181E-03  7.00250E+00
  2.43000E+01 -1.61848E-03  5.35613E-03  2.37243E-03  7.00237E+00
  2.47000E+01 -1.55952E-03  5.18368E-03  2.19998E-03  7.00220E+00
  2.50000E+01 -1.51730E-03  5.05439E-03  2.07069E-03  7.00207E+00
  2.53000E+01 -1.47658E-03  4.95788E-03  1.97418E-03  7.00197E+00
  2.56000E+01 -1.43741E-03  4.86141E-03  1.87771E-03  7.00188E+00
  2.59000E+01 -1.39971E-03  4.76497E-03  1.78127E-03  7.00178E+00
  2.62000E+01 -1.36343E-03  4.66856E-03  1.68486E-03  7.00168E+00
  2.65000E+01 -1.32848E-03  4.57219E-03  1.58849E-03  7.00159E+00
  2.68000E+01 -1.29480E-03  4.47585E-03  1.49215E-03  7.00149E+00
  2.71000E+01 -1.26234E-03  4.37953E-03  1.39583E-03  7.00140E+00
  2.74700E+01 -1.22389E-03  4.26078E-03  1.27708E-03  7.00128E+00
  2.78000E+01 -1.19101E-03  4.17829E-03  1.19459E-03  7.00119E+00
  2.81000E+01 -1.16217E-03  4.10332E-03  1.11962E-03  7.00112E+00
  2.84000E+01 -1.13428E-03  4.02838E-03  1.04468E-03  7.00104E+00
  2.87000E+01 -1.10733E-03  3.95346E-03  9.69761E-04  7.00097E+00
  2.91000E+01 -1.07282E-03  3.85360E-03  8.69903E-04  7.00087E+00
  2.94000E+01 -1.04794E-03  3.77873E-03  7.95033E-04  7.00080E+00
  2.97000E+01 -1.02387E-03  3.70388E-03  7.20183E-04  7.00072E+00
  3.00000E+01 -1.00060E-03  3.62905E-03  6.45351E-04  7.00065E+00
  3.04000E+01 -9.70658E-04  3.56017E-03  5.76473E-04  7.00058E+00
  3.08000E+01 -9.41986E-04  3.49132E-03  5.07625E-04  7.00051E+00
  3.12000E+01 -9.14514E-04  3.42250E-03  4.38806E-04  7.00044E+00
  3.15000E+01 -8.94659E-04  3.37091E-03  3.87210E-04  7.00039E+00
  3.19000E+01 -8.69136E-04  3.30213E-03  3.18438E-04  7.00032E+00
  3.23000E+01 -8.44645E-04  3.23339E-03  2.49691E-04  7.00025E+00
  3.30000E+01 -8.04111E-04  3.11314E-03  1.29441E-04  7.00013E+00
  3.38000E+01 -7.61032E-04  2.97579E-03 -7.90608E-06  6.99999E+00
  3.45000E+01 -7.26004E-04  2.85568E-03 -1.28019E-04  6.99987E+00
  3.53000E+01 -6.88708E-04  2.71848E-03 -2.65222E-04  6.99973E+00
  3.60300E+01 -6.56984E-04  2.59334E-03 -3.90361E-04  6.99961E+00
  3.65000E+01 -6.37658E-04  2.53935E-03 -4.44351E-04  6.99956E+00
  3.70000E+01 -6.17981E-04  2.48194E-03 -5.01765E-04  6.99950E+00
  3.75000E+01 -5.99163E-04  2.42454E-03 -5.59157E-04  6.99944E+00
  3.80000E+01 -5.81156E-04  2.36717E-03 -6.16529E-04  6.99938E+00
  3.90000E+01 -5.47398E-04  2.25249E-03 -7.31215E-04  6.99927E+00
  3.95000E+01 -5.31566E-04  2.19517E-03 -7.88531E-04  6.99921E+00
  4.00000E+01 -5.16383E-04  2.13787E-03 -8.45830E-04  6.99915E+00
  4.08000E+01 -4.93292E-04  2.07259E-03 -9.11112E-04  6.99909E+00
  4.15000E+01 -4.74281E-04  2.01550E-03 -9.68203E-04  6.99903E+00
  4.23000E+01 -4.53815E-04  1.95028E-03 -1.03342E-03  6.99897E+00
  4.30000E+01 -4.36930E-04  1.89325E-03 -1.09045E-03  6.99891E+00
  4.38000E+01 -4.18714E-04  1.82809E-03 -1.15561E-03  6.99884E+00
  4.45000E+01 -4.03654E-04  1.77111E-03 -1.21260E-03  6.99879E+00
  4.53000E+01 -3.87365E-04  1.70600E-03 -1.27770E-03  6.99872E+00
  4.60000E+01 -3.73858E-04  1.64906E-03 -1.33464E-03  6.99867E+00
  4.70000E+01 -3.55704E-04  1.58960E-03 -1.39410E-03  6.99861E+00
  4.80000E+01 -3.38787E-04  1.53017E-03 -1.45353E-03  6.99855E+00
  4.90000E+01 -3.22998E-04  1.47078E-03 -1.51292E-03  6.99849E+00
  5.00000E+01 -3.08243E-04  1.41141E-03 -1.57229E-03  6.99843E+00
  5.10000E+01 -2.94410E-04  1.36800E-03 -1.61570E-03  6.99838E+00
  5.20000E+01 -2.81448E-04  1.32461E-03 -1.65909E-03  6.99834E+00
  5.30000E+01 -2.69288E-04  1.28124E-03 -1.70246E-03  6.99830E+00
  5.40000E+01 -2.57866E-04  1.23790E-03 -1.74580E-03  6.99825E+00
  5.50000E+01 -2.47126E-04  1.19457E-03 -1.78913E-03  6.99821E+00
  5.60000E+01 -2.37014E-04  1.15126E-03 -1.83244E-03  6.99817E+00
  5.75300E+01 -2.22654E-04  1.08503E-03 -1.89867E-03  6.99810E+00
  5.85000E+01 -2.14187E-04  1.05227E-03 -1.93143E-03  6.99807E+00
  5.95400E+01 -2.05612E-04  1.01717E-03 -1.96653E-03  6.99803E+00
  6.00000E+01 -2.01976E-04  1.00254E-03 -1.98116E-03  6.99802E+00
  6.15000E+01 -1.90726E-04  9.61987E-04 -2.02171E-03  6.99798E+00
  6.30000E+01 -1.80352E-04  9.21457E-04 -2.06224E-03  6.99794E+00
  6.50000E+01 -1.67733E-04  8.67453E-04 -2.11625E-03  6.99788E+00
  6.68300E+01 -1.57265E-04  8.18072E-04 -2.16563E-03  6.99783E+00
  6.80000E+01 -1.51056E-04  7.92721E-04 -2.19098E-03  6.99781E+00
  7.00000E+01 -1.41228E-04  7.49410E-04 -2.23428E-03  6.99777E+00
  7.20000E+01 -1.32294E-04  7.12614E-04 -2.27108E-03  6.99773E+00
  7.49600E+01 -1.20490E-04  6.58199E-04 -2.32550E-03  6.99767E+00
  7.71100E+01 -1.12840E-04  6.23776E-04 -2.35993E-03  6.99764E+00
  7.86000E+01 -1.07940E-04  6.02013E-04 -2.38169E-03  6.99762E+00
  8.00000E+01 -1.03608E-04  5.81573E-04 -2.40213E-03  6.99760E+00
  8.30000E+01 -9.52688E-05  5.46475E-04 -2.43723E-03  6.99756E+00
  8.50000E+01 -9.02358E-05  5.23093E-04 -2.46061E-03  6.99754E+00
  8.80000E+01 -8.33760E-05  4.88043E-04 -2.49566E-03  6.99750E+00
  9.00000E+01 -7.92125E-05  4.64691E-04 -2.51901E-03  6.99748E+00
  9.50000E+01 -7.00523E-05  4.22413E-04 -2.56129E-03  6.99744E+00
  9.80000E+01 -6.52728E-05  3.97072E-04 -2.58663E-03  6.99741E+00
  1.00000E+02 -6.23432E-05  3.80186E-04 -2.60351E-03  6.99740E+00
  1.05000E+02 -5.56821E-05  3.58625E-04 -2.62507E-03  6.99737E+00
  1.10000E+02 -4.99948E-05  3.37097E-04 -2.64660E-03  6.99735E+00
  1.15000E+02 -4.51039E-05  3.15597E-04 -2.66810E-03  6.99733E+00
  1.20000E+02 -4.08702E-05  2.94120E-04 -2.68958E-03  6.99731E+00
  1.27000E+02 -3.59264E-05  2.64085E-04 -2.71961E-03  6.99728E+00
  1.33000E+02 -3.23813E-05  2.38366E-04 -2.74533E-03  6.99725E+00
  1.39000E+02 -2.93201E-05  2.12665E-04 -2.77103E-03  6.99723E+00
  1.45400E+02 -2.64953E-05  1.85268E-04 -2.79843E-03  6.99720E+00
  1.48000E+02 -2.54592E-05  1.79164E-04 -2.80453E-03  6.99720E+00
  1.50000E+02 -2.47016E-05  1.74470E-04 -2.80923E-03  6.99719E+00
  1.65000E+02 -1.99319E-05  1.52050E-04 -2.83165E-03  6.99717E+00
  1.80000E+02 -1.63865E-05  1.29680E-04 -2.85402E-03  6.99715E+00
  1.90000E+02 -1.45087E-05  1.14787E-04 -2.86891E-03  6.99713E+00
  2.00000E+02 -1.29266E-05  9.99067E-05 -2.88379E-03  6.99712E+00
  2.20000E+02 -1.05538E-05  8.53572E-05 -2.89834E-03  6.99710E+00
  2.44700E+02 -8.41478E-06  6.74264E-05 -2.91627E-03  6.99708E+00
  2.79200E+02 -6.35503E-06  5.21054E-05 -2.93159E-03  6.99707E+00
  3.00000E+02 -5.45380E-06  4.52337E-05 -2.93847E-03  6.99706E+00
  3.16500E+02 -4.91176E-06  4.06989E-05 -2.94300E-03  6.99706E+00
  3.20100E+02 -4.80434E-06  3.98036E-05 -2.94390E-03  6.99706E+00
  3.44300E+02 -4.16629E-06  3.44872E-05 -2.94921E-03  6.99705E+00
  4.00000E+02 -3.10750E-06  2.56435E-05 -2.95805E-03  6.99704E+00
  4.11100E+02 -2.96018E-06  2.42831E-05 -2.95942E-03  6.99704E+00
  4.11800E+02 -2.95126E-06  2.42013E-05 -2.95950E-03  6.99704E+00
  4.44000E+02 -2.58219E-06  2.08456E-05 -2.96285E-03  6.99704E+00
  4.68050E+02 -2.35145E-06  1.87740E-05 -2.96493E-03  6.99704E+00
  5.00000E+02 -2.09142E-06  1.64557E-05 -2.96724E-03  6.99703E+00
  6.00000E+02 -1.57102E-06  1.14364E-05 -2.97226E-03  6.99703E+00
  6.61600E+02 -1.35553E-06  9.39427E-06 -2.97431E-03  6.99703E+00
  7.00000E+02 -1.25671E-06  8.38813E-06 -2.97531E-03  6.99702E+00
  7.23300E+02 -1.20273E-06  7.85516E-06 -2.97585E-03  6.99702E+00
  7.78900E+02 -1.08901E-06  6.76967E-06 -2.97693E-03  6.99702E+00
  8.00000E+02 -1.05066E-06  6.41285E-06 -2.97729E-03  6.99702E+00
  8.67400E+02 -9.58835E-07  5.44953E-06 -2.97825E-03  6.99702E+00
  8.89200E+02 -9.32300E-07  5.18612E-06 -2.97852E-03  6.99702E+00
  9.00000E+02 -9.19661E-07  5.06292E-06 -2.97864E-03  6.99702E+00
  9.64000E+02 -8.50930E-07  4.42015E-06 -2.97928E-03  6.99702E+00
  1.00000E+03 -8.16374E-07  4.12321E-06 -2.97957E-03  6.99702E+00
  1.00480E+03 -8.06889E-07  4.08849E-06 -2.97961E-03  6.99702E+00
  1.08580E+03 -6.99238E-07  3.47704E-06 -2.98022E-03  6.99702E+00
  1.12050E+03 -6.77937E-07  3.25330E-06 -2.98045E-03  6.99702E+00
  1.12110E+03 -6.77575E-07  3.24965E-06 -2.98045E-03  6.99702E+00
  1.17320E+03 -6.50035E-07  2.95226E-06 -2.98075E-03  6.99702E+00
  1.27450E+03 -6.11353E-07  2.49881E-06 -2.98120E-03  6.99702E+00
  1.33250E+03 -5.84180E-07  2.28656E-06 -2.98141E-03  6.99702E+00
  1.40800E+03 -5.51312E-07  2.04757E-06 -2.98165E-03  6.99702E+00
  1.50000E+03 -5.14801E-07  1.80200E-06 -2.98190E-03  6.99702E+00
  2.00000E+03 -3.84264E-07  1.00495E-06 -2.98269E-03  6.99702E+00
  3.00000E+03 -2.58993E-07  4.41423E-07 -2.98326E-03  6.99702E+00
  4.00000E+03 -1.96786E-07  2.45190E-07 -2.98346E-03  6.99702E+00
  5.00000E+03 -1.59092E-07  1.55237E-07 -2.98354E-03  6.99702E+00
  5.00020E+03 -1.59086E-07  1.55223E-07 -2.98354E-03  6.99702E+00
  6.00000E+03 -1.33683E-07  1.06818E-07 -2.98359E-03  6.99702E+00
  7.00000E+03 -1.15338E-07  7.78700E-08 -2.98362E-03  6.99702E+00
  8.00000E+03 -1.01434E-07  5.92122E-08 -2.98364E-03  6.99702E+00
  9.00000E+03 -9.05510E-08  4.65022E-08 -2.98365E-03  6.99702E+00
  1.00000E+04 -8.17642E-08  3.74571E-08 -2.98366E-03  6.99702E+00
 *** END OF DATA ***
 
