 TITLE = Anomalous Scattering Factors, 08_O_asf
 # COLUMNS = 5
 LABEL 1 = photon energy, E (keV)
 LABEL 2 = g'' = -f''CL = -f2
 LABEL 3 = g'
 LABEL 4 = f'
 LABEL 5 = f1
 REMARK BEGIN = 08_O_asf
   ASF: ANOMALOUS-SCATTERING-FACTOR CONVERTER, VERSION 9A, May 21, 1996.
   ASF: RUN TIME/DATA/MACHINE= 17:30:10 May 23, 1996 www-phys
   INPUT G' FILE=  /home/rayleigh/data/asf/go0sl|m=RE
   INPUT G'' FILE= /home/rayleigh/data/asf/go0sl|m=IM
   OUTPUT FILE=    08_O_asf
   ASF: # G' VALUES FOUND IN INPUT G' FILE=     1153
   ASF: # G'' VALUES FOUND IN INPUT G'' FILE=   1161
   ASF: # EXPLICIT BOUND-BOUND TRANSITIONS=    110
   ASF: INPUT G'  FILE EKEVMIN, EKEVMAX=   0.00000E+00  1.00000E+04
   ASF: INPUT G'' FILE EKEVMIN, EKEVMAX=   0.00000E+00  1.00000E+04
       OUTPUT FILE EKEVMIN, EKEVMAX=       0.00000E+00  1.00000E+04
   ASF: RETAIN INPUT-FILE ENERGY GRID.
     # UNIQUE G'/G'' ENERGIES=   1440
 REMARK END = 08_O_asf
      E (keV)          g''           g'           f'           f1
  0.00000E+00  0.00000E+00 -7.99447E+00 -7.99857E+00  1.43000E-03
  1.00000E-03  0.00000E+00 -8.00271E+00 -8.00681E+00 -6.80806E-03
  1.50000E-03  0.00000E+00 -8.01309E+00 -8.01719E+00 -1.71935E-02
  2.00000E-03  0.00000E+00 -8.02782E+00 -8.03192E+00 -3.19240E-02
  3.00000E-03  0.00000E+00 -8.07110E+00 -8.07520E+00 -7.51984E-02
  4.00000E-03  0.00000E+00 -8.13496E+00 -8.13906E+00 -1.39060E-01
  5.00000E-03  0.00000E+00 -8.22358E+00 -8.22768E+00 -2.27681E-01
  5.05685E-03  0.00000E+00 -8.22949E+00 -8.23359E+00 -2.33594E-01
  6.00000E-03  0.00000E+00 -8.34430E+00 -8.34840E+00 -3.48402E-01
  6.50000E-03  0.00000E+00 -8.42063E+00 -8.42473E+00 -4.24735E-01
  7.00000E-03  0.00000E+00 -8.51123E+00 -8.51533E+00 -5.15333E-01
  7.50000E-03  0.00000E+00 -8.62086E+00 -8.62496E+00 -6.24964E-01
  8.00000E-03  0.00000E+00 -8.75790E+00 -8.76200E+00 -7.62003E-01
  8.50000E-03  0.00000E+00 -8.93957E+00 -8.94367E+00 -9.43665E-01
  9.00000E-03  0.00000E+00 -9.21032E+00 -9.21442E+00 -1.21442E+00
  9.50000E-03  0.00000E+00 -9.74777E+00 -9.75187E+00 -1.75187E+00
  1.00000E-02  0.00000E+00 -1.34970E+01 -1.35011E+01 -5.50111E+00
  1.00600E-02  0.00000E+00 -1.78479E+01 -1.78520E+01 -9.85204E+00
  1.01137E-02  0.00000E+00 -3.27007E+02 -3.27011E+02 -3.19011E+02
  1.01143E-02 -4.93640E+02 -1.70237E+02 -1.70241E+02 -1.62241E+02
  1.01149E-02 -9.87280E+02 -1.34677E+01 -1.34718E+01 -5.47184E+00
  1.01161E-02  0.00000E+00  3.00065E+02  3.00061E+02  3.08061E+02
  1.01362E-02  0.00000E+00 -1.27377E-01 -1.31477E-01  7.86852E+00
  1.01460E-02  0.00000E+00 -1.31561E+01 -1.31602E+01 -5.16017E+00
  1.01564E-02  0.00000E+00 -1.56095E+02 -1.56099E+02 -1.48099E+02
  1.01570E-02 -2.45887E+02 -7.81620E+01 -7.81661E+01 -7.01661E+01
  1.01576E-02 -4.91774E+02 -2.25133E-01 -2.29233E-01  7.77077E+00
  1.01588E-02  0.00000E+00  1.55659E+02  1.55655E+02  1.63655E+02
  1.05000E-02  0.00000E+00 -7.68945E+00 -7.69356E+00  3.06437E-01
  1.08183E-02  0.00000E+00 -8.56065E+00 -8.56475E+00 -5.64754E-01
  1.11000E-02  0.00000E+00 -8.97192E+00 -8.97602E+00 -9.76016E-01
  1.14778E-02  0.00000E+00 -9.43539E+00 -9.43949E+00 -1.43949E+00
  1.14790E-02 -5.83845E-03 -9.43513E+00 -9.43923E+00 -1.43923E+00
  1.14803E-02  0.00000E+00 -9.43484E+00 -9.43894E+00 -1.43894E+00
  1.17000E-02  0.00000E+00 -9.72885E+00 -9.73295E+00 -1.73295E+00
  1.19745E-02  0.00000E+00 -1.02029E+01 -1.02070E+01 -2.20696E+00
  1.22000E-02  0.00000E+00 -1.08636E+01 -1.08677E+01 -2.86769E+00
  1.24688E-02  0.00000E+00 -7.66262E+01 -7.66303E+01 -6.86303E+01
  1.24700E-02 -2.08900E+02 -1.28008E+01 -1.28049E+01 -4.80490E+00
  1.24712E-02  0.00000E+00  5.10229E+01  5.10187E+01  5.90187E+01
  1.24913E-02  0.00000E+00 -1.01518E+01 -1.01559E+01 -2.15590E+00
  1.25113E-02  0.00000E+00 -4.23169E+01 -4.23210E+01 -3.43210E+01
  1.25126E-02 -1.04157E+02 -1.05181E+01 -1.05222E+01 -2.52217E+00
  1.25139E-02  0.00000E+00  2.12839E+01  2.12798E+01  2.92798E+01
  1.25724E-02  0.00000E+00 -1.31305E+01 -1.31346E+01 -5.13462E+00
  1.26000E-02  0.00000E+00 -1.68635E+01 -1.68676E+01 -8.86765E+00
  1.26309E-02  0.00000E+00 -1.70206E+02 -1.70211E+02 -1.62211E+02
  1.26316E-02 -2.76008E+02 -8.86624E+01 -8.86665E+01 -8.06665E+01
  1.26322E-02 -5.12587E+02 -1.05642E+01 -1.05683E+01 -2.56829E+00
  1.26334E-02  0.00000E+00  1.45678E+02  1.45674E+02  1.53674E+02
  1.26535E-02  0.00000E+00 -4.79576E+00 -4.79986E+00  3.20014E+00
  1.26735E-02  0.00000E+00 -8.30047E+01 -8.30088E+01 -7.50088E+01
  1.26748E-02 -2.54860E+02 -4.94017E+00 -4.94427E+00  3.05573E+00
  1.26761E-02  0.00000E+00  7.31334E+01  7.31293E+01  8.11293E+01
  1.28100E-02  0.00000E+00 -8.39402E+00 -8.39812E+00 -3.98122E-01
  1.29521E-02  0.00000E+00 -9.81900E+00 -9.82310E+00 -1.82310E+00
  1.30900E-02  0.00000E+00 -1.09058E+01 -1.09099E+01 -2.90988E+00
  1.32282E-02  0.00000E+00 -3.74502E+01 -3.74543E+01 -2.94543E+01
  1.32295E-02 -7.92794E+01 -1.29578E+01 -1.29619E+01 -4.96189E+00
  1.32308E-02  0.00000E+00  1.15324E+01  1.15283E+01  1.95283E+01
  1.32508E-02  0.00000E+00 -1.28734E+01 -1.28775E+01 -4.87747E+00
  1.32709E-02  0.00000E+00 -2.75485E+01 -2.75526E+01 -1.95526E+01
  1.32722E-02 -3.95382E+01 -1.56181E+01 -1.56222E+01 -7.62217E+00
  1.32735E-02  0.00000E+00 -3.72120E+00 -3.72530E+00  4.27470E+00
  1.32833E-02  0.00000E+00 -1.95293E+01 -1.95334E+01 -1.15334E+01
  1.32931E-02  0.00000E+00 -9.54947E+01 -9.54988E+01 -8.74988E+01
  1.32944E-02 -2.73815E+02 -1.07219E+01 -1.07260E+01 -2.72601E+00
  1.32957E-02  0.00000E+00  7.40538E+01  7.40497E+01  8.20497E+01
  1.33157E-02  0.00000E+00 -7.39082E+00 -7.39492E+00  6.05080E-01
  1.33358E-02  0.00000E+00 -4.98651E+01 -4.98692E+01 -4.18692E+01
  1.33371E-02 -1.36200E+02 -7.71652E+00 -7.72062E+00  2.79384E-01
  1.33384E-02  0.00000E+00  3.44371E+01  3.44330E+01  4.24330E+01
  1.34529E-02  0.00000E+00 -1.01799E+01 -1.01840E+01 -2.18405E+00
  1.35674E-02  0.00000E+00 -2.49682E+01 -2.49723E+01 -1.69723E+01
  1.35687E-02 -3.85942E+01 -1.30506E+01 -1.30547E+01 -5.05470E+00
  1.35700E-02  0.00000E+00 -1.13970E+00 -1.14380E+00  6.85620E+00
  1.35849E-02  0.00000E+00 -1.43535E+01 -1.43576E+01 -6.35760E+00
  1.35998E-02  0.00000E+00 -5.91898E+01 -5.91939E+01 -5.11939E+01
  1.36011E-02 -1.52517E+02 -1.18245E+01 -1.18286E+01 -3.82864E+00
  1.36024E-02  0.00000E+00  3.55164E+01  3.55123E+01  4.35123E+01
  1.36062E-02  0.00000E+00 -6.66956E-01 -6.71056E-01  7.32894E+00
  1.36101E-02  0.00000E+00 -1.05807E+01 -1.05848E+01 -2.58477E+00
  1.36114E-02 -1.92503E+01 -5.51001E+00 -5.51411E+00  2.48589E+00
  1.36127E-02  0.00000E+00 -2.47694E-01 -2.51794E-01  7.74821E+00
  1.36275E-02  0.00000E+00 -9.87797E+00 -9.88207E+00 -1.88207E+00
  1.36424E-02  0.00000E+00 -3.29083E+01 -3.29124E+01 -2.49124E+01
  1.36437E-02 -7.58776E+01 -9.33276E+00 -9.33686E+00 -1.33686E+00
  1.36450E-02  0.00000E+00  1.42463E+01  1.42422E+01  2.22422E+01
  1.36964E-02  0.00000E+00 -1.05142E+01 -1.05183E+01 -2.51829E+00
  1.37479E-02  0.00000E+00 -1.96623E+01 -1.96664E+01 -1.16664E+01
  1.37492E-02 -2.16937E+01 -1.30519E+01 -1.30560E+01 -5.05601E+00
  1.37505E-02  0.00000E+00 -6.46195E+00 -6.46605E+00  1.53395E+00
  1.37584E-02  0.00000E+00 -1.43150E+01 -1.43191E+01 -6.31910E+00
  1.37664E-02  0.00000E+00 -3.96876E+01 -3.96917E+01 -3.16917E+01
  1.37677E-02 -9.19432E+01 -1.10542E+01 -1.10583E+01 -3.05828E+00
  1.37690E-02  0.00000E+00  1.75820E+01  1.75779E+01  2.55779E+01
  1.37798E-02  0.00000E+00 -8.70274E+00 -8.70684E+00 -7.06837E-01
  1.37906E-02  0.00000E+00 -1.37641E+01 -1.37682E+01 -5.76823E+00
  1.37919E-02 -1.08210E+01 -1.05671E+01 -1.05712E+01 -2.57119E+00
  1.37932E-02  0.00000E+00 -7.37104E+00 -7.37514E+00  6.24863E-01
  1.38011E-02  0.00000E+00 -1.17303E+01 -1.17344E+01 -3.73442E+00
  1.38090E-02  0.00000E+00 -2.46247E+01 -2.46288E+01 -1.66288E+01
  1.38103E-02 -4.57460E+01 -1.04074E+01 -1.04115E+01 -2.41147E+00
  1.38116E-02  0.00000E+00  3.81333E+00  3.80923E+00  1.18092E+01
  1.38334E-02  0.00000E+00 -1.07890E+01 -1.07931E+01 -2.79310E+00
  1.38553E-02  0.00000E+00 -1.68879E+01 -1.68920E+01 -8.89199E+00
  1.38566E-02 -1.34068E+01 -1.29536E+01 -1.29577E+01 -4.95770E+00
  1.38579E-02  0.00000E+00 -9.07324E+00 -9.07734E+00 -1.07734E+00
  1.38623E-02  0.00000E+00 -1.42537E+01 -1.42578E+01 -6.25784E+00
  1.38668E-02  0.00000E+00 -2.92122E+01 -2.92163E+01 -2.12163E+01
  1.38681E-02 -5.92550E+01 -1.07860E+01 -1.07901E+01 -2.79014E+00
  1.38694E-02  0.00000E+00  7.65161E+00  7.64751E+00  1.56475E+01
  1.38837E-02  0.00000E+00 -1.01846E+01 -1.01887E+01 -2.18869E+00
  1.38980E-02  0.00000E+00 -1.38654E+01 -1.38695E+01 -5.86954E+00
  1.38993E-02 -6.68764E+00 -1.19674E+01 -1.19715E+01 -3.97146E+00
  1.39006E-02  0.00000E+00 -1.00964E+01 -1.01005E+01 -2.10046E+00
  1.39050E-02  0.00000E+00 -1.29237E+01 -1.29278E+01 -4.92780E+00
  1.39094E-02  0.00000E+00 -2.05768E+01 -2.05809E+01 -1.25809E+01
  1.39107E-02 -2.94840E+01 -1.14856E+01 -1.14897E+01 -3.48971E+00
  1.39120E-02  0.00000E+00 -2.39576E+00 -2.39986E+00  5.60014E+00
  1.39181E-02  0.00000E+00 -1.08051E+01 -1.08092E+01 -2.80915E+00
  1.39243E-02  0.00000E+00 -1.48225E+01 -1.48266E+01 -6.82665E+00
  1.39256E-02 -8.86472E+00 -1.24805E+01 -1.24846E+01 -4.48459E+00
  1.39269E-02  0.00000E+00 -1.02507E+01 -1.02548E+01 -2.25483E+00
  1.39294E-02  0.00000E+00 -1.39104E+01 -1.39145E+01 -5.91453E+00
  1.39320E-02  0.00000E+00 -2.28779E+01 -2.28820E+01 -1.48820E+01
  1.39333E-02 -4.02738E+01 -1.04456E+01 -1.04497E+01 -2.44969E+00
  1.39346E-02  0.00000E+00  2.01706E+00  2.01296E+00  1.00130E+01
  1.39508E-02  0.00000E+00 -1.08843E+01 -1.08884E+01 -2.88845E+00
  1.39670E-02  0.00000E+00 -1.47064E+01 -1.47105E+01 -6.71055E+00
  1.39683E-02 -4.42202E+00 -1.38091E+01 -1.38132E+01 -5.81318E+00
  1.39696E-02  0.00000E+00 -1.31296E+01 -1.31337E+01 -5.13367E+00
  1.39704E-02  0.00000E+00 -1.43162E+01 -1.43203E+01 -6.32025E+00
  1.39713E-02  0.00000E+00 -1.58670E+01 -1.58711E+01 -7.87109E+00
  1.39726E-02 -6.16644E+00 -1.51716E+01 -1.51757E+01 -7.17574E+00
  1.39739E-02  0.00000E+00 -1.52073E+01 -1.52114E+01 -7.21141E+00
  1.39748E-02  0.00000E+00 -1.85497E+01 -1.85538E+01 -1.05538E+01
  1.39758E-02  0.00000E+00 -2.57032E+01 -2.57073E+01 -1.77073E+01
  1.39771E-02 -4.85996E+01 -1.03098E+01 -1.03139E+01 -2.31390E+00
  1.39784E-02  0.00000E+00  4.11627E+00  4.11217E+00  1.21122E+01
  1.39915E-02  0.00000E+00 -1.05900E+01 -1.05941E+01 -2.59413E+00
  1.40047E-02  0.00000E+00 -1.44492E+01 -1.44533E+01 -6.45328E+00
  1.40060E-02 -4.46247E+00 -1.37329E+01 -1.37370E+01 -5.73698E+00
  1.40073E-02  0.00000E+00 -1.35746E+01 -1.35787E+01 -5.57867E+00
  1.40079E-02  0.00000E+00 -1.50742E+01 -1.50783E+01 -7.07832E+00
  1.40086E-02  0.00000E+00 -1.77210E+01 -1.77251E+01 -9.72512E+00
  1.40099E-02 -2.09613E+01 -1.15712E+01 -1.15753E+01 -3.57526E+00
  1.40112E-02  0.00000E+00 -5.35037E+00 -5.35447E+00  2.64553E+00
  1.40126E-02  0.00000E+00 -9.19077E+00 -9.19487E+00 -1.19487E+00
  1.40140E-02  0.00000E+00 -1.10686E+01 -1.10727E+01 -3.07267E+00
  1.40153E-02 -3.07606E+00 -1.09449E+01 -1.09490E+01 -2.94900E+00
  1.40166E-02  0.00000E+00 -1.07635E+01 -1.07676E+01 -2.76760E+00
  1.40179E-02  0.00000E+00 -1.22720E+01 -1.22761E+01 -4.27613E+00
  1.40193E-02  0.00000E+00 -1.50464E+01 -1.50505E+01 -7.05045E+00
  1.40206E-02 -1.42115E+01 -1.09135E+01 -1.09176E+01 -2.91764E+00
  1.40219E-02  0.00000E+00 -6.74029E+00 -6.74439E+00  1.25561E+00
  1.40256E-02  0.00000E+00 -1.08568E+01 -1.08609E+01 -2.86090E+00
  1.40293E-02  0.00000E+00 -1.31965E+01 -1.32006E+01 -5.20057E+00
  1.40306E-02 -3.33349E+00 -1.30436E+01 -1.30477E+01 -5.04770E+00
  1.40319E-02  0.00000E+00 -1.39896E+01 -1.39937E+01 -5.99368E+00
  1.40320E-02  0.00000E+00 -1.43469E+01 -1.43510E+01 -6.35103E+00
  1.40322E-02  0.00000E+00 -1.51567E+01 -1.51608E+01 -7.16079E+00
  1.40335E-02 -1.58264E+01 -1.07443E+01 -1.07484E+01 -2.74840E+00
  1.40348E-02  0.00000E+00 -6.09116E+00 -6.09526E+00  1.90474E+00
  1.40413E-02  0.00000E+00 -1.13477E+01 -1.13518E+01 -3.35177E+00
  1.40477E-02  0.00000E+00 -1.47070E+01 -1.47111E+01 -6.71111E+00
  1.40490E-02 -4.78170E+00 -1.43204E+01 -1.43245E+01 -6.32452E+00
  1.40503E-02  0.00000E+00 -1.52526E+01 -1.52567E+01 -7.25668E+00
  1.40505E-02  0.00000E+00 -1.61941E+01 -1.61982E+01 -8.19822E+00
  1.40507E-02  0.00000E+00 -1.73117E+01 -1.73158E+01 -9.31575E+00
  1.40520E-02 -2.26665E+01 -1.09094E+01 -1.09135E+01 -2.91345E+00
  1.40533E-02  0.00000E+00 -4.07183E+00 -4.07593E+00  3.92407E+00
  1.40586E-02  0.00000E+00 -1.07948E+01 -1.07989E+01 -2.79889E+00
  1.40639E-02  0.00000E+00 -1.48923E+01 -1.48964E+01 -6.89642E+00
  1.40652E-02 -1.16537E+01 -1.15186E+01 -1.15227E+01 -3.52275E+00
  1.40665E-02  0.00000E+00 -8.06249E+00 -8.06659E+00 -6.65928E-02
  1.40697E-02  0.00000E+00 -1.14387E+01 -1.14428E+01 -3.44277E+00
  1.40729E-02  0.00000E+00 -1.37685E+01 -1.37726E+01 -5.77262E+00
  1.40742E-02 -3.26095E+00 -1.40933E+01 -1.40974E+01 -6.09739E+00
  1.40751E-02  0.00000E+00 -1.55186E+01 -1.55227E+01 -7.52273E+00
  1.40753E-02  0.00000E+00 -1.47393E+01 -1.47434E+01 -6.74337E+00
  1.40755E-02  0.00000E+00 -1.38327E+01 -1.38368E+01 -5.83680E+00
  1.40764E-02 -1.56205E+01 -1.08973E+01 -1.09014E+01 -2.90137E+00
  1.40777E-02  0.00000E+00 -6.45079E+00 -6.45489E+00  1.54511E+00
  1.40809E-02  0.00000E+00 -1.07681E+01 -1.07722E+01 -2.77220E+00
  1.40841E-02  0.00000E+00 -1.35382E+01 -1.35423E+01 -5.54228E+00
  1.40854E-02 -7.60392E+00 -1.14769E+01 -1.14810E+01 -3.48098E+00
  1.40867E-02  0.00000E+00 -9.45353E+00 -9.45763E+00 -1.45763E+00
  1.40894E-02  0.00000E+00 -1.20301E+01 -1.20342E+01 -4.03419E+00
  1.40920E-02  0.00000E+00 -1.55232E+01 -1.55273E+01 -7.52729E+00
  1.40933E-02 -1.36343E+01 -1.16544E+01 -1.16585E+01 -3.65853E+00
  1.40946E-02  0.00000E+00 -7.58715E+00 -7.59125E+00  4.08754E-01
  1.40961E-02  0.00000E+00 -1.04342E+01 -1.04383E+01 -2.43833E+00
  1.40976E-02  0.00000E+00 -1.22573E+01 -1.22614E+01 -4.26145E+00
  1.40989E-02 -5.23121E+00 -1.11237E+01 -1.11278E+01 -3.12783E+00
  1.41001E-02  0.00000E+00 -1.00318E+01 -1.00359E+01 -2.03588E+00
  1.41014E-02  0.00000E+00 -1.13831E+01 -1.13872E+01 -3.38725E+00
  1.41027E-02  0.00000E+00 -1.27432E+01 -1.27473E+01 -4.74733E+00
  1.41040E-02 -4.40927E+00 -1.19057E+01 -1.19098E+01 -3.90976E+00
  1.41053E-02  0.00000E+00 -1.13070E+01 -1.13111E+01 -3.31113E+00
  1.41060E-02  0.00000E+00 -1.24133E+01 -1.24174E+01 -4.41736E+00
  1.41068E-02  0.00000E+00 -1.39014E+01 -1.39055E+01 -5.90553E+00
  1.41081E-02 -9.55240E+00 -1.13162E+01 -1.13203E+01 -3.32027E+00
  1.41093E-02  0.00000E+00 -8.90992E+00 -8.91402E+00 -9.14024E-01
  1.41100E-02  0.00000E+00 -1.01874E+01 -1.01915E+01 -2.19153E+00
  1.41107E-02  0.00000E+00 -1.11879E+01 -1.11920E+01 -3.19199E+00
  1.41120E-02 -2.67526E+00 -1.12058E+01 -1.12099E+01 -3.20987E+00
  1.41133E-02  0.00000E+00 -1.11544E+01 -1.11585E+01 -3.15849E+00
  1.41136E-02  0.00000E+00 -1.15429E+01 -1.15470E+01 -3.54699E+00
  1.41139E-02  0.00000E+00 -1.19348E+01 -1.19389E+01 -3.93894E+00
  1.41152E-02 -2.85295E+00 -1.18146E+01 -1.18187E+01 -3.81869E+00
  1.41165E-02  0.00000E+00 -1.17828E+01 -1.17869E+01 -3.78688E+00
  1.41171E-02  0.00000E+00 -1.26684E+01 -1.26725E+01 -4.67252E+00
  1.41178E-02  0.00000E+00 -1.39954E+01 -1.39995E+01 -5.99949E+00
  1.41191E-02 -9.29382E+00 -1.14777E+01 -1.14818E+01 -3.48181E+00
  1.41203E-02  0.00000E+00 -9.15089E+00 -9.15499E+00 -1.15499E+00
  1.41212E-02  0.00000E+00 -1.06465E+01 -1.06506E+01 -2.65057E+00
  1.41220E-02  0.00000E+00 -1.17666E+01 -1.17707E+01 -3.77066E+00
  1.41233E-02 -3.58422E+00 -1.13998E+01 -1.14039E+01 -3.40390E+00
  1.41246E-02  0.00000E+00 -1.10368E+01 -1.10409E+01 -3.04095E+00
  1.41254E-02  0.00000E+00 -1.20895E+01 -1.20936E+01 -4.09360E+00
  1.41261E-02  0.00000E+00 -1.32002E+01 -1.32043E+01 -5.20429E+00
  1.41274E-02 -6.60984E+00 -1.18165E+01 -1.18206E+01 -3.82060E+00
  1.41285E-02  0.00000E+00 -1.08209E+01 -1.08250E+01 -2.82500E+00
  1.41286E-02  0.00000E+00 -1.06125E+01 -1.06166E+01 -2.61655E+00
  1.41287E-02  0.00000E+00 -1.04165E+01 -1.04206E+01 -2.42065E+00
  1.41298E-02 -3.23208E+00 -1.08599E+01 -1.08640E+01 -2.86398E+00
  1.41311E-02  0.00000E+00 -1.08529E+01 -1.08570E+01 -2.85699E+00
  1.41314E-02  0.00000E+00 -1.12974E+01 -1.13015E+01 -3.30145E+00
  1.41318E-02  0.00000E+00 -1.18442E+01 -1.18483E+01 -3.84833E+00
  1.41331E-02 -3.05849E+00 -1.17873E+01 -1.17914E+01 -3.79137E+00
  1.41343E-02  0.00000E+00 -1.21171E+01 -1.21212E+01 -4.12117E+00
  1.41344E-02  0.00000E+00 -1.21782E+01 -1.21823E+01 -4.18228E+00
  1.41356E-02 -5.70737E+00 -1.13238E+01 -1.13279E+01 -3.32794E+00
  1.41369E-02  0.00000E+00 -1.02274E+01 -1.02316E+01 -2.23161E+00
  1.41372E-02  0.00000E+00 -1.07392E+01 -1.07433E+01 -2.74330E+00
  1.41374E-02  0.00000E+00 -1.10893E+01 -1.10934E+01 -3.09336E+00
  1.41387E-02 -2.55491E+00 -1.13868E+01 -1.13909E+01 -3.39086E+00
  1.41400E-02  0.00000E+00 -1.17755E+01 -1.17796E+01 -3.77964E+00
  1.41401E-02  0.00000E+00 -1.19764E+01 -1.19805E+01 -3.98047E+00
  1.41414E-02 -4.99992E+00 -1.12320E+01 -1.12361E+01 -3.23615E+00
  1.41425E-02  0.00000E+00 -1.04686E+01 -1.04727E+01 -2.47268E+00
  1.41426E-02  0.00000E+00 -1.03640E+01 -1.03681E+01 -2.36806E+00
  1.41427E-02  0.00000E+00 -1.02518E+01 -1.02559E+01 -2.25591E+00
  1.41438E-02 -1.49119E+00 -1.09393E+01 -1.09434E+01 -2.94343E+00
  1.41451E-02  0.00000E+00 -1.13425E+01 -1.13466E+01 -3.34658E+00
  1.41452E-02  0.00000E+00 -1.14589E+01 -1.14630E+01 -3.46302E+00
  1.41453E-02  0.00000E+00 -1.15767E+01 -1.15808E+01 -3.58081E+00
  1.41466E-02 -2.19513E+00 -1.15436E+01 -1.15477E+01 -3.54774E+00
  1.41479E-02  0.00000E+00 -1.14468E+01 -1.14509E+01 -3.45087E+00
  1.41488E-02  0.00000E+00 -1.22482E+01 -1.22523E+01 -4.25229E+00
  1.41496E-02 -1.21399E+00 -1.34606E+01 -1.34647E+01 -5.46474E+00
  1.41503E-02 -2.21959E+00 -1.28374E+01 -1.28415E+01 -4.84154E+00
  1.41509E-02 -3.08153E+00 -1.22264E+01 -1.22305E+01 -4.23046E+00
  1.41516E-02 -2.07622E+00 -1.18955E+01 -1.18996E+01 -3.89964E+00
  1.41522E-02 -1.21453E+00 -1.16552E+01 -1.16593E+01 -3.65934E+00
  1.41528E-02 -1.21466E+00 -1.19213E+01 -1.19254E+01 -3.92542E+00
  1.41534E-02 -1.21479E+00 -1.21722E+01 -1.21763E+01 -4.17630E+00
  1.41547E-02 -2.54640E+00 -1.19484E+01 -1.19525E+01 -3.95246E+00
  1.41560E-02 -1.21533E+00 -1.17651E+01 -1.17692E+01 -3.76920E+00
  1.41563E-02 -1.21540E+00 -1.19253E+01 -1.19294E+01 -3.92943E+00
  1.41566E-02 -1.21547E+00 -1.20879E+01 -1.20920E+01 -4.09204E+00
  1.41579E-02 -2.63616E+00 -1.18886E+01 -1.18927E+01 -3.89267E+00
  1.41592E-02 -1.21601E+00 -1.16889E+01 -1.16930E+01 -3.69297E+00
  1.41598E-02 -1.21614E+00 -1.19949E+01 -1.19990E+01 -3.99903E+00
  1.41604E-02 -1.21627E+00 -1.23397E+01 -1.23438E+01 -4.34385E+00
  1.41617E-02 -3.52795E+00 -1.18280E+01 -1.18321E+01 -3.83214E+00
  1.41630E-02 -1.21682E+00 -1.12708E+01 -1.12749E+01 -3.27492E+00
  1.41639E-02 -1.21700E+00 -1.17517E+01 -1.17558E+01 -3.75585E+00
  1.41647E-02 -1.21718E+00 -1.21507E+01 -1.21548E+01 -4.15481E+00
  1.41660E-02 -3.00195E+00 -1.18080E+01 -1.18121E+01 -3.81209E+00
  1.41673E-02 -1.21772E+00 -1.15070E+01 -1.15111E+01 -3.51113E+00
  1.41676E-02 -1.21780E+00 -1.16915E+01 -1.16956E+01 -3.69559E+00
  1.41680E-02 -1.21788E+00 -1.19272E+01 -1.19313E+01 -3.93132E+00
  1.41693E-02 -2.62429E+00 -1.17885E+01 -1.17926E+01 -3.79259E+00
  1.41706E-02 -1.21843E+00 -1.16512E+01 -1.16553E+01 -3.65527E+00
  1.41709E-02 -1.21849E+00 -1.18398E+01 -1.18439E+01 -3.84386E+00
  1.41711E-02 -1.21854E+00 -1.19673E+01 -1.19714E+01 -3.97142E+00
  1.41724E-02 -2.82799E+00 -1.17706E+01 -1.17747E+01 -3.77466E+00
  1.41737E-02 -1.21909E+00 -1.15307E+01 -1.15348E+01 -3.53485E+00
  1.41741E-02 -1.21916E+00 -1.17700E+01 -1.17741E+01 -3.77406E+00
  1.41744E-02 -1.21924E+00 -1.19516E+01 -1.19557E+01 -3.95570E+00
  1.41757E-02 -2.74226E+00 -1.17690E+01 -1.17731E+01 -3.77312E+00
  1.41770E-02 -1.21979E+00 -1.15905E+01 -1.15946E+01 -3.59458E+00
  1.41772E-02 -1.21983E+00 -1.17229E+01 -1.17270E+01 -3.72699E+00
  1.41774E-02 -1.21987E+00 -1.18325E+01 -1.18366E+01 -3.83657E+00
  1.41786E-02 -2.50744E+00 -1.17616E+01 -1.17657E+01 -3.76571E+00
  1.41799E-02 -1.22041E+00 -1.16949E+01 -1.16990E+01 -3.69902E+00
  1.41800E-02 -1.22043E+00 -1.17432E+01 -1.17473E+01 -3.74734E+00
  1.41801E-02 -1.22044E+00 -1.17917E+01 -1.17958E+01 -3.79577E+00
  1.41813E-02 -2.49273E+00 -1.17402E+01 -1.17443E+01 -3.74426E+00
  1.41826E-02 -1.22099E+00 -1.16681E+01 -1.16722E+01 -3.67225E+00
  1.41827E-02 -1.22099E+00 -1.17135E+01 -1.17176E+01 -3.71758E+00
  1.41840E-02 -2.31736E+00 -1.17358E+01 -1.17399E+01 -3.73989E+00
  1.41848E-02 -1.22145E+00 -1.17239E+01 -1.17280E+01 -3.72804E+00
  1.41851E-02 -1.22150E+00 -1.16518E+01 -1.16559E+01 -3.65587E+00
  1.41853E-02 -1.22155E+00 -1.16216E+01 -1.16257E+01 -3.62573E+00
  1.41861E-02 -1.84717E+00 -1.17898E+01 -1.17939E+01 -3.79394E+00
  1.41874E-02 -1.44094E+00 -1.18841E+01 -1.18882E+01 -3.88824E+00
  1.41881E-02 -1.59807E+00 -1.19955E+01 -1.19996E+01 -3.99960E+00
  1.41887E-02 -1.74758E+00 -1.20031E+01 -1.20072E+01 -4.00722E+00
  1.41893E-02 -1.82752E+00 -1.19798E+01 -1.19839E+01 -3.98391E+00
  1.41900E-02 -1.82774E+00 -1.19230E+01 -1.19271E+01 -3.92709E+00
  1.41907E-02 -1.82796E+00 -1.18810E+01 -1.18851E+01 -3.88515E+00
  1.41915E-02 -1.82822E+00 -1.18675E+01 -1.18716E+01 -3.87160E+00
  1.41923E-02 -1.82847E+00 -1.18592E+01 -1.18633E+01 -3.86325E+00
  1.41930E-02 -1.82869E+00 -1.18542E+01 -1.18583E+01 -3.85829E+00
  1.41945E-02 -1.82917E+00 -1.18480E+01 -1.18521E+01 -3.85211E+00
  1.41960E-02 -1.82965E+00 -1.18449E+01 -1.18490E+01 -3.84900E+00
  1.41975E-02 -1.83013E+00 -1.18439E+01 -1.18480E+01 -3.84803E+00
  1.41990E-02 -1.83060E+00 -1.18443E+01 -1.18484E+01 -3.84837E+00
  1.42010E-02 -1.83124E+00 -1.18456E+01 -1.18497E+01 -3.84969E+00
  1.42040E-02 -1.83219E+00 -1.18494E+01 -1.18535E+01 -3.85348E+00
  1.42070E-02 -1.83314E+00 -1.18544E+01 -1.18585E+01 -3.85846E+00
  1.42100E-02 -1.83410E+00 -1.18602E+01 -1.18643E+01 -3.86430E+00
  1.42170E-02 -1.83633E+00 -1.18758E+01 -1.18799E+01 -3.87986E+00
  1.42250E-02 -1.83888E+00 -1.18961E+01 -1.19002E+01 -3.90017E+00
  1.42320E-02 -1.84111E+00 -1.19152E+01 -1.19193E+01 -3.91929E+00
  1.42400E-02 -1.84366E+00 -1.19382E+01 -1.19423E+01 -3.94233E+00
  1.42500E-02 -1.84686E+00 -1.19686E+01 -1.19727E+01 -3.97268E+00
  1.42600E-02 -1.85006E+00 -1.20003E+01 -1.20044E+01 -4.00442E+00
  1.42750E-02 -1.85486E+00 -1.20502E+01 -1.20543E+01 -4.05434E+00
  1.42900E-02 -1.85967E+00 -1.21029E+01 -1.21070E+01 -4.10697E+00
  1.43000E-02 -1.86274E+00 -1.21394E+01 -1.21435E+01 -4.14349E+00
  1.43100E-02 -1.86582E+00 -1.21771E+01 -1.21812E+01 -4.18122E+00
  1.43400E-02 -1.87504E+00 -1.22977E+01 -1.23018E+01 -4.30180E+00
  1.43700E-02 -1.88431E+00 -1.24299E+01 -1.24340E+01 -4.43397E+00
  1.44000E-02 -1.89358E+00 -1.25748E+01 -1.25789E+01 -4.57889E+00
  1.44200E-02 -1.89963E+00 -1.26792E+01 -1.26833E+01 -4.68326E+00
  1.44500E-02 -1.90870E+00 -1.28493E+01 -1.28534E+01 -4.85337E+00
  1.45100E-02 -1.92685E+00 -1.32462E+01 -1.32503E+01 -5.25032E+00
  1.45600E-02 -1.94161E+00 -1.36509E+01 -1.36550E+01 -5.65504E+00
  1.46128E-02 -1.95720E+00 -1.41773E+01 -1.41814E+01 -6.18140E+00
  1.46600E-02 -1.97090E+00 -1.47659E+01 -1.47700E+01 -6.77001E+00
  1.47100E-02 -1.98541E+00 -1.55623E+01 -1.55664E+01 -7.56637E+00
  1.48000E-02 -2.01153E+00 -1.77624E+01 -1.77665E+01 -9.76649E+00
  1.49000E-02 -2.03964E+00 -2.30833E+01 -2.30874E+01 -1.50874E+01
  1.50000E-02 -2.06774E+00 -4.74692E+01 -4.74733E+01 -3.94733E+01
  1.50200E-02 -2.07325E+00 -7.36000E+01 -7.36041E+01 -6.56041E+01
  1.50382E-02 -2.07827E+00 -6.37266E+02 -6.37271E+02 -6.29271E+02
  1.50388E-02 -8.62234E+02 -3.64127E+02 -3.64131E+02 -3.56131E+02
  1.50395E-02 -1.86575E+03 -4.54815E+01 -4.54856E+01 -3.74856E+01
  1.50408E-02 -2.07899E+00  5.46235E+02  5.46231E+02  5.54231E+02
  1.50608E-02 -2.08451E+00 -4.57352E+01 -4.57393E+01 -3.77393E+01
  1.50710E-02 -2.08734E+00 -1.24518E+02 -1.24522E+02 -1.16522E+02
  1.50808E-02 -2.09005E+00 -1.18287E+03 -1.18288E+03 -1.17488E+03
  1.50814E-02 -1.73345E+03 -6.32725E+02 -6.32730E+02 -6.24730E+02
  1.50821E-02 -3.75338E+03  9.12342E+00  9.11932E+00  1.71193E+01
  1.50834E-02 -2.09077E+00  1.20115E+03  1.20115E+03  1.20915E+03
  1.52000E-02 -2.12269E+00  9.01707E+00  9.01297E+00  1.70130E+01
  1.54000E-02 -2.17570E+00 -1.91467E+00 -1.91877E+00  6.08123E+00
  1.56000E-02 -2.22729E+00 -4.53717E+00 -4.54127E+00  3.45873E+00
  1.58000E-02 -2.27766E+00 -5.70550E+00 -5.70960E+00  2.29040E+00
  1.59500E-02 -2.31427E+00 -6.22401E+00 -6.22811E+00  1.77189E+00
  1.61000E-02 -2.35088E+00 -6.58483E+00 -6.58893E+00  1.41107E+00
  1.65000E-02 -2.44312E+00 -7.15284E+00 -7.15694E+00  8.43060E-01
  1.69000E-02 -2.53064E+00 -7.44484E+00 -7.44894E+00  5.51058E-01
  1.73000E-02 -2.61372E+00 -7.60855E+00 -7.61265E+00  3.87347E-01
  1.77000E-02 -2.69261E+00 -7.70310E+00 -7.70720E+00  2.92798E-01
  1.80000E-02 -2.74912E+00 -7.74497E+00 -7.74907E+00  2.50935E-01
  1.83000E-02 -2.80337E+00 -7.77050E+00 -7.77460E+00  2.25404E-01
  1.85000E-02 -2.83846E+00 -7.77946E+00 -7.78356E+00  2.16443E-01
  1.90000E-02 -2.92224E+00 -7.78448E+00 -7.78858E+00  2.11416E-01
  1.95000E-02 -3.00102E+00 -7.77197E+00 -7.77607E+00  2.23926E-01
  2.00000E-02 -3.07513E+00 -7.74371E+00 -7.74781E+00  2.52191E-01
  2.02000E-02 -3.10322E+00 -7.73043E+00 -7.73453E+00  2.65467E-01
  2.04000E-02 -3.13129E+00 -7.71554E+00 -7.71964E+00  2.80361E-01
  2.06000E-02 -3.15821E+00 -7.69976E+00 -7.70386E+00  2.96143E-01
  2.08216E-02 -3.18737E+00 -7.68077E+00 -7.68487E+00  3.15127E-01
  2.14000E-02 -3.26021E+00 -7.62779E+00 -7.63189E+00  3.68106E-01
  2.17000E-02 -3.29600E+00 -7.59847E+00 -7.60257E+00  3.97427E-01
  2.20000E-02 -3.33062E+00 -7.56756E+00 -7.57166E+00  4.28342E-01
  2.25000E-02 -3.38506E+00 -7.51650E+00 -7.52060E+00  4.79398E-01
  2.30000E-02 -3.43726E+00 -7.46276E+00 -7.46686E+00  5.33138E-01
  2.35000E-02 -3.48585E+00 -7.41074E+00 -7.41484E+00  5.85164E-01
  2.40000E-02 -3.53151E+00 -7.35823E+00 -7.36233E+00  6.37667E-01
  2.43000E-02 -3.55729E+00 -7.32918E+00 -7.33328E+00  6.66716E-01
  2.47000E-02 -3.59059E+00 -7.29213E+00 -7.29623E+00  7.03769E-01
  2.53000E-02 -3.63716E+00 -7.24932E+00 -7.25342E+00  7.46582E-01
  2.59000E-02 -3.68062E+00 -7.25293E+00 -7.25704E+00  7.42957E-01
  2.65599E-02 -3.72508E+00 -6.54787E+01 -6.54828E+01 -5.74828E+01
  2.65614E-02 -1.88008E+02 -8.01246E+00 -8.01656E+00 -1.65636E-02
  2.65630E-02 -3.72526E+00  4.99708E+01  4.99667E+01  5.79667E+01
  2.71379E-02 -3.75994E+00 -6.87130E+00 -6.87540E+00  1.12460E+00
  2.77127E-02 -3.79245E+00 -7.02955E+00 -7.03365E+00  9.66348E-01
  2.77143E-02 -3.80330E+00 -7.02733E+00 -7.03143E+00  9.68571E-01
  2.77159E-02 -3.79262E+00 -7.02511E+00 -7.02921E+00  9.70790E-01
  2.78374E-02 -3.79914E+00 -7.19210E+00 -7.19620E+00  8.03799E-01
  2.79589E-02 -3.80565E+00 -3.15633E+01 -3.15674E+01 -2.35674E+01
  2.79604E-02 -8.27755E+01 -7.37972E+00 -7.38382E+00  6.16176E-01
  2.79620E-02 -3.80581E+00  1.80985E+01  1.80944E+01  2.60944E+01
  2.82233E-02 -3.81920E+00 -6.77535E+00 -6.77945E+00  1.22055E+00
  2.84845E-02 -3.83190E+00 -1.88316E+01 -1.88357E+01 -1.08357E+01
  2.84861E-02 -4.23104E+01 -6.80131E+00 -6.80541E+00  1.19459E+00
  2.84877E-02 -3.83205E+00  5.19970E+00  5.19560E+00  1.31956E+01
  2.86135E-02 -3.83814E+00 -6.72981E+00 -6.73391E+00  1.26609E+00
  2.87394E-02 -3.84408E+00 -1.35019E+01 -1.35060E+01 -5.50604E+00
  2.87410E-02 -2.51137E+01 -6.62517E+00 -6.62927E+00  1.37073E+00
  2.87425E-02 -3.84422E+00 -1.77495E-01 -1.81595E-01  7.81841E+00
  2.88124E-02 -3.84734E+00 -6.70823E+00 -6.71233E+00  1.28767E+00
  2.88823E-02 -3.85046E+00 -1.08237E+01 -1.08278E+01 -2.82780E+00
  2.88839E-02 -1.67550E+01 -6.66079E+00 -6.66489E+00  1.33511E+00
  2.88854E-02 -3.85060E+00 -2.75766E+00 -2.76176E+00  5.23824E+00
  2.89279E-02 -3.85250E+00 -6.69675E+00 -6.70085E+00  1.29915E+00
  2.89704E-02 -3.85439E+00 -9.37858E+00 -9.38268E+00 -1.38268E+00
  2.89720E-02 -1.22444E+01 -6.67758E+00 -6.68168E+00  1.31832E+00
  2.89735E-02 -3.85453E+00 -4.14517E+00 -4.14927E+00  3.85073E+00
  2.90010E-02 -3.85575E+00 -6.68971E+00 -6.69381E+00  1.30619E+00
  2.90285E-02 -3.85697E+00 -8.52688E+00 -8.53098E+00 -5.30977E-01
  2.90301E-02 -9.60779E+00 -6.72493E+00 -6.72903E+00  1.27097E+00
  2.90317E-02 -3.85712E+00 -4.92307E+00 -4.92717E+00  3.07283E+00
  2.90503E-02 -3.85794E+00 -6.68573E+00 -6.68983E+00  1.31017E+00
  2.90689E-02 -3.85877E+00 -8.00144E+00 -8.00554E+00 -5.54108E-03
  2.90705E-02 -7.96772E+00 -6.71787E+00 -6.72197E+00  1.27803E+00
  2.90721E-02 -3.85891E+00 -5.43445E+00 -5.43855E+00  2.56145E+00
  2.90850E-02 -3.85949E+00 -6.68140E+00 -6.68550E+00  1.31450E+00
  2.90980E-02 -3.86006E+00 -7.65437E+00 -7.65847E+00  3.41532E-01
  2.90996E-02 -6.89580E+00 -6.71149E+00 -6.71559E+00  1.28441E+00
  2.91012E-02 -3.86020E+00 -5.76884E+00 -5.77294E+00  2.22706E+00
  2.91105E-02 -3.86062E+00 -6.68002E+00 -6.68412E+00  1.31588E+00
  2.91198E-02 -3.86103E+00 -7.41623E+00 -7.42033E+00  5.79671E-01
  2.91214E-02 -6.16632E+00 -6.70714E+00 -6.71124E+00  1.28876E+00
  2.91230E-02 -3.86117E+00 -5.99845E+00 -6.00255E+00  1.99745E+00
  2.91297E-02 -3.86147E+00 -6.67658E+00 -6.68068E+00  1.31932E+00
  2.91365E-02 -3.86177E+00 -7.24595E+00 -7.25005E+00  7.49947E-01
  2.91381E-02 -5.65297E+00 -6.70359E+00 -6.70769E+00  1.29231E+00
  2.91397E-02 -3.86191E+00 -6.16186E+00 -6.16596E+00  1.83404E+00
  2.91446E-02 -3.86213E+00 -6.67628E+00 -6.68038E+00  1.31962E+00
  2.91495E-02 -3.86235E+00 -7.11831E+00 -7.12241E+00  8.77592E-01
  2.91511E-02 -5.28142E+00 -6.69897E+00 -6.70307E+00  1.29693E+00
  2.91527E-02 -3.86249E+00 -6.28052E+00 -6.28462E+00  1.71538E+00
  2.91563E-02 -3.86265E+00 -6.67402E+00 -6.67812E+00  1.32188E+00
  2.91599E-02 -3.86281E+00 -7.02088E+00 -7.02498E+00  9.75023E-01
  2.91615E-02 -5.00602E+00 -6.69504E+00 -6.69914E+00  1.30086E+00
  2.91631E-02 -3.86295E+00 -6.37044E+00 -6.37454E+00  1.62546E+00
  2.91657E-02 -3.86307E+00 -6.66917E+00 -6.67327E+00  1.32673E+00
  2.91684E-02 -3.86318E+00 -6.94542E+00 -6.94952E+00  1.05048E+00
  2.91700E-02 -4.79749E+00 -6.69329E+00 -6.69739E+00  1.30261E+00
  2.91716E-02 -3.86332E+00 -6.44328E+00 -6.44738E+00  1.55262E+00
  2.91734E-02 -3.86341E+00 -6.66587E+00 -6.66997E+00  1.33003E+00
  2.91753E-02 -3.86349E+00 -6.87950E+00 -6.88360E+00  1.11640E+00
  2.91769E-02 -4.63682E+00 -6.68763E+00 -6.69173E+00  1.30827E+00
  2.91785E-02 -3.86363E+00 -6.49813E+00 -6.50223E+00  1.49777E+00
  2.91798E-02 -3.86369E+00 -6.66713E+00 -6.67123E+00  1.32877E+00
  2.91811E-02 -3.86375E+00 -6.82594E+00 -6.83004E+00  1.16996E+00
  2.91827E-02 -4.51106E+00 -6.68422E+00 -6.68832E+00  1.31168E+00
  2.91843E-02 -3.86389E+00 -6.54677E+00 -6.55087E+00  1.44913E+00
  2.91851E-02 -3.86392E+00 -6.66124E+00 -6.66534E+00  1.33466E+00
  2.91859E-02 -3.86396E+00 -6.77072E+00 -6.77482E+00  1.22518E+00
  2.91875E-02 -4.41115E+00 -6.67291E+00 -6.67701E+00  1.32299E+00
  2.91891E-02 -3.86410E+00 -6.57846E+00 -6.58256E+00  1.41744E+00
  2.91895E-02 -3.86412E+00 -6.64021E+00 -6.64431E+00  1.35569E+00
  2.91900E-02 -3.86414E+00 -6.71401E+00 -6.71811E+00  1.28189E+00
  2.91916E-02 -4.33083E+00 -6.64585E+00 -6.64995E+00  1.35005E+00
  2.91932E-02 -3.86428E+00 -6.55755E+00 -6.56165E+00  1.43835E+00
  2.91951E-02 -3.86437E+00 -6.71595E+00 -6.72005E+00  1.27995E+00
  2.91970E-02 -3.86445E+00 -6.90687E+00 -6.91097E+00  1.08903E+00
  2.91986E-02 -4.61114E+00 -6.71909E+00 -6.72319E+00  1.27681E+00
  2.92002E-02 -3.86459E+00 -6.54402E+00 -6.54812E+00  1.45188E+00
  2.92010E-02 -3.86463E+00 -6.66640E+00 -6.67050E+00  1.32950E+00
  2.92019E-02 -3.86467E+00 -6.79269E+00 -6.79679E+00  1.20321E+00
  2.92035E-02 -4.42937E+00 -6.68956E+00 -6.69366E+00  1.30634E+00
  2.92051E-02 -3.86481E+00 -6.59990E+00 -6.60400E+00  1.39600E+00
  2.92057E-02 -3.86483E+00 -6.69323E+00 -6.69733E+00  1.30267E+00
  2.92063E-02 -3.86486E+00 -6.78776E+00 -6.79186E+00  1.20814E+00
  2.92079E-02 -4.48398E+00 -6.66905E+00 -6.67315E+00  1.32685E+00
  2.92095E-02 -3.86500E+00 -6.56313E+00 -6.56723E+00  1.43277E+00
  2.92099E-02 -3.86502E+00 -6.63062E+00 -6.63472E+00  1.36528E+00
  2.92103E-02 -3.86504E+00 -6.69510E+00 -6.69920E+00  1.30080E+00
  2.92119E-02 -4.30415E+00 -6.65384E+00 -6.65794E+00  1.34206E+00
  2.92135E-02 -3.86518E+00 -6.62280E+00 -6.62690E+00  1.37310E+00
  2.92137E-02 -3.86519E+00 -6.65740E+00 -6.66150E+00  1.33850E+00
  2.92139E-02 -3.86520E+00 -6.69030E+00 -6.69440E+00  1.30560E+00
  2.92155E-02 -4.35660E+00 -6.62288E+00 -6.62698E+00  1.37302E+00
  2.92171E-02 -3.86534E+00 -6.54889E+00 -6.55299E+00  1.44701E+00
  2.92173E-02 -3.86535E+00 -6.57830E+00 -6.58240E+00  1.41760E+00
  2.92176E-02 -3.86536E+00 -6.61905E+00 -6.62315E+00  1.37685E+00
  2.92192E-02 -4.16473E+00 -6.60555E+00 -6.60965E+00  1.39035E+00
  2.92208E-02 -3.86550E+00 -6.56304E+00 -6.56714E+00  1.43286E+00
  2.92220E-02 -3.86556E+00 -6.63576E+00 -6.63986E+00  1.36014E+00
  2.92230E-02 -3.86560E+00 -6.67731E+00 -6.68141E+00  1.31859E+00
  2.92240E-02 -3.86564E+00 -6.72432E+00 -6.72842E+00  1.27158E+00
  2.92250E-02 -3.86569E+00 -6.77424E+00 -6.77834E+00  1.22166E+00
  2.92260E-02 -3.91824E+00 -6.81609E+00 -6.82019E+00  1.17981E+00
  2.92270E-02 -3.97750E+00 -6.83855E+00 -6.84265E+00  1.15735E+00
  2.92280E-02 -4.03766E+00 -6.82057E+00 -6.82467E+00  1.17533E+00
  2.92288E-02 -4.06200E+00 -6.80033E+00 -6.80443E+00  1.19557E+00
  2.92295E-02 -4.06205E+00 -6.77926E+00 -6.78336E+00  1.21664E+00
  2.92310E-02 -4.06216E+00 -6.75066E+00 -6.75476E+00  1.24524E+00
  2.92330E-02 -4.06230E+00 -6.73583E+00 -6.73993E+00  1.26007E+00
  2.92350E-02 -4.06244E+00 -6.72682E+00 -6.73092E+00  1.26908E+00
  2.92380E-02 -4.06266E+00 -6.71819E+00 -6.72229E+00  1.27771E+00
  2.92420E-02 -4.06295E+00 -6.71103E+00 -6.71513E+00  1.28487E+00
  2.92460E-02 -4.06323E+00 -6.70628E+00 -6.71038E+00  1.28962E+00
  2.92500E-02 -4.06352E+00 -6.70282E+00 -6.70692E+00  1.29308E+00
  2.92550E-02 -4.06388E+00 -6.69956E+00 -6.70366E+00  1.29634E+00
  2.92600E-02 -4.06424E+00 -6.69693E+00 -6.70103E+00  1.29897E+00
  2.92700E-02 -4.06496E+00 -6.69296E+00 -6.69706E+00  1.30294E+00
  2.92800E-02 -4.06568E+00 -6.68988E+00 -6.69398E+00  1.30602E+00
  2.92900E-02 -4.06639E+00 -6.68731E+00 -6.69141E+00  1.30859E+00
  2.93100E-02 -4.06782E+00 -6.68294E+00 -6.68704E+00  1.31296E+00
  2.93300E-02 -4.06926E+00 -6.67915E+00 -6.68325E+00  1.31675E+00
  2.93500E-02 -4.07069E+00 -6.67566E+00 -6.67976E+00  1.32024E+00
  2.94000E-02 -4.07427E+00 -6.66762E+00 -6.67172E+00  1.32828E+00
  2.94500E-02 -4.07785E+00 -6.66001E+00 -6.66411E+00  1.33589E+00
  2.95000E-02 -4.08143E+00 -6.65259E+00 -6.65669E+00  1.34331E+00
  2.96000E-02 -4.08857E+00 -6.63796E+00 -6.64206E+00  1.35794E+00
  2.97000E-02 -4.09546E+00 -6.62351E+00 -6.62761E+00  1.37239E+00
  2.98000E-02 -4.10235E+00 -6.60922E+00 -6.61332E+00  1.38668E+00
  3.00000E-02 -4.11608E+00 -6.58715E+00 -6.59125E+00  1.40875E+00
  3.04000E-02 -4.14173E+00 -6.52366E+00 -6.52776E+00  1.47224E+00
  3.08000E-02 -4.16737E+00 -6.46675E+00 -6.47085E+00  1.52915E+00
  3.12000E-02 -4.19086E+00 -6.40971E+00 -6.41381E+00  1.58619E+00
  3.15000E-02 -4.20847E+00 -6.36679E+00 -6.37089E+00  1.62911E+00
  3.23000E-02 -4.25112E+00 -6.25278E+00 -6.25688E+00  1.74312E+00
  3.30000E-02 -4.28481E+00 -6.15300E+00 -6.15710E+00  1.84290E+00
  3.35000E-02 -4.30645E+00 -6.08249E+00 -6.08659E+00  1.91341E+00
  3.40000E-02 -4.32726E+00 -6.01121E+00 -6.01531E+00  1.98469E+00
  3.45000E-02 -4.34535E+00 -5.94129E+00 -5.94539E+00  2.05461E+00
  3.50000E-02 -4.36327E+00 -5.87086E+00 -5.87496E+00  2.12504E+00
  3.57000E-02 -4.38483E+00 -5.77398E+00 -5.77808E+00  2.22192E+00
  3.65000E-02 -4.40593E+00 -5.66241E+00 -5.66651E+00  2.33349E+00
  3.73000E-02 -4.42340E+00 -5.55376E+00 -5.55786E+00  2.44214E+00
  3.80000E-02 -4.43581E+00 -5.45817E+00 -5.46227E+00  2.53773E+00
  3.90000E-02 -4.44904E+00 -5.32498E+00 -5.32908E+00  2.67092E+00
  4.00000E-02 -4.45726E+00 -5.19417E+00 -5.19827E+00  2.80173E+00
  4.07000E-02 -4.46017E+00 -5.10495E+00 -5.10905E+00  2.89095E+00
  4.15000E-02 -4.46081E+00 -5.00266E+00 -5.00676E+00  2.99324E+00
  4.22000E-02 -4.45933E+00 -4.91623E+00 -4.92034E+00  3.07966E+00
  4.30000E-02 -4.45486E+00 -4.81721E+00 -4.82132E+00  3.17868E+00
  4.40000E-02 -4.44588E+00 -4.69764E+00 -4.70174E+00  3.29826E+00
  4.50000E-02 -4.43336E+00 -4.58088E+00 -4.58498E+00  3.41502E+00
  4.65000E-02 -4.40847E+00 -4.41236E+00 -4.41646E+00  3.58354E+00
  4.80000E-02 -4.37693E+00 -4.25087E+00 -4.25497E+00  3.74503E+00
  4.90000E-02 -4.35254E+00 -4.14672E+00 -4.15082E+00  3.84918E+00
  5.00000E-02 -4.32571E+00 -4.04582E+00 -4.04992E+00  3.95008E+00
  5.10000E-02 -4.29594E+00 -3.94885E+00 -3.95295E+00  4.04705E+00
  5.20000E-02 -4.26493E+00 -3.85438E+00 -3.85848E+00  4.14152E+00
  5.32000E-02 -4.22579E+00 -3.74583E+00 -3.74993E+00  4.25007E+00
  5.43000E-02 -4.18751E+00 -3.65005E+00 -3.65415E+00  4.34585E+00
  5.57000E-02 -4.13619E+00 -3.53378E+00 -3.53788E+00  4.46212E+00
  5.70000E-02 -4.08701E+00 -3.43096E+00 -3.43506E+00  4.56494E+00
  5.85000E-02 -4.02846E+00 -3.31864E+00 -3.32274E+00  4.67726E+00
  5.92000E-02 -4.00032E+00 -3.26816E+00 -3.27226E+00  4.72774E+00
  6.00000E-02 -3.96817E+00 -3.21226E+00 -3.21636E+00  4.78364E+00
  6.15000E-02 -3.90591E+00 -3.11233E+00 -3.11643E+00  4.88357E+00
  6.30000E-02 -3.84364E+00 -3.01831E+00 -3.02241E+00  4.97759E+00
  6.40000E-02 -3.80144E+00 -2.95838E+00 -2.96248E+00  5.03752E+00
  6.50000E-02 -3.75924E+00 -2.90076E+00 -2.90486E+00  5.09514E+00
  6.65000E-02 -3.69598E+00 -2.81991E+00 -2.82401E+00  5.17599E+00
  6.80000E-02 -3.63273E+00 -2.74376E+00 -2.74786E+00  5.25214E+00
  6.90000E-02 -3.59056E+00 -2.69510E+00 -2.69920E+00  5.30080E+00
  7.00000E-02 -3.54839E+00 -2.64846E+00 -2.65256E+00  5.34744E+00
  7.15000E-02 -3.48625E+00 -2.58261E+00 -2.58671E+00  5.41329E+00
  7.30000E-02 -3.42412E+00 -2.52084E+00 -2.52494E+00  5.47506E+00
  7.40000E-02 -3.38350E+00 -2.48147E+00 -2.48557E+00  5.51443E+00
  7.50000E-02 -3.34289E+00 -2.44381E+00 -2.44791E+00  5.55209E+00
  7.65000E-02 -3.28355E+00 -2.39062E+00 -2.39472E+00  5.60528E+00
  7.80000E-02 -3.22420E+00 -2.34076E+00 -2.34486E+00  5.65514E+00
  7.90000E-02 -3.18582E+00 -2.30902E+00 -2.31312E+00  5.68688E+00
  8.00000E-02 -3.14744E+00 -2.27864E+00 -2.28274E+00  5.71726E+00
  8.15000E-02 -3.09177E+00 -2.23566E+00 -2.23976E+00  5.76024E+00
  8.30000E-02 -3.03609E+00 -2.19533E+00 -2.19943E+00  5.80057E+00
  8.40000E-02 -3.00024E+00 -2.16964E+00 -2.17374E+00  5.82626E+00
  8.50000E-02 -2.96439E+00 -2.14503E+00 -2.14913E+00  5.85087E+00
  8.65000E-02 -2.91254E+00 -2.11022E+00 -2.11432E+00  5.88568E+00
  8.80000E-02 -2.86068E+00 -2.07756E+00 -2.08166E+00  5.91834E+00
  8.90000E-02 -2.82743E+00 -2.05679E+00 -2.06089E+00  5.93911E+00
  9.00000E-02 -2.79418E+00 -2.03690E+00 -2.04100E+00  5.95900E+00
  9.15000E-02 -2.74622E+00 -2.00868E+00 -2.01278E+00  5.98722E+00
  9.30000E-02 -2.69827E+00 -1.98220E+00 -1.98630E+00  6.01370E+00
  9.50000E-02 -2.63689E+00 -1.94924E+00 -1.95335E+00  6.04665E+00
  9.80000E-02 -2.54855E+00 -1.90481E+00 -1.90892E+00  6.09108E+00
  1.00000E-01 -2.49204E+00 -1.87792E+00 -1.88202E+00  6.11798E+00
  1.02000E-01 -2.43710E+00 -1.85333E+00 -1.85743E+00  6.14257E+00
  1.04000E-01 -2.38441E+00 -1.83065E+00 -1.83476E+00  6.16524E+00
  1.06000E-01 -2.33302E+00 -1.80974E+00 -1.81384E+00  6.18616E+00
  1.07300E-01 -2.30072E+00 -1.79712E+00 -1.80122E+00  6.19878E+00
  1.08500E-01 -2.27148E+00 -1.78585E+00 -1.78996E+00  6.21004E+00
  1.11000E-01 -2.21227E+00 -1.76445E+00 -1.76855E+00  6.23145E+00
  1.14000E-01 -2.14443E+00 -1.74128E+00 -1.74538E+00  6.25462E+00
  1.17000E-01 -2.07950E+00 -1.72077E+00 -1.72487E+00  6.27513E+00
  1.19000E-01 -2.03799E+00 -1.70872E+00 -1.71282E+00  6.28718E+00
  1.22000E-01 -1.97853E+00 -1.69218E+00 -1.69628E+00  6.30372E+00
  1.24000E-01 -1.93993E+00 -1.68219E+00 -1.68629E+00  6.31371E+00
  1.27000E-01 -1.88454E+00 -1.66908E+00 -1.67318E+00  6.32682E+00
  1.30000E-01 -1.83198E+00 -1.65753E+00 -1.66163E+00  6.33837E+00
  1.33000E-01 -1.78137E+00 -1.64736E+00 -1.65146E+00  6.34854E+00
  1.35000E-01 -1.74902E+00 -1.64130E+00 -1.64540E+00  6.35460E+00
  1.38000E-01 -1.70195E+00 -1.63372E+00 -1.63782E+00  6.36218E+00
  1.40000E-01 -1.67182E+00 -1.62866E+00 -1.63276E+00  6.36724E+00
  1.43000E-01 -1.62796E+00 -1.62293E+00 -1.62703E+00  6.37297E+00
  1.45000E-01 -1.59985E+00 -1.61910E+00 -1.62320E+00  6.37680E+00
  1.48000E-01 -1.55897E+00 -1.61493E+00 -1.61903E+00  6.38097E+00
  1.50000E-01 -1.53275E+00 -1.61214E+00 -1.61624E+00  6.38376E+00
  1.53000E-01 -1.49448E+00 -1.60939E+00 -1.61349E+00  6.38651E+00
  1.55000E-01 -1.46990E+00 -1.60755E+00 -1.61165E+00  6.38835E+00
  1.58000E-01 -1.43435E+00 -1.60586E+00 -1.60996E+00  6.39004E+00
  1.60000E-01 -1.41121E+00 -1.60474E+00 -1.60884E+00  6.39116E+00
  1.63000E-01 -1.37772E+00 -1.60415E+00 -1.60825E+00  6.39175E+00
  1.65000E-01 -1.35617E+00 -1.60375E+00 -1.60785E+00  6.39215E+00
  1.68000E-01 -1.32464E+00 -1.60407E+00 -1.60817E+00  6.39183E+00
  1.70000E-01 -1.30434E+00 -1.60428E+00 -1.60838E+00  6.39162E+00
  1.74000E-01 -1.26514E+00 -1.60595E+00 -1.61005E+00  6.38995E+00
  1.77000E-01 -1.23695E+00 -1.60722E+00 -1.61132E+00  6.38868E+00
  1.80000E-01 -1.20984E+00 -1.60937E+00 -1.61347E+00  6.38653E+00
  1.83300E-01 -1.18088E+00 -1.61174E+00 -1.61584E+00  6.38416E+00
  1.86000E-01 -1.15808E+00 -1.61436E+00 -1.61846E+00  6.38154E+00
  1.88000E-01 -1.14168E+00 -1.61630E+00 -1.62040E+00  6.37960E+00
  1.92000E-01 -1.10992E+00 -1.62068E+00 -1.62479E+00  6.37521E+00
  1.96000E-01 -1.07952E+00 -1.62573E+00 -1.62983E+00  6.37017E+00
  1.98000E-01 -1.06486E+00 -1.62845E+00 -1.63255E+00  6.36745E+00
  2.00000E-01 -1.05054E+00 -1.63117E+00 -1.63527E+00  6.36473E+00
  2.05000E-01 -1.01572E+00 -1.63908E+00 -1.64318E+00  6.35682E+00
  2.10000E-01 -9.82848E-01 -1.64703E+00 -1.65113E+00  6.34887E+00
  2.15000E-01 -9.51776E-01 -1.65615E+00 -1.66025E+00  6.33975E+00
  2.20000E-01 -9.22031E-01 -1.66533E+00 -1.66943E+00  6.33057E+00
  2.25000E-01 -8.93853E-01 -1.67563E+00 -1.67973E+00  6.32027E+00
  2.30000E-01 -8.67127E-01 -1.68600E+00 -1.69010E+00  6.30990E+00
  2.35000E-01 -8.41496E-01 -1.69730E+00 -1.70140E+00  6.29860E+00
  2.40000E-01 -8.17138E-01 -1.70868E+00 -1.71278E+00  6.28722E+00
  2.45000E-01 -7.93828E-01 -1.72095E+00 -1.72506E+00  6.27494E+00
  2.50000E-01 -7.71634E-01 -1.73331E+00 -1.73742E+00  6.26258E+00
  2.55000E-01 -7.50250E-01 -1.74660E+00 -1.75070E+00  6.24930E+00
  2.60000E-01 -7.29856E-01 -1.75997E+00 -1.76407E+00  6.23593E+00
  2.64000E-01 -7.14212E-01 -1.77135E+00 -1.77545E+00  6.22455E+00
  2.68000E-01 -6.99130E-01 -1.78278E+00 -1.78688E+00  6.21312E+00
  2.72000E-01 -6.84584E-01 -1.79475E+00 -1.79885E+00  6.20115E+00
  2.76157E-01 -6.70006E-01 -1.80725E+00 -1.81135E+00  6.18865E+00
  2.76600E-01 -6.68482E-01 -1.80861E+00 -1.81271E+00  6.18729E+00
  2.77000E-01 -6.67113E-01 -1.80984E+00 -1.81394E+00  6.18606E+00
  2.83000E-01 -6.47006E-01 -1.82897E+00 -1.83307E+00  6.16693E+00
  2.89000E-01 -6.27790E-01 -1.84827E+00 -1.85237E+00  6.14763E+00
  2.95000E-01 -6.09522E-01 -1.86871E+00 -1.87281E+00  6.12719E+00
  2.98000E-01 -6.00723E-01 -1.87926E+00 -1.88336E+00  6.11664E+00
  3.00000E-01 -5.94976E-01 -1.88631E+00 -1.89042E+00  6.10958E+00
  3.05000E-01 -5.80918E-01 -1.90475E+00 -1.90885E+00  6.09115E+00
  3.10000E-01 -5.67413E-01 -1.92333E+00 -1.92743E+00  6.07257E+00
  3.15000E-01 -5.54430E-01 -1.94301E+00 -1.94711E+00  6.05289E+00
  3.20000E-01 -5.41942E-01 -1.96286E+00 -1.96696E+00  6.03304E+00
  3.28000E-01 -5.22779E-01 -1.99648E+00 -2.00058E+00  5.99942E+00
  3.35000E-01 -5.06928E-01 -2.02753E+00 -2.03163E+00  5.96837E+00
  3.43000E-01 -4.89782E-01 -2.06497E+00 -2.06907E+00  5.93093E+00
  3.50000E-01 -4.75566E-01 -2.09962E+00 -2.10372E+00  5.89628E+00
  3.55000E-01 -4.65772E-01 -2.12590E+00 -2.13000E+00  5.87000E+00
  3.60000E-01 -4.56312E-01 -2.15251E+00 -2.15661E+00  5.84339E+00
  3.65000E-01 -4.47171E-01 -2.18103E+00 -2.18513E+00  5.81487E+00
  3.70000E-01 -4.38333E-01 -2.20995E+00 -2.21405E+00  5.78595E+00
  3.76000E-01 -4.28057E-01 -2.24746E+00 -2.25156E+00  5.74844E+00
  3.81000E-01 -4.19798E-01 -2.27925E+00 -2.28335E+00  5.71665E+00
  3.86000E-01 -4.11803E-01 -2.31378E+00 -2.31788E+00  5.68212E+00
  3.91400E-01 -4.03451E-01 -2.35174E+00 -2.35584E+00  5.64416E+00
  3.91900E-01 -4.02692E-01 -2.35542E+00 -2.35953E+00  5.64047E+00
  3.92400E-01 -4.01936E-01 -2.35911E+00 -2.36322E+00  5.63678E+00
  3.93400E-01 -4.00430E-01 -2.36656E+00 -2.37066E+00  5.62934E+00
  3.97000E-01 -3.95086E-01 -2.39402E+00 -2.39812E+00  5.60188E+00
  3.98500E-01 -3.92895E-01 -2.40576E+00 -2.40986E+00  5.59014E+00
  4.00000E-01 -3.90724E-01 -2.41768E+00 -2.42178E+00  5.57822E+00
  4.05000E-01 -3.83592E-01 -2.45891E+00 -2.46301E+00  5.53699E+00
  4.10000E-01 -3.76675E-01 -2.50255E+00 -2.50665E+00  5.49335E+00
  4.15000E-01 -3.69964E-01 -2.54884E+00 -2.55294E+00  5.44706E+00
  4.20000E-01 -3.63452E-01 -2.59804E+00 -2.60214E+00  5.39786E+00
  4.28000E-01 -3.53321E-01 -2.68385E+00 -2.68795E+00  5.31205E+00
  4.32000E-01 -3.48472E-01 -2.73048E+00 -2.73458E+00  5.26542E+00
  4.35000E-01 -3.44836E-01 -2.76730E+00 -2.77140E+00  5.22860E+00
  4.39000E-01 -3.40192E-01 -2.81908E+00 -2.82318E+00  5.17682E+00
  4.43000E-01 -3.35548E-01 -2.87429E+00 -2.87839E+00  5.12161E+00
  4.47000E-01 -3.31097E-01 -2.93332E+00 -2.93742E+00  5.06258E+00
  4.50000E-01 -3.27758E-01 -2.98040E+00 -2.98450E+00  5.01550E+00
  4.55000E-01 -3.22361E-01 -3.06496E+00 -3.06906E+00  4.93094E+00
  4.60000E-01 -3.17110E-01 -3.15836E+00 -3.16246E+00  4.83754E+00
  4.65000E-01 -3.12001E-01 -3.26240E+00 -3.26650E+00  4.73350E+00
  4.68000E-01 -3.09017E-01 -3.33089E+00 -3.33499E+00  4.66501E+00
  4.70000E-01 -3.07027E-01 -3.37944E+00 -3.38354E+00  4.61646E+00
  4.74000E-01 -3.03168E-01 -3.48455E+00 -3.48865E+00  4.51135E+00
  4.78000E-01 -2.99308E-01 -3.60225E+00 -3.60635E+00  4.39365E+00
  4.82000E-01 -2.95598E-01 -3.73549E+00 -3.73959E+00  4.26041E+00
  4.85000E-01 -2.92815E-01 -3.84806E+00 -3.85216E+00  4.14784E+00
  4.87000E-01 -2.91030E-01 -3.93035E+00 -3.93445E+00  4.06555E+00
  4.89000E-01 -2.89245E-01 -4.01945E+00 -4.02355E+00  3.97645E+00
  4.91000E-01 -2.87461E-01 -4.11643E+00 -4.12053E+00  3.87947E+00
  4.93000E-01 -2.85676E-01 -4.22262E+00 -4.22672E+00  3.77328E+00
  4.95000E-01 -2.83958E-01 -4.33971E+00 -4.34381E+00  3.65619E+00
  4.97000E-01 -2.82241E-01 -4.46986E+00 -4.47396E+00  3.52604E+00
  4.98500E-01 -2.80952E-01 -4.57775E+00 -4.58185E+00  3.41815E+00
  5.00000E-01 -2.79664E-01 -4.69607E+00 -4.70017E+00  3.29983E+00
  5.00800E-01 -2.78979E-01 -4.76410E+00 -4.76820E+00  3.23180E+00
  5.01500E-01 -2.78380E-01 -4.82678E+00 -4.83088E+00  3.16912E+00
  5.03000E-01 -2.77095E-01 -4.97238E+00 -4.97648E+00  3.02352E+00
  5.04500E-01 -2.75829E-01 -5.13610E+00 -5.14020E+00  2.85980E+00
  5.06000E-01 -2.74563E-01 -5.32223E+00 -5.32634E+00  2.67366E+00
  5.07500E-01 -2.73327E-01 -5.53674E+00 -5.54084E+00  2.45916E+00
  5.09000E-01 -2.72091E-01 -5.78792E+00 -5.79202E+00  2.20798E+00
  5.10500E-01 -2.70854E-01 -6.08799E+00 -6.09209E+00  1.90791E+00
  5.12000E-01 -2.69618E-01 -6.45547E+00 -6.45957E+00  1.54043E+00
  5.13500E-01 -2.68420E-01 -6.92027E+00 -6.92437E+00  1.07563E+00
  5.15000E-01 -2.67223E-01 -7.53400E+00 -7.53810E+00  4.61897E-01
  5.16500E-01 -2.66025E-01 -8.39432E+00 -8.39842E+00 -3.98418E-01
  5.18000E-01 -2.64827E-01 -9.71208E+00 -9.71618E+00 -1.71618E+00
  5.19500E-01 -2.63660E-01 -1.20445E+01 -1.20486E+01 -4.04857E+00
  5.21000E-01 -2.62493E-01 -1.75126E+01 -1.75167E+01 -9.51667E+00
  5.22000E-01 -2.61715E-01 -2.90345E+01 -2.90386E+01 -2.10386E+01
  5.23093E-01 -2.60865E-01 -1.12221E+03 -1.12222E+03 -1.11422E+03
  5.23098E-01 -1.14774E+03 -8.07753E+02 -8.07757E+02 -7.99757E+02
  5.23104E-01 -2.52471E+03 -4.41738E+02 -4.41742E+02 -4.33742E+02
  5.23115E-01 -2.60847E-01  1.74377E+02  1.74373E+02  1.82373E+02
  5.23125E-01 -2.60840E-01 -4.40094E+02 -4.40098E+02 -4.32098E+02
  5.23135E-01 -2.60832E-01 -1.24399E+03 -1.24400E+03 -1.23600E+03
  5.23146E-01 -5.02983E+03  2.14498E+02  2.14494E+02  2.22494E+02
  5.23157E-01 -2.60815E-01  1.70529E+03  1.70529E+03  1.71329E+03
  5.24000E-01 -2.60170E-01  2.68723E+01  2.68682E+01  3.48682E+01
  5.24400E-01 -2.59864E-01  1.67957E+01  1.67916E+01  2.47916E+01
  5.24900E-01 -2.59481E-01  1.05804E+01  1.05763E+01  1.85763E+01
  5.25400E-01 -2.59104E-01  7.07361E+00  7.06951E+00  1.50695E+01
  5.26000E-01 -2.58651E-01  4.44190E+00  4.43780E+00  1.24378E+01
  5.26500E-01 -2.58273E-01  2.93516E+00  2.93106E+00  1.09311E+01
  5.27000E-01 -2.57896E-01  1.79124E+00  1.78714E+00  9.78714E+00
  5.27400E-01 -2.57594E-01  1.04957E+00  1.04547E+00  9.04547E+00
  5.27900E-01 -2.57216E-01  2.72795E-01  2.68695E-01  8.26870E+00
  5.28400E-01 -2.56839E-01 -3.84860E-01 -3.88960E-01  7.61104E+00
  5.28886E-01 -2.56472E-01 -9.43524E-01 -9.47624E-01  7.05238E+00
  5.29200E-01 -2.56240E-01 -1.27364E+00 -1.27774E+00  6.72226E+00
  5.29600E-01 -2.55945E-01 -1.66836E+00 -1.67246E+00  6.32754E+00
  5.30000E-01 -2.55650E-01 -2.04251E+00 -2.04661E+00  5.95339E+00
  5.30400E-01 -2.55355E-01 -2.40416E+00 -2.40826E+00  5.59174E+00
  5.30800E-01 -2.55060E-01 -2.76143E+00 -2.76553E+00  5.23447E+00
  5.31200E-01 -2.54765E-01 -3.12294E+00 -3.12704E+00  4.87296E+00
  5.31600E-01 -2.54470E-01 -3.49935E+00 -3.50345E+00  4.49655E+00
  5.32000E-01 -2.54175E-01 -3.90500E+00 -3.90910E+00  4.09090E+00
  5.32300E-01 -2.53954E-01 -4.24116E+00 -4.24526E+00  3.75474E+00
  5.32600E-01 -2.53733E-01 -4.62026E+00 -4.62436E+00  3.37564E+00
  5.32900E-01 -2.53511E-01 -5.06567E+00 -5.06977E+00  2.93023E+00
  5.33300E-01 -2.53216E-01 -5.83941E+00 -5.84351E+00  2.15649E+00
  5.33600E-01 -2.52995E-01 -6.68131E+00 -6.68541E+00  1.31459E+00
  5.33800E-01 -2.52847E-01 -7.49780E+00 -7.50190E+00  4.98098E-01
  5.34000E-01 -2.52700E-01 -8.73986E+00 -8.74396E+00 -7.43963E-01
  5.34150E-01 -2.52589E-01 -1.02667E+01 -1.02708E+01 -2.27080E+00
  5.34300E-01 -2.52479E-01 -1.30764E+01 -1.30805E+01 -5.08046E+00
  5.34614E-01 -2.52247E-01 -2.38952E+02 -2.38956E+02 -2.30956E+02
  5.34626E-01 -7.36538E+02  1.55802E+00  1.55392E+00  9.55392E+00
  5.34637E-01 -2.52230E-01  2.22034E+02  2.22030E+02  2.30030E+02
  5.34800E-01 -2.52112E-01  1.04191E+01  1.04150E+01  1.84150E+01
  5.35000E-01 -2.51966E-01  1.67997E+00  1.67587E+00  9.67587E+00
  5.35200E-01 -2.51821E-01 -1.30267E+00 -1.30677E+00  6.69323E+00
  5.35325E-01 -2.51730E-01 -2.50384E+00 -2.50794E+00  5.49206E+00
  5.35500E-01 -2.51604E-01 -3.95887E+00 -3.96297E+00  4.03703E+00
  5.35600E-01 -2.51531E-01 -4.84128E+00 -4.84538E+00  3.15462E+00
  5.35700E-01 -2.51459E-01 -5.93041E+00 -5.93451E+00  2.06549E+00
  5.35780E-01 -2.51401E-01 -7.16925E+00 -7.17335E+00  8.26652E-01
  5.35860E-01 -2.51344E-01 -9.28279E+00 -9.28689E+00 -1.28689E+00
  5.36013E-01 -2.51233E-01 -8.07166E+01 -8.07207E+01 -7.27207E+01
  5.36025E-01 -2.40727E+02 -2.40277E+00 -2.40687E+00  5.59313E+00
  5.36036E-01 -2.51216E-01  6.93864E+01  6.93823E+01  7.73823E+01
  5.36160E-01 -2.51126E-01  1.36018E+00  1.35608E+00  9.35608E+00
  5.36220E-01 -2.51083E-01 -1.07339E+00 -1.07750E+00  6.92250E+00
  5.36287E-01 -2.51034E-01 -2.80587E+00 -2.80997E+00  5.19003E+00
  5.36350E-01 -2.50989E-01 -4.20368E+00 -4.20778E+00  3.79222E+00
  5.36410E-01 -2.50945E-01 -5.76417E+00 -5.76827E+00  2.23173E+00
  5.36470E-01 -2.50902E-01 -8.54119E+00 -8.54529E+00 -5.45286E-01
  5.36538E-01 -2.50853E-01 -3.77144E+01 -3.77185E+01 -2.97185E+01
  5.36550E-01 -1.07918E+02 -4.33879E+00 -4.34289E+00  3.65711E+00
  5.36562E-01 -2.50836E-01  2.90336E+01  2.90295E+01  3.70295E+01
  5.36620E-01 -2.50794E-01  5.63140E-01  5.59040E-01  8.55904E+00
  5.36677E-01 -2.50753E-01 -2.97733E+00 -2.98143E+00  5.01857E+00
  5.36740E-01 -2.50708E-01 -6.20769E+00 -6.21179E+00  1.78821E+00
  5.36793E-01 -2.50670E-01 -2.18061E+01 -2.18102E+01 -1.38102E+01
  5.36805E-01 -5.75331E+01 -4.21442E+00 -4.21852E+00  3.78148E+00
  5.36817E-01 -2.50653E-01  1.33680E+01  1.33639E+01  2.13639E+01
  5.36850E-01 -2.50629E-01 -4.97038E-01 -5.01138E-01  7.49886E+00
  5.36876E-01 -2.50610E-01 -3.08172E+00 -3.08583E+00  4.91417E+00
  5.36910E-01 -2.50586E-01 -6.17508E+00 -6.17918E+00  1.82082E+00
  5.36936E-01 -2.50567E-01 -1.43244E+01 -1.43285E+01 -6.32847E+00
  5.36948E-01 -3.42920E+01 -4.13062E+00 -4.13472E+00  3.86528E+00
  5.36960E-01 -2.50550E-01  6.04066E+00  6.03656E+00  1.40366E+01
  5.36992E-01 -2.50527E-01 -3.19788E+00 -3.20198E+00  4.79802E+00
  5.37024E-01 -2.50503E-01 -1.02264E+01 -1.02305E+01 -2.23053E+00
  5.37036E-01 -2.21076E+01 -4.05488E+00 -4.05898E+00  3.94102E+00
  5.37048E-01 -2.50486E-01  2.06831E+00  2.06421E+00  1.00642E+01
  5.37065E-01 -2.50474E-01 -3.23599E+00 -3.24009E+00  4.75991E+00
  5.37082E-01 -2.50462E-01 -7.65364E+00 -7.65775E+00  3.42251E-01
  5.37094E-01 -1.51104E+01 -3.96205E+00 -3.96615E+00  4.03385E+00
  5.37106E-01 -2.50445E-01 -3.54918E-01 -3.59018E-01  7.64098E+00
  5.37114E-01 -2.50438E-01 -3.13375E+00 -3.13785E+00  4.86215E+00
  5.37123E-01 -2.50432E-01 -5.87786E+00 -5.88196E+00  2.11804E+00
  5.37135E-01 -1.08084E+01 -3.88049E+00 -3.88459E+00  4.11541E+00
  5.37147E-01 -2.50415E-01 -1.92631E+00 -1.93041E+00  6.06959E+00
  5.37154E-01 -2.50410E-01 -4.22449E+00 -4.22859E+00  3.77141E+00
  5.37162E-01 -2.50405E-01 -6.90925E+00 -6.91335E+00  1.08665E+00
  5.37173E-01 -1.39011E+01 -3.94013E+00 -3.94423E+00  4.05577E+00
  5.37185E-01 -2.50388E-01 -7.31319E-01 -7.35419E-01  7.26458E+00
  5.37191E-01 -2.50384E-01 -2.92543E+00 -2.92953E+00  5.07047E+00
  5.37196E-01 -2.50380E-01 -4.66943E+00 -4.67353E+00  3.32647E+00
  5.37208E-01 -8.41592E+00 -3.69312E+00 -3.69722E+00  4.30278E+00
  5.37219E-01 -2.50363E-01 -2.95104E+00 -2.95514E+00  5.04486E+00
  5.37222E-01 -2.50362E-01 -3.96481E+00 -3.96891E+00  4.03109E+00
  5.37224E-01 -2.50360E-01 -4.61119E+00 -4.61529E+00  3.38471E+00
  5.37235E-01 -9.11479E+00 -3.60092E+00 -3.60502E+00  4.39498E+00
  5.37247E-01 -2.50343E-01 -2.43948E+00 -2.44358E+00  5.55642E+00
  5.37249E-01 -2.50342E-01 -3.22399E+00 -3.22809E+00  4.77191E+00
  5.37251E-01 -2.50340E-01 -4.02209E+00 -4.02619E+00  3.97381E+00
  5.37263E-01 -8.08454E+00 -3.56240E+00 -3.56650E+00  4.43350E+00
  5.37268E-01 -2.50328E-01 -3.22409E+00 -3.22819E+00  4.77181E+00
  5.37272E-01 -2.50326E-01 -2.47002E+00 -2.47412E+00  5.52588E+00
  5.37275E-01 -2.50323E-01 -1.96994E+00 -1.97404E+00  6.02596E+00
  5.37280E-01 -2.92636E+00 -2.88419E+00 -2.88829E+00  5.11171E+00
  5.37292E-01 -8.01848E-01 -4.34670E+00 -4.35080E+00  3.64920E+00
  5.37299E-01 -1.80428E+00 -5.27317E+00 -5.27727E+00  2.72273E+00
  5.37306E-01 -3.90291E+00 -5.44000E+00 -5.44410E+00  2.55590E+00
  5.37313E-01 -3.90309E+00 -5.17426E+00 -5.17836E+00  2.82164E+00
  5.37320E-01 -3.90326E+00 -4.53078E+00 -4.53488E+00  3.46512E+00
  5.37327E-01 -3.90344E+00 -4.38258E+00 -4.38668E+00  3.61332E+00
  5.37335E-01 -3.90364E+00 -4.27884E+00 -4.28294E+00  3.71706E+00
  5.37342E-01 -3.90382E+00 -4.21542E+00 -4.21952E+00  3.78048E+00
  5.37350E-01 -3.90402E+00 -4.16343E+00 -4.16753E+00  3.83247E+00
  5.37358E-01 -3.90422E+00 -4.12417E+00 -4.12827E+00  3.87173E+00
  5.37365E-01 -3.90440E+00 -4.09614E+00 -4.10024E+00  3.89976E+00
  5.37372E-01 -3.90458E+00 -4.07387E+00 -4.07797E+00  3.92203E+00
  5.37380E-01 -3.90478E+00 -4.05240E+00 -4.05650E+00  3.94350E+00
  5.37385E-01 -3.90491E+00 -4.04069E+00 -4.04479E+00  3.95521E+00
  5.37390E-01 -3.90503E+00 -4.03007E+00 -4.03417E+00  3.96583E+00
  5.37400E-01 -3.90528E+00 -4.01161E+00 -4.01571E+00  3.98429E+00
  5.37415E-01 -3.90566E+00 -3.98930E+00 -3.99340E+00  4.00660E+00
  5.37430E-01 -3.90604E+00 -3.97200E+00 -3.97610E+00  4.02390E+00
  5.37440E-01 -3.90629E+00 -3.96189E+00 -3.96599E+00  4.03401E+00
  5.37450E-01 -3.90654E+00 -3.95292E+00 -3.95702E+00  4.04298E+00
  5.37460E-01 -3.90679E+00 -3.94531E+00 -3.94941E+00  4.05059E+00
  5.37470E-01 -3.90704E+00 -3.93802E+00 -3.94212E+00  4.05788E+00
  5.37485E-01 -3.90742E+00 -3.92829E+00 -3.93239E+00  4.06761E+00
  5.37500E-01 -3.90780E+00 -3.92004E+00 -3.92414E+00  4.07586E+00
  5.37520E-01 -3.90831E+00 -3.90997E+00 -3.91407E+00  4.08593E+00
  5.37550E-01 -3.90907E+00 -3.89738E+00 -3.90148E+00  4.09852E+00
  5.37570E-01 -3.90957E+00 -3.88992E+00 -3.89402E+00  4.10598E+00
  5.37600E-01 -3.91033E+00 -3.88021E+00 -3.88431E+00  4.11569E+00
  5.37620E-01 -3.91084E+00 -3.87422E+00 -3.87832E+00  4.12168E+00
  5.37650E-01 -3.91160E+00 -3.86623E+00 -3.87033E+00  4.12967E+00
  5.37670E-01 -3.91210E+00 -3.86136E+00 -3.86546E+00  4.13454E+00
  5.37700E-01 -3.91286E+00 -3.85429E+00 -3.85839E+00  4.14161E+00
  5.37730E-01 -3.91362E+00 -3.84788E+00 -3.85198E+00  4.14802E+00
  5.37750E-01 -3.91412E+00 -3.84372E+00 -3.84782E+00  4.15218E+00
  5.37800E-01 -3.91538E+00 -3.83414E+00 -3.83824E+00  4.16176E+00
  5.37850E-01 -3.91665E+00 -3.82542E+00 -3.82952E+00  4.17048E+00
  5.37900E-01 -3.91791E+00 -3.81709E+00 -3.82119E+00  4.17881E+00
  5.37950E-01 -3.91918E+00 -3.80920E+00 -3.81330E+00  4.18670E+00
  5.38000E-01 -3.92044E+00 -3.80164E+00 -3.80574E+00  4.19426E+00
  5.38050E-01 -3.92171E+00 -3.79435E+00 -3.79845E+00  4.20155E+00
  5.38100E-01 -3.92298E+00 -3.78726E+00 -3.79136E+00  4.20864E+00
  5.38150E-01 -3.92389E+00 -3.78031E+00 -3.78441E+00  4.21559E+00
  5.38200E-01 -3.92481E+00 -3.77342E+00 -3.77752E+00  4.22248E+00
  5.38250E-01 -3.92572E+00 -3.76661E+00 -3.77071E+00  4.22929E+00
  5.38300E-01 -3.92663E+00 -3.76014E+00 -3.76424E+00  4.23576E+00
  5.38370E-01 -3.92791E+00 -3.75137E+00 -3.75547E+00  4.24453E+00
  5.38450E-01 -3.92937E+00 -3.74175E+00 -3.74585E+00  4.25415E+00
  5.38520E-01 -3.93065E+00 -3.73361E+00 -3.73771E+00  4.26229E+00
  5.38600E-01 -3.93211E+00 -3.72450E+00 -3.72860E+00  4.27140E+00
  5.38700E-01 -3.93376E+00 -3.71340E+00 -3.71750E+00  4.28250E+00
  5.38800E-01 -3.93541E+00 -3.70257E+00 -3.70667E+00  4.29333E+00
  5.38900E-01 -3.93707E+00 -3.69199E+00 -3.69609E+00  4.30391E+00
  5.39000E-01 -3.93872E+00 -3.68135E+00 -3.68545E+00  4.31455E+00
  5.39150E-01 -3.94053E+00 -3.66599E+00 -3.67009E+00  4.32991E+00
  5.39300E-01 -3.94234E+00 -3.65133E+00 -3.65543E+00  4.34457E+00
  5.39400E-01 -3.94355E+00 -3.64179E+00 -3.64589E+00  4.35411E+00
  5.39500E-01 -3.94475E+00 -3.63243E+00 -3.63653E+00  4.36347E+00
  5.39700E-01 -3.94717E+00 -3.61414E+00 -3.61824E+00  4.38176E+00
  5.40000E-01 -3.95079E+00 -3.58720E+00 -3.59130E+00  4.40870E+00
  5.40200E-01 -3.95219E+00 -3.56972E+00 -3.57382E+00  4.42618E+00
  5.40500E-01 -3.95430E+00 -3.54502E+00 -3.54912E+00  4.45088E+00
  5.40700E-01 -3.95570E+00 -3.52917E+00 -3.53327E+00  4.46673E+00
  5.41000E-01 -3.95780E+00 -3.50589E+00 -3.50999E+00  4.49001E+00
  5.41200E-01 -3.95879E+00 -3.49077E+00 -3.49487E+00  4.50513E+00
  5.41400E-01 -3.95978E+00 -3.47610E+00 -3.48020E+00  4.51980E+00
  5.41700E-01 -3.96126E+00 -3.45452E+00 -3.45862E+00  4.54138E+00
  5.42100E-01 -3.96237E+00 -3.42681E+00 -3.43091E+00  4.56909E+00
  5.42500E-01 -3.96347E+00 -3.40016E+00 -3.40426E+00  4.59574E+00
  5.42800E-01 -3.96360E+00 -3.38080E+00 -3.38490E+00  4.61510E+00
  5.43200E-01 -3.96377E+00 -3.35621E+00 -3.36031E+00  4.63969E+00
  5.43600E-01 -3.96394E+00 -3.33252E+00 -3.33662E+00  4.66338E+00
  5.44000E-01 -3.96411E+00 -3.30935E+00 -3.31345E+00  4.68655E+00
  5.44400E-01 -3.96361E+00 -3.28689E+00 -3.29099E+00  4.70901E+00
  5.44800E-01 -3.96311E+00 -3.26536E+00 -3.26947E+00  4.73053E+00
  5.45100E-01 -3.96274E+00 -3.24961E+00 -3.25371E+00  4.74629E+00
  5.45500E-01 -3.96224E+00 -3.22902E+00 -3.23312E+00  4.76688E+00
  5.46300E-01 -3.96058E+00 -3.18951E+00 -3.19361E+00  4.80639E+00
  5.47000E-01 -3.95913E+00 -3.15648E+00 -3.16058E+00  4.83942E+00
  5.47800E-01 -3.95698E+00 -3.12031E+00 -3.12441E+00  4.87559E+00
  5.48500E-01 -3.95510E+00 -3.08999E+00 -3.09409E+00  4.90591E+00
  5.49300E-01 -3.95295E+00 -3.05655E+00 -3.06065E+00  4.93935E+00
  5.50000E-01 -3.95107E+00 -3.02817E+00 -3.03228E+00  4.96772E+00
  5.50700E-01 -3.94912E+00 -3.00056E+00 -3.00466E+00  4.99534E+00
  5.51500E-01 -3.94690E+00 -2.96991E+00 -2.97401E+00  5.02599E+00
  5.52200E-01 -3.94495E+00 -2.94376E+00 -2.94786E+00  5.05214E+00
  5.53000E-01 -3.94272E+00 -2.91457E+00 -2.91867E+00  5.08133E+00
  5.54000E-01 -3.93994E+00 -2.87903E+00 -2.88313E+00  5.11687E+00
  5.55000E-01 -3.93715E+00 -2.84446E+00 -2.84856E+00  5.15144E+00
  5.56500E-01 -3.93298E+00 -2.79417E+00 -2.79827E+00  5.20173E+00
  5.58000E-01 -3.92881E+00 -2.74556E+00 -2.74967E+00  5.25033E+00
  5.59000E-01 -3.92602E+00 -2.71399E+00 -2.71809E+00  5.28191E+00
  5.60000E-01 -3.92324E+00 -2.68311E+00 -2.68721E+00  5.31279E+00
  5.61500E-01 -3.91927E+00 -2.63769E+00 -2.64179E+00  5.35821E+00
  5.63000E-01 -3.91530E+00 -2.59319E+00 -2.59729E+00  5.40271E+00
  5.64000E-01 -3.91266E+00 -2.56399E+00 -2.56809E+00  5.43191E+00
  5.65000E-01 -3.91001E+00 -2.53505E+00 -2.53915E+00  5.46085E+00
  5.66000E-01 -3.90736E+00 -2.50646E+00 -2.51056E+00  5.48944E+00
  5.67000E-01 -3.90472E+00 -2.47830E+00 -2.48240E+00  5.51760E+00
  5.68500E-01 -3.90075E+00 -2.43667E+00 -2.44078E+00  5.55922E+00
  5.70000E-01 -3.89678E+00 -2.39537E+00 -2.39947E+00  5.60053E+00
  5.72000E-01 -3.89037E+00 -2.34133E+00 -2.34543E+00  5.65457E+00
  5.74000E-01 -3.88395E+00 -2.28821E+00 -2.29231E+00  5.70769E+00
  5.76000E-01 -3.87641E+00 -2.23606E+00 -2.24016E+00  5.75984E+00
  5.78000E-01 -3.86886E+00 -2.18483E+00 -2.18893E+00  5.81107E+00
  5.80000E-01 -3.86010E+00 -2.13455E+00 -2.13865E+00  5.86135E+00
  5.82000E-01 -3.85134E+00 -2.08517E+00 -2.08927E+00  5.91073E+00
  5.83500E-01 -3.84391E+00 -2.04869E+00 -2.05279E+00  5.94721E+00
  5.85000E-01 -3.83648E+00 -2.01272E+00 -2.01682E+00  5.98318E+00
  5.87000E-01 -3.82547E+00 -1.96574E+00 -1.96984E+00  6.03016E+00
  5.89000E-01 -3.81447E+00 -1.91966E+00 -1.92376E+00  6.07624E+00
  5.91000E-01 -3.80222E+00 -1.87453E+00 -1.87863E+00  6.12137E+00
  5.93000E-01 -3.78998E+00 -1.83042E+00 -1.83452E+00  6.16548E+00
  5.95000E-01 -3.77663E+00 -1.78730E+00 -1.79140E+00  6.20860E+00
  5.97000E-01 -3.76329E+00 -1.74520E+00 -1.74930E+00  6.25070E+00
  5.98500E-01 -3.75264E+00 -1.71418E+00 -1.71828E+00  6.28172E+00
  6.00000E-01 -3.74199E+00 -1.68370E+00 -1.68781E+00  6.31219E+00
  6.03000E-01 -3.71873E+00 -1.62480E+00 -1.62890E+00  6.37110E+00
  6.05000E-01 -3.70323E+00 -1.58666E+00 -1.59076E+00  6.40924E+00
  6.08000E-01 -3.67997E+00 -1.53142E+00 -1.53552E+00  6.46448E+00
  6.10000E-01 -3.66447E+00 -1.49575E+00 -1.49985E+00  6.50015E+00
  6.13000E-01 -3.63935E+00 -1.44412E+00 -1.44823E+00  6.55177E+00
  6.15000E-01 -3.62261E+00 -1.41083E+00 -1.41493E+00  6.58507E+00
  6.18000E-01 -3.59749E+00 -1.36269E+00 -1.36679E+00  6.63321E+00
  6.20000E-01 -3.58075E+00 -1.33165E+00 -1.33575E+00  6.66425E+00
  6.23000E-01 -3.55495E+00 -1.28685E+00 -1.29095E+00  6.70905E+00
  6.25000E-01 -3.53775E+00 -1.25822E+00 -1.26232E+00  6.73768E+00
  6.28000E-01 -3.51196E+00 -1.21656E+00 -1.22066E+00  6.77934E+00
  6.30000E-01 -3.49476E+00 -1.18970E+00 -1.19380E+00  6.80620E+00
  6.33000E-01 -3.46935E+00 -1.15103E+00 -1.15513E+00  6.84487E+00
  6.35000E-01 -3.45242E+00 -1.12603E+00 -1.13013E+00  6.86987E+00
  6.38000E-01 -3.42701E+00 -1.08985E+00 -1.09395E+00  6.90605E+00
  6.40000E-01 -3.41007E+00 -1.06659E+00 -1.07069E+00  6.92931E+00
  6.43000E-01 -3.38554E+00 -1.03287E+00 -1.03697E+00  6.96303E+00
  6.45000E-01 -3.36918E+00 -1.01111E+00 -1.01521E+00  6.98479E+00
  6.48000E-01 -3.34465E+00 -9.79541E-01 -9.83641E-01  7.01636E+00
  6.50000E-01 -3.32829E+00 -9.59226E-01 -9.63326E-01  7.03667E+00
  6.53000E-01 -3.30495E+00 -9.29656E-01 -9.33756E-01  7.06624E+00
  6.55000E-01 -3.28939E+00 -9.10490E-01 -9.14590E-01  7.08541E+00
  6.57000E-01 -3.27382E+00 -8.91786E-01 -8.95886E-01  7.10411E+00
  6.60000E-01 -3.25048E+00 -8.64735E-01 -8.68835E-01  7.13116E+00
  6.64000E-01 -3.22109E+00 -8.30021E-01 -8.34121E-01  7.16588E+00
  6.68000E-01 -3.19170E+00 -7.96655E-01 -8.00755E-01  7.19924E+00
  6.72000E-01 -3.16388E+00 -7.65016E-01 -7.69116E-01  7.23088E+00
  6.76800E-01 -3.13049E+00 -7.28119E-01 -7.32219E-01  7.26778E+00
  6.79000E-01 -3.11568E+00 -7.11718E-01 -7.15819E-01  7.28418E+00
  6.82000E-01 -3.09549E+00 -6.89924E-01 -6.94025E-01  7.30598E+00
  6.85000E-01 -3.07603E+00 -6.68966E-01 -6.73066E-01  7.32693E+00
  6.88000E-01 -3.05657E+00 -6.48535E-01 -6.52636E-01  7.34736E+00
  6.91000E-01 -3.03783E+00 -6.28349E-01 -6.32449E-01  7.36755E+00
  6.94000E-01 -3.01910E+00 -6.08585E-01 -6.12685E-01  7.38731E+00
  6.97000E-01 -3.00075E+00 -5.89279E-01 -5.93380E-01  7.40662E+00
  6.98500E-01 -2.99158E+00 -5.79826E-01 -5.83927E-01  7.41607E+00
  7.00000E-01 -2.98241E+00 -5.70557E-01 -5.74657E-01  7.42534E+00
  7.04000E-01 -2.95932E+00 -5.46172E-01 -5.50273E-01  7.44973E+00
  7.08000E-01 -2.93623E+00 -5.22262E-01 -5.26362E-01  7.47364E+00
  7.12000E-01 -2.91315E+00 -4.98962E-01 -5.03062E-01  7.49694E+00
  7.15000E-01 -2.89583E+00 -4.81938E-01 -4.86038E-01  7.51396E+00
  7.19000E-01 -2.87408E+00 -4.59721E-01 -4.63821E-01  7.53618E+00
  7.22000E-01 -2.85776E+00 -4.43349E-01 -4.47449E-01  7.55255E+00
  7.26000E-01 -2.83600E+00 -4.21949E-01 -4.26050E-01  7.57395E+00
  7.30000E-01 -2.81425E+00 -4.00989E-01 -4.05090E-01  7.59491E+00
  7.35000E-01 -2.78797E+00 -3.75491E-01 -3.79592E-01  7.62041E+00
  7.40000E-01 -2.76170E+00 -3.50771E-01 -3.54871E-01  7.64513E+00
  7.45000E-01 -2.73626E+00 -3.26722E-01 -3.30823E-01  7.66918E+00
  7.48000E-01 -2.72100E+00 -3.12551E-01 -3.16651E-01  7.68335E+00
  7.50000E-01 -2.71082E+00 -3.03105E-01 -3.07205E-01  7.69279E+00
  7.54000E-01 -2.69072E+00 -2.84681E-01 -2.88782E-01  7.71122E+00
  7.58000E-01 -2.67062E+00 -2.66926E-01 -2.71026E-01  7.72897E+00
  7.62000E-01 -2.65052E+00 -2.49664E-01 -2.53764E-01  7.74624E+00
  7.65000E-01 -2.63545E+00 -2.37000E-01 -2.41101E-01  7.75890E+00
  7.69000E-01 -2.61629E+00 -2.20463E-01 -2.24563E-01  7.77544E+00
  7.73000E-01 -2.59712E+00 -2.04273E-01 -2.08373E-01  7.79163E+00
  7.80000E-01 -2.56359E+00 -1.76446E-01 -1.80546E-01  7.81945E+00
  7.85000E-01 -2.54011E+00 -1.57184E-01 -1.61285E-01  7.83871E+00
  7.90000E-01 -2.51662E+00 -1.38822E-01 -1.42922E-01  7.85708E+00
  7.95000E-01 -2.49314E+00 -1.21053E-01 -1.25153E-01  7.87485E+00
  8.00000E-01 -2.46965E+00 -1.03645E-01 -1.07745E-01  7.89226E+00
  8.05000E-01 -2.44667E+00 -8.67998E-02 -9.09008E-02  7.90910E+00
  8.10000E-01 -2.42370E+00 -7.07186E-02 -7.48186E-02  7.92518E+00
  8.15000E-01 -2.40142E+00 -5.51944E-02 -5.92944E-02  7.94071E+00
  8.18000E-01 -2.38805E+00 -4.60815E-02 -5.01815E-02  7.94982E+00
  8.20000E-01 -2.37914E+00 -4.00245E-02 -4.41255E-02  7.95587E+00
  8.24000E-01 -2.36163E+00 -2.82439E-02 -3.23449E-02  7.96766E+00
  8.28000E-01 -2.34412E+00 -1.69324E-02 -2.10329E-02  7.97897E+00
  8.32000E-01 -2.32661E+00 -5.98253E-03 -1.00829E-02  7.98992E+00
  8.35000E-01 -2.31348E+00  2.01636E-03 -2.08404E-03  7.99792E+00
  8.39000E-01 -2.29675E+00  1.24273E-02  8.32689E-03  8.00833E+00
  8.43000E-01 -2.28002E+00  2.25579E-02  1.84575E-02  8.01846E+00
  8.47000E-01 -2.26330E+00  3.24453E-02  2.83449E-02  8.02834E+00
  8.50000E-01 -2.25075E+00  3.97485E-02  3.56481E-02  8.03565E+00
  8.55000E-01 -2.23037E+00  5.15514E-02  4.74510E-02  8.04745E+00
  8.60000E-01 -2.20999E+00  6.28639E-02  5.87635E-02  8.05876E+00
  8.65000E-01 -2.19021E+00  7.37621E-02  6.96617E-02  8.06966E+00
  8.70000E-01 -2.17043E+00  8.42806E-02  8.01801E-02  8.08018E+00
  8.74000E-01 -2.15517E+00  9.24375E-02  8.83371E-02  8.08834E+00
  8.78000E-01 -2.13992E+00  1.00376E-01  9.62757E-02  8.09628E+00
  8.82000E-01 -2.12466E+00  1.08112E-01  1.04011E-01  8.10401E+00
  8.85000E-01 -2.11322E+00  1.13780E-01  1.09679E-01  8.10968E+00
  8.89000E-01 -2.09861E+00  1.21165E-01  1.17064E-01  8.11706E+00
  8.93000E-01 -2.08401E+00  1.28365E-01  1.24264E-01  8.12426E+00
  9.00000E-01 -2.05845E+00  1.40536E-01  1.36435E-01  8.13644E+00
  9.05000E-01 -2.04082E+00  1.48907E-01  1.44806E-01  8.14481E+00
  9.10000E-01 -2.02319E+00  1.57018E-01  1.52918E-01  8.15292E+00
  9.15000E-01 -2.00605E+00  1.64882E-01  1.60782E-01  8.16078E+00
  9.20000E-01 -1.98891E+00  1.72512E-01  1.68412E-01  8.16841E+00
  9.28000E-01 -1.96242E+00  1.84252E-01  1.80151E-01  8.18015E+00
  9.35000E-01 -1.93925E+00  1.94080E-01  1.89980E-01  8.18998E+00
  9.43000E-01 -1.91383E+00  2.04845E-01  2.00745E-01  8.20075E+00
  9.50000E-01 -1.89158E+00  2.13895E-01  2.09795E-01  8.20980E+00
  9.55000E-01 -1.87618E+00  2.20151E-01  2.16050E-01  8.21605E+00
  9.60000E-01 -1.86079E+00  2.26223E-01  2.22123E-01  8.22212E+00
  9.65000E-01 -1.84579E+00  2.32136E-01  2.28036E-01  8.22804E+00
  9.70000E-01 -1.83080E+00  2.37911E-01  2.33810E-01  8.23381E+00
  9.78000E-01 -1.80750E+00  2.46837E-01  2.42737E-01  8.24274E+00
  9.85000E-01 -1.78711E+00  2.54348E-01  2.50248E-01  8.25025E+00
  9.93000E-01 -1.76459E+00  2.62598E-01  2.58498E-01  8.25850E+00
  1.00000E+00 -1.74489E+00  2.69574E-01  2.65474E-01  8.26547E+00
  1.00500E+00 -1.73112E+00  2.74395E-01  2.70294E-01  8.27029E+00
  1.01000E+00 -1.71734E+00  2.79025E-01  2.74925E-01  8.27492E+00
  1.02000E+00 -1.69048E+00  2.87865E-01  2.83764E-01  8.28376E+00
  1.03000E+00 -1.66431E+00  2.96326E-01  2.92225E-01  8.29222E+00
  1.03600E+00 -1.64868E+00  3.01196E-01  2.97095E-01  8.29709E+00
  1.04100E+00 -1.63585E+00  3.05043E-01  3.00942E-01  8.30094E+00
  1.05500E+00 -1.60074E+00  3.15137E-01  3.11037E-01  8.31104E+00
  1.07000E+00 -1.56447E+00  3.25152E-01  3.21052E-01  8.32105E+00
  1.08500E+00 -1.52897E+00  3.34243E-01  3.30142E-01  8.33014E+00
  1.10000E+00 -1.49475E+00  3.42319E-01  3.38219E-01  8.33822E+00
  1.11500E+00 -1.46164E+00  3.49735E-01  3.45635E-01  8.34563E+00
  1.13000E+00 -1.42946E+00  3.56277E-01  3.52176E-01  8.35218E+00
  1.14000E+00 -1.40888E+00  3.60232E-01  3.56131E-01  8.35613E+00
  1.15000E+00 -1.38829E+00  3.63950E-01  3.59850E-01  8.35985E+00
  1.16000E+00 -1.36850E+00  3.67390E-01  3.63290E-01  8.36329E+00
  1.17000E+00 -1.34870E+00  3.70508E-01  3.66407E-01  8.36641E+00
  1.18500E+00 -1.32017E+00  3.74710E-01  3.70609E-01  8.37061E+00
  1.20000E+00 -1.29260E+00  3.78411E-01  3.74311E-01  8.37431E+00
  1.21500E+00 -1.26593E+00  3.81681E-01  3.77581E-01  8.37758E+00
  1.23000E+00 -1.24013E+00  3.84603E-01  3.80503E-01  8.38050E+00
  1.24200E+00 -1.21997E+00  3.86680E-01  3.82579E-01  8.38258E+00
  1.25400E+00 -1.20033E+00  3.88486E-01  3.84386E-01  8.38439E+00
  1.27000E+00 -1.17492E+00  3.90561E-01  3.86461E-01  8.38646E+00
  1.29000E+00 -1.14433E+00  3.92725E-01  3.88624E-01  8.38862E+00
  1.30500E+00 -1.12216E+00  3.93962E-01  3.89861E-01  8.38986E+00
  1.32000E+00 -1.10056E+00  3.95226E-01  3.91125E-01  8.39113E+00
  1.33500E+00 -1.07961E+00  3.95991E-01  3.91890E-01  8.39189E+00
  1.35000E+00 -1.05928E+00  3.96781E-01  3.92680E-01  8.39268E+00
  1.36500E+00 -1.03938E+00  3.97151E-01  3.93050E-01  8.39305E+00
  1.38000E+00 -1.02007E+00  3.97542E-01  3.93442E-01  8.39344E+00
  1.39500E+00 -1.00132E+00  3.97586E-01  3.93486E-01  8.39349E+00
  1.41000E+00 -9.82992E-01  3.97651E-01  3.93551E-01  8.39355E+00
  1.44000E+00 -9.47785E-01  3.97030E-01  3.92930E-01  8.39293E+00
  1.47000E+00 -9.14354E-01  3.95934E-01  3.91833E-01  8.39183E+00
  1.48500E+00 -8.98286E-01  3.95129E-01  3.91028E-01  8.39103E+00
  1.50000E+00 -8.82659E-01  3.94338E-01  3.90238E-01  8.39024E+00
  1.51500E+00 -8.67275E-01  3.93301E-01  3.89200E-01  8.38920E+00
  1.53000E+00 -8.52307E-01  3.92276E-01  3.88175E-01  8.38818E+00
  1.55000E+00 -8.32970E-01  3.90510E-01  3.86410E-01  8.38641E+00
  1.57000E+00 -8.14312E-01  3.88765E-01  3.84665E-01  8.38467E+00
  1.59000E+00 -7.96301E-01  3.86742E-01  3.82642E-01  8.38264E+00
  1.61000E+00 -7.78907E-01  3.84737E-01  3.80637E-01  8.38064E+00
  1.63000E+00 -7.62100E-01  3.82583E-01  3.78483E-01  8.37848E+00
  1.65000E+00 -7.45855E-01  3.80445E-01  3.76345E-01  8.37635E+00
  1.67000E+00 -7.29986E-01  3.78141E-01  3.74041E-01  8.37404E+00
  1.69000E+00 -7.14638E-01  3.75852E-01  3.71751E-01  8.37175E+00
  1.71000E+00 -6.99788E-01  3.73380E-01  3.69279E-01  8.36928E+00
  1.73000E+00 -6.85413E-01  3.70922E-01  3.66822E-01  8.36682E+00
  1.75000E+00 -6.71494E-01  3.68378E-01  3.64278E-01  8.36428E+00
  1.77000E+00 -6.58011E-01  3.65845E-01  3.61745E-01  8.36175E+00
  1.80000E+00 -6.38565E-01  3.62068E-01  3.57968E-01  8.35797E+00
  1.82000E+00 -6.25938E-01  3.59475E-01  3.55375E-01  8.35537E+00
  1.85000E+00 -6.07713E-01  3.55603E-01  3.51503E-01  8.35150E+00
  1.87000E+00 -5.96017E-01  3.52954E-01  3.48853E-01  8.34885E+00
  1.90000E+00 -5.79117E-01  3.48995E-01  3.44894E-01  8.34489E+00
  1.92000E+00 -5.68168E-01  3.46311E-01  3.42211E-01  8.34221E+00
  1.95000E+00 -5.52336E-01  3.42300E-01  3.38200E-01  8.33820E+00
  1.97000E+00 -5.42157E-01  3.39635E-01  3.35535E-01  8.33554E+00
  2.00000E+00 -5.27425E-01  3.35651E-01  3.31551E-01  8.33155E+00
  2.03000E+00 -5.13171E-01  3.31637E-01  3.27537E-01  8.32754E+00
  2.07000E+00 -4.95072E-01  3.26306E-01  3.22206E-01  8.32221E+00
  2.11000E+00 -4.77939E-01  3.20997E-01  3.16897E-01  8.31690E+00
  2.15000E+00 -4.61704E-01  3.15709E-01  3.11608E-01  8.31161E+00
  2.18000E+00 -4.49995E-01  3.11822E-01  3.07721E-01  8.30772E+00
  2.22000E+00 -4.35082E-01  3.06654E-01  3.02553E-01  8.30255E+00
  2.26000E+00 -4.20915E-01  3.01615E-01  2.97514E-01  8.29751E+00
  2.30000E+00 -4.07447E-01  2.96590E-01  2.92490E-01  8.29249E+00
  2.32000E+00 -4.00908E-01  2.94169E-01  2.90069E-01  8.29007E+00
  2.35000E+00 -3.91397E-01  2.90542E-01  2.86442E-01  8.28644E+00
  2.37000E+00 -3.85247E-01  2.88129E-01  2.84029E-01  8.28403E+00
  2.40000E+00 -3.76297E-01  2.84514E-01  2.80414E-01  8.28041E+00
  2.42000E+00 -3.70470E-01  2.82197E-01  2.78097E-01  8.27810E+00
  2.45000E+00 -3.61985E-01  2.78727E-01  2.74627E-01  8.27463E+00
  2.48000E+00 -3.53794E-01  2.75263E-01  2.71162E-01  8.27116E+00
  2.50000E+00 -3.48491E-01  2.72956E-01  2.68855E-01  8.26886E+00
  2.53000E+00 -3.40701E-01  2.69637E-01  2.65536E-01  8.26554E+00
  2.56000E+00 -3.33174E-01  2.66323E-01  2.62222E-01  8.26222E+00
  2.59000E+00 -3.25898E-01  2.63013E-01  2.58912E-01  8.25891E+00
  2.62100E+00 -3.18631E-01  2.59599E-01  2.55498E-01  8.25550E+00
  2.62200E+00 -3.18401E-01  2.59490E-01  2.55390E-01  8.25539E+00
  2.62300E+00 -3.18171E-01  2.59383E-01  2.55282E-01  8.25528E+00
  2.67000E+00 -3.07640E-01  2.54445E-01  2.50344E-01  8.25034E+00
  2.71000E+00 -2.99091E-01  2.50251E-01  2.46150E-01  8.24615E+00
  2.75000E+00 -2.90900E-01  2.46272E-01  2.42171E-01  8.24217E+00
  2.80000E+00 -2.81133E-01  2.41308E-01  2.37207E-01  8.23721E+00
  2.85000E+00 -2.71767E-01  2.36589E-01  2.32488E-01  8.23249E+00
  2.90000E+00 -2.62868E-01  2.31879E-01  2.27778E-01  8.22778E+00
  2.95000E+00 -2.54405E-01  2.27341E-01  2.23240E-01  8.22324E+00
  2.98000E+00 -2.49524E-01  2.24712E-01  2.20612E-01  8.22061E+00
  3.00000E+00 -2.46350E-01  2.22961E-01  2.18861E-01  8.21886E+00
  3.03000E+00 -2.41643E-01  2.20444E-01  2.16344E-01  8.21634E+00
  3.07000E+00 -2.35578E-01  2.17093E-01  2.12993E-01  8.21299E+00
  3.11000E+00 -2.29740E-01  2.13746E-01  2.09646E-01  8.20965E+00
  3.15000E+00 -2.24118E-01  2.10402E-01  2.06302E-01  8.20630E+00
  3.18000E+00 -2.20038E-01  2.08073E-01  2.03973E-01  8.20397E+00
  3.22000E+00 -2.14770E-01  2.04970E-01  2.00870E-01  8.20087E+00
  3.26000E+00 -2.09691E-01  2.01871E-01  1.97771E-01  8.19777E+00
  3.30000E+00 -2.04792E-01  1.98775E-01  1.94675E-01  8.19467E+00
  3.35000E+00 -1.98872E-01  1.95155E-01  1.91055E-01  8.19106E+00
  3.40000E+00 -1.93207E-01  1.91540E-01  1.87440E-01  8.18744E+00
  3.45000E+00 -1.87782E-01  1.88112E-01  1.84012E-01  8.18401E+00
  3.50000E+00 -1.82585E-01  1.84687E-01  1.80587E-01  8.18059E+00
  3.53000E+00 -1.79545E-01  1.82756E-01  1.78656E-01  8.17866E+00
  3.57000E+00 -1.75609E-01  1.80183E-01  1.76083E-01  8.17608E+00
  3.61000E+00 -1.71802E-01  1.77612E-01  1.73512E-01  8.17351E+00
  3.65000E+00 -1.68118E-01  1.75043E-01  1.70943E-01  8.17094E+00
  3.68000E+00 -1.65433E-01  1.73255E-01  1.69155E-01  8.16915E+00
  3.72000E+00 -1.61951E-01  1.70872E-01  1.66772E-01  8.16677E+00
  3.76000E+00 -1.58580E-01  1.68491E-01  1.64391E-01  8.16439E+00
  3.80000E+00 -1.55313E-01  1.66112E-01  1.62012E-01  8.16201E+00
  3.85000E+00 -1.51346E-01  1.63323E-01  1.59223E-01  8.15922E+00
  3.90000E+00 -1.47529E-01  1.60537E-01  1.56437E-01  8.15644E+00
  3.95000E+00 -1.43855E-01  1.57885E-01  1.53785E-01  8.15379E+00
  4.00000E+00 -1.40318E-01  1.55236E-01  1.51136E-01  8.15114E+00
  4.02000E+00 -1.38930E-01  1.54214E-01  1.50114E-01  8.15011E+00
  4.04000E+00 -1.37563E-01  1.53193E-01  1.49093E-01  8.14909E+00
  4.06000E+00 -1.36216E-01  1.52189E-01  1.48088E-01  8.14809E+00
  4.08600E+00 -1.34495E-01  1.50884E-01  1.46783E-01  8.14678E+00
  4.14000E+00 -1.31022E-01  1.48266E-01  1.44165E-01  8.14416E+00
  4.19000E+00 -1.27925E-01  1.45843E-01  1.41742E-01  8.14174E+00
  4.25000E+00 -1.24352E-01  1.43088E-01  1.38988E-01  8.13899E+00
  4.30000E+00 -1.21487E-01  1.40794E-01  1.36694E-01  8.13669E+00
  4.35000E+00 -1.18703E-01  1.38611E-01  1.34511E-01  8.13451E+00
  4.40000E+00 -1.16013E-01  1.36430E-01  1.32329E-01  8.13233E+00
  4.45000E+00 -1.13413E-01  1.34345E-01  1.30245E-01  8.13024E+00
  4.50000E+00 -1.10900E-01  1.32261E-01  1.28161E-01  8.12816E+00
  4.58000E+00 -1.07034E-01  1.29109E-01  1.25009E-01  8.12501E+00
  4.65000E+00 -1.03814E-01  1.26354E-01  1.22254E-01  8.12225E+00
  4.73000E+00 -1.00309E-01  1.23409E-01  1.19308E-01  8.11931E+00
  4.80000E+00 -9.73848E-02  1.20835E-01  1.16734E-01  8.11673E+00
  4.85000E+00 -9.53661E-02  1.19097E-01  1.14997E-01  8.11500E+00
  4.90000E+00 -9.34093E-02  1.17360E-01  1.13260E-01  8.11326E+00
  4.95000E+00 -9.15120E-02  1.15701E-01  1.11600E-01  8.11160E+00
  5.00000E+00 -8.96716E-02  1.14042E-01  1.09941E-01  8.10994E+00
  5.05000E+00 -8.78727E-02  1.12452E-01  1.08351E-01  8.10835E+00
  5.10000E+00 -8.61271E-02  1.10862E-01  1.06761E-01  8.10676E+00
  5.15000E+00 -8.44327E-02  1.09333E-01  1.05232E-01  8.10523E+00
  5.20000E+00 -8.27875E-02  1.07804E-01  1.03703E-01  8.10370E+00
  5.26000E+00 -8.08756E-02  1.06085E-01  1.01984E-01  8.10198E+00
  5.31000E+00 -7.93322E-02  1.04652E-01  1.00552E-01  8.10055E+00
  5.36000E+00 -7.78323E-02  1.03221E-01  9.91204E-02  8.09912E+00
  5.41472E+00 -7.62387E-02  1.01655E-01  9.75546E-02  8.09755E+00
  5.49000E+00 -7.41248E-02  9.96602E-02  9.55600E-02  8.09556E+00
  5.56000E+00 -7.22257E-02  9.78068E-02  9.37064E-02  8.09371E+00
  5.63000E+00 -7.03965E-02  9.60498E-02  9.19494E-02  8.09195E+00
  5.70000E+00 -6.86353E-02  9.42939E-02  9.01935E-02  8.09019E+00
  5.78000E+00 -6.67016E-02  9.23970E-02  8.82967E-02  8.08830E+00
  5.85000E+00 -6.50753E-02  9.07382E-02  8.66379E-02  8.08664E+00
  5.92000E+00 -6.35074E-02  8.91762E-02  8.50758E-02  8.08508E+00
  6.00000E+00 -6.17833E-02  8.73919E-02  8.32915E-02  8.08329E+00
  6.05000E+00 -6.07336E-02  8.63470E-02  8.22466E-02  8.08225E+00
  6.10000E+00 -5.97101E-02  8.53024E-02  8.12020E-02  8.08120E+00
  6.20000E+00 -5.77385E-02  8.32144E-02  7.91141E-02  8.07911E+00
  6.30000E+00 -5.58621E-02  8.12713E-02  7.71710E-02  8.07717E+00
  6.35000E+00 -5.49576E-02  8.03003E-02  7.61999E-02  8.07620E+00
  6.40384E+00 -5.40078E-02  7.92551E-02  7.51547E-02  8.07515E+00
  6.48000E+00 -5.27052E-02  7.79058E-02  7.38054E-02  8.07381E+00
  6.55000E+00 -5.15437E-02  7.66662E-02  7.25658E-02  8.07257E+00
  6.63000E+00 -5.02599E-02  7.52502E-02  7.11499E-02  8.07115E+00
  6.70000E+00 -4.91751E-02  7.40118E-02  6.99115E-02  8.06991E+00
  6.78000E+00 -4.79772E-02  7.27327E-02  6.86323E-02  8.06863E+00
  6.85000E+00 -4.69642E-02  7.16140E-02  6.75136E-02  8.06751E+00
  6.92000E+00 -4.59825E-02  7.04957E-02  6.63954E-02  8.06640E+00
  7.00000E+00 -4.48974E-02  6.92183E-02  6.51179E-02  8.06512E+00
  7.07000E+00 -4.39731E-02  6.82067E-02  6.41063E-02  8.06411E+00
  7.15000E+00 -4.29508E-02  6.70511E-02  6.29507E-02  8.06295E+00
  7.22000E+00 -4.20848E-02  6.60404E-02  6.19400E-02  8.06194E+00
  7.30000E+00 -4.11264E-02  6.48857E-02  6.07853E-02  8.06079E+00
  7.40000E+00 -3.99731E-02  6.35549E-02  5.94545E-02  8.05945E+00
  7.50000E+00 -3.88670E-02  6.22247E-02  5.81243E-02  8.05812E+00
  7.57000E+00 -3.81153E-02  6.13631E-02  5.72627E-02  8.05726E+00
  7.65000E+00 -3.72822E-02  6.03788E-02  5.62784E-02  8.05628E+00
  7.72000E+00 -3.65750E-02  5.95178E-02  5.54174E-02  8.05542E+00
  7.80000E+00 -3.57909E-02  5.85342E-02  5.44338E-02  8.05443E+00
  7.90000E+00 -3.48451E-02  5.73950E-02  5.32946E-02  8.05329E+00
  8.00000E+00 -3.39357E-02  5.62563E-02  5.21560E-02  8.05216E+00
  8.02000E+00 -3.37575E-02  5.60372E-02  5.19369E-02  8.05194E+00
  8.04778E+00 -3.35121E-02  5.57329E-02  5.16325E-02  8.05163E+00
  8.17000E+00 -3.24632E-02  5.44862E-02  5.03858E-02  8.05039E+00
  8.30000E+00 -3.13999E-02  5.31610E-02  4.90606E-02  8.04906E+00
  8.40000E+00 -3.06165E-02  5.21420E-02  4.80416E-02  8.04804E+00
  8.50000E+00 -2.98615E-02  5.11235E-02  4.70231E-02  8.04702E+00
  8.65000E+00 -2.87743E-02  4.97883E-02  4.56879E-02  8.04569E+00
  8.80000E+00 -2.77443E-02  4.84539E-02  4.43535E-02  8.04435E+00
  8.90000E+00 -2.70875E-02  4.75648E-02  4.34644E-02  8.04346E+00
  9.00000E+00 -2.64534E-02  4.66760E-02  4.25756E-02  8.04258E+00
  9.15000E+00 -2.55400E-02  4.55114E-02  4.14110E-02  8.04141E+00
  9.30000E+00 -2.46722E-02  4.43476E-02  4.02472E-02  8.04025E+00
  9.40000E+00 -2.41176E-02  4.35720E-02  3.94716E-02  8.03947E+00
  9.50000E+00 -2.35811E-02  4.27967E-02  3.86963E-02  8.03870E+00
  9.65000E+00 -2.28051E-02  4.17748E-02  3.76744E-02  8.03767E+00
  9.80000E+00 -2.20660E-02  4.07535E-02  3.66531E-02  8.03665E+00
  9.90000E+00 -2.15926E-02  4.00729E-02  3.59725E-02  8.03597E+00
  1.00000E+01 -2.11340E-02  3.93925E-02  3.52921E-02  8.03529E+00
  1.01500E+01 -2.04700E-02  3.85003E-02  3.43999E-02  8.03440E+00
  1.03000E+01 -1.98362E-02  3.76085E-02  3.35081E-02  8.03351E+00
  1.04500E+01 -1.92308E-02  3.67171E-02  3.26167E-02  8.03262E+00
  1.06000E+01 -1.86520E-02  3.58261E-02  3.17257E-02  8.03173E+00
  1.07500E+01 -1.80985E-02  3.50269E-02  3.09265E-02  8.03093E+00
  1.09000E+01 -1.75669E-02  3.42279E-02  3.01275E-02  8.03013E+00
  1.11000E+01 -1.68920E-02  3.32347E-02  2.91343E-02  8.02913E+00
  1.11600E+01 -1.66969E-02  3.29369E-02  2.88365E-02  8.02884E+00
  1.12200E+01 -1.65051E-02  3.26391E-02  2.85387E-02  8.02854E+00
  1.13600E+01 -1.60699E-02  3.20036E-02  2.79032E-02  8.02790E+00
  1.15000E+01 -1.56513E-02  3.13683E-02  2.72679E-02  8.02727E+00
  1.16000E+01 -1.53610E-02  3.09147E-02  2.68143E-02  8.02681E+00
  1.17000E+01 -1.50785E-02  3.04612E-02  2.63608E-02  8.02636E+00
  1.19000E+01 -1.45358E-02  2.96360E-02  2.55356E-02  8.02554E+00
  1.20000E+01 -1.42751E-02  2.92236E-02  2.51232E-02  8.02512E+00
  1.21000E+01 -1.40212E-02  2.88113E-02  2.47109E-02  8.02471E+00
  1.22500E+01 -1.36526E-02  2.82487E-02  2.41483E-02  8.02415E+00
  1.24000E+01 -1.32972E-02  2.76863E-02  2.35859E-02  8.02359E+00
  1.25000E+01 -1.30675E-02  2.73115E-02  2.32111E-02  8.02321E+00
  1.26000E+01 -1.28435E-02  2.69368E-02  2.28364E-02  8.02284E+00
  1.28000E+01 -1.24121E-02  2.62533E-02  2.21529E-02  8.02215E+00
  1.29000E+01 -1.22043E-02  2.59117E-02  2.18113E-02  8.02181E+00
  1.30000E+01 -1.20015E-02  2.55701E-02  2.14697E-02  8.02147E+00
  1.31500E+01 -1.17052E-02  2.51227E-02  2.10223E-02  8.02102E+00
  1.33000E+01 -1.14194E-02  2.46754E-02  2.05750E-02  8.02057E+00
  1.34000E+01 -1.12345E-02  2.43773E-02  2.02769E-02  8.02028E+00
  1.35000E+01 -1.10540E-02  2.40792E-02  1.99788E-02  8.01998E+00
  1.36500E+01 -1.07910E-02  2.36323E-02  1.95319E-02  8.01953E+00
  1.38000E+01 -1.05370E-02  2.31855E-02  1.90851E-02  8.01909E+00
  1.39000E+01 -1.03725E-02  2.28877E-02  1.87873E-02  8.01879E+00
  1.40000E+01 -1.02118E-02  2.25899E-02  1.84895E-02  8.01849E+00
  1.43000E+01 -9.74911E-03  2.18534E-02  1.77530E-02  8.01775E+00
  1.45000E+01 -9.45745E-03  2.13626E-02  1.72622E-02  8.01726E+00
  1.48000E+01 -9.02955E-03  2.06267E-02  1.65263E-02  8.01653E+00
  1.50000E+01 -8.75446E-03  2.01364E-02  1.60360E-02  8.01604E+00
  1.51500E+01 -8.55561E-03  1.98102E-02  1.57098E-02  8.01571E+00
  1.53000E+01 -8.36316E-03  1.94841E-02  1.53837E-02  8.01538E+00
  1.54500E+01 -8.17692E-03  1.91580E-02  1.50576E-02  8.01506E+00
  1.56000E+01 -7.99667E-03  1.88321E-02  1.47317E-02  8.01473E+00
  1.57500E+01 -7.82206E-03  1.85322E-02  1.44318E-02  8.01443E+00
  1.59000E+01 -7.65384E-03  1.82325E-02  1.41321E-02  8.01413E+00
  1.60500E+01 -7.49125E-03  1.79328E-02  1.38324E-02  8.01383E+00
  1.62000E+01 -7.33358E-03  1.76332E-02  1.35328E-02  8.01353E+00
  1.63500E+01 -7.18593E-03  1.73763E-02  1.32759E-02  8.01328E+00
  1.65000E+01 -7.04255E-03  1.71196E-02  1.30192E-02  8.01302E+00
  1.66500E+01 -6.90323E-03  1.68629E-02  1.27625E-02  8.01276E+00
  1.68000E+01 -6.76787E-03  1.66062E-02  1.25058E-02  8.01251E+00
  1.69500E+01 -6.63634E-03  1.63496E-02  1.22492E-02  8.01225E+00
  1.71000E+01 -6.50848E-03  1.60931E-02  1.19927E-02  8.01199E+00
  1.73000E+01 -6.34350E-03  1.57511E-02  1.16507E-02  8.01165E+00
  1.74790E+01 -6.20056E-03  1.54451E-02  1.13447E-02  8.01134E+00
  1.76000E+01 -6.10657E-03  1.52751E-02  1.11747E-02  8.01117E+00
  1.78000E+01 -5.95570E-03  1.49941E-02  1.08937E-02  8.01089E+00
  1.81000E+01 -5.73920E-03  1.45728E-02  1.04724E-02  8.01047E+00
  1.84000E+01 -5.53366E-03  1.41517E-02  1.00513E-02  8.01005E+00
  1.85500E+01 -5.43488E-03  1.39412E-02  9.84075E-03  8.00984E+00
  1.87000E+01 -5.33864E-03  1.37307E-02  9.63029E-03  8.00963E+00
  1.89000E+01 -5.21412E-03  1.34963E-02  9.39590E-03  8.00940E+00
  1.91000E+01 -5.09356E-03  1.32620E-02  9.16157E-03  8.00916E+00
  1.94000E+01 -4.91989E-03  1.29106E-02  8.81020E-03  8.00881E+00
  1.97000E+01 -4.75467E-03  1.25594E-02  8.45895E-03  8.00846E+00
  2.00000E+01 -4.59737E-03  1.22083E-02  8.10783E-03  8.00811E+00
  2.03000E+01 -4.44694E-03  1.19092E-02  7.80877E-03  8.00781E+00
  2.06000E+01 -4.30354E-03  1.16102E-02  7.50981E-03  8.00751E+00
  2.09000E+01 -4.16673E-03  1.13114E-02  7.21096E-03  8.00721E+00
  2.11000E+01 -4.07900E-03  1.11122E-02  7.01178E-03  8.00701E+00
  2.14000E+01 -3.95233E-03  1.08517E-02  6.75122E-03  8.00675E+00
  2.16000E+01 -3.87103E-03  1.06780E-02  6.57757E-03  8.00658E+00
  2.19000E+01 -3.75354E-03  1.04176E-02  6.31716E-03  8.00632E+00
  2.20300E+01 -3.70423E-03  1.03048E-02  6.20434E-03  8.00620E+00
  2.21630E+01 -3.65474E-03  1.01894E-02  6.08893E-03  8.00609E+00
  2.25000E+01 -3.53356E-03  9.95637E-03  5.85595E-03  8.00586E+00
  2.29000E+01 -3.39713E-03  9.67995E-03  5.57953E-03  8.00558E+00
  2.33000E+01 -3.26771E-03  9.40365E-03  5.30323E-03  8.00530E+00
  2.36000E+01 -3.17515E-03  9.19650E-03  5.09608E-03  8.00510E+00
  2.40000E+01 -3.05753E-03  8.92039E-03  4.81998E-03  8.00482E+00
  2.43000E+01 -2.97340E-03  8.71337E-03  4.61296E-03  8.00461E+00
  2.47000E+01 -2.86634E-03  8.43742E-03  4.33702E-03  8.00434E+00
  2.50000E+01 -2.78967E-03  8.23052E-03  4.13012E-03  8.00413E+00
  2.53000E+01 -2.71561E-03  8.07556E-03  3.97516E-03  8.00398E+00
  2.56000E+01 -2.64436E-03  7.92063E-03  3.82023E-03  8.00382E+00
  2.59000E+01 -2.57578E-03  7.76575E-03  3.66535E-03  8.00367E+00
  2.62000E+01 -2.50974E-03  7.61092E-03  3.51052E-03  8.00351E+00
  2.65000E+01 -2.44611E-03  7.45612E-03  3.35572E-03  8.00336E+00
  2.68000E+01 -2.38479E-03  7.30135E-03  3.20095E-03  8.00320E+00
  2.71000E+01 -2.32566E-03  7.14663E-03  3.04623E-03  8.00305E+00
  2.74700E+01 -2.25560E-03  6.95584E-03  2.85544E-03  8.00286E+00
  2.78000E+01 -2.19566E-03  6.81484E-03  2.71444E-03  8.00271E+00
  2.81000E+01 -2.14309E-03  6.68669E-03  2.58629E-03  8.00259E+00
  2.84000E+01 -2.09220E-03  6.55857E-03  2.45817E-03  8.00246E+00
  2.87000E+01 -2.04303E-03  6.43048E-03  2.33008E-03  8.00233E+00
  2.91000E+01 -1.98003E-03  6.27890E-03  2.17850E-03  8.00218E+00
  2.94000E+01 -1.93461E-03  6.16524E-03  2.06484E-03  8.00206E+00
  2.97000E+01 -1.89067E-03  6.05161E-03  1.95121E-03  8.00195E+00
  3.00000E+01 -1.84815E-03  5.93800E-03  1.83760E-03  8.00184E+00
  3.04000E+01 -1.79344E-03  5.82661E-03  1.72621E-03  8.00173E+00
  3.08000E+01 -1.74103E-03  5.71527E-03  1.61487E-03  8.00161E+00
  3.12000E+01 -1.69080E-03  5.60396E-03  1.50356E-03  8.00150E+00
  3.15000E+01 -1.65449E-03  5.52050E-03  1.42010E-03  8.00142E+00
  3.19000E+01 -1.60780E-03  5.40924E-03  1.30884E-03  8.00131E+00
  3.23000E+01 -1.56298E-03  5.29802E-03  1.19762E-03  8.00120E+00
  3.26000E+01 -1.53054E-03  5.21463E-03  1.11423E-03  8.00111E+00
  3.30000E+01 -1.48877E-03  5.10346E-03  1.00306E-03  8.00100E+00
  3.34000E+01 -1.44851E-03  4.99232E-03  8.91921E-04  8.00089E+00
  3.38000E+01 -1.40979E-03  4.88120E-03  7.80806E-04  8.00078E+00
  3.41000E+01 -1.38172E-03  4.79788E-03  6.97487E-04  8.00070E+00
  3.45000E+01 -1.34553E-03  4.68681E-03  5.86415E-04  8.00059E+00
  3.53000E+01 -1.27707E-03  4.46474E-03  3.64340E-04  8.00036E+00
  3.60300E+01 -1.21880E-03  4.26217E-03  1.61771E-04  8.00016E+00
  3.65000E+01 -1.18329E-03  4.17443E-03  7.40300E-05  8.00007E+00
  3.70000E+01 -1.14712E-03  4.08111E-03 -1.92833E-05  7.99998E+00
  3.75000E+01 -1.11252E-03  3.98783E-03 -1.12569E-04  7.99989E+00
  3.80000E+01 -1.07940E-03  3.89457E-03 -2.05830E-04  7.99979E+00
  3.85000E+01 -1.04768E-03  3.80133E-03 -2.99065E-04  7.99970E+00
  3.90000E+01 -1.01729E-03  3.70812E-03 -3.92278E-04  7.99961E+00
  3.95000E+01 -9.88143E-04  3.61493E-03 -4.85469E-04  7.99951E+00
  4.00000E+01 -9.60186E-04  3.52176E-03 -5.78638E-04  7.99942E+00
  4.08000E+01 -9.17633E-04  3.41531E-03 -6.85087E-04  7.99931E+00
  4.15000E+01 -8.82586E-04  3.32221E-03 -7.78191E-04  7.99922E+00
  4.23000E+01 -8.44842E-04  3.21585E-03 -8.84555E-04  7.99912E+00
  4.30000E+01 -8.13690E-04  3.12281E-03 -9.77590E-04  7.99902E+00
  4.38000E+01 -7.80069E-04  3.01652E-03 -1.08388E-03  7.99892E+00
  4.45000E+01 -7.52265E-04  2.92355E-03 -1.17685E-03  7.99882E+00
  4.53000E+01 -7.22176E-04  2.81732E-03 -1.28308E-03  7.99872E+00
  4.60000E+01 -6.97214E-04  2.72440E-03 -1.37600E-03  7.99862E+00
  4.65000E+01 -6.80136E-04  2.67576E-03 -1.42464E-03  7.99858E+00
  4.70000E+01 -6.63653E-04  2.62714E-03 -1.47326E-03  7.99853E+00
  4.80000E+01 -6.32363E-04  2.52991E-03 -1.57049E-03  7.99843E+00
  4.90000E+01 -6.03148E-04  2.43273E-03 -1.66767E-03  7.99833E+00
  4.95000E+01 -5.89264E-04  2.38415E-03 -1.71625E-03  7.99828E+00
  5.00000E+01 -5.75834E-04  2.33558E-03 -1.76482E-03  7.99824E+00
  5.10000E+01 -5.50196E-04  2.26437E-03 -1.83603E-03  7.99816E+00
  5.20000E+01 -5.26165E-04  2.19320E-03 -1.90720E-03  7.99809E+00
  5.30000E+01 -5.03611E-04  2.12205E-03 -1.97835E-03  7.99802E+00
  5.40000E+01 -4.82419E-04  2.05093E-03 -2.04947E-03  7.99795E+00
  5.50000E+01 -4.62484E-04  1.97983E-03 -2.12057E-03  7.99788E+00
  5.60000E+01 -4.43710E-04  1.90875E-03 -2.19165E-03  7.99781E+00
  5.68000E+01 -4.29468E-04  1.85191E-03 -2.24849E-03  7.99775E+00
  5.75300E+01 -4.17038E-04  1.80004E-03 -2.30036E-03  7.99770E+00
  5.80000E+01 -4.09306E-04  1.77394E-03 -2.32646E-03  7.99767E+00
  5.85000E+01 -4.01305E-04  1.74618E-03 -2.35422E-03  7.99765E+00
  5.95400E+01 -3.85366E-04  1.68845E-03 -2.41195E-03  7.99759E+00
  6.00000E+01 -3.78604E-04  1.66439E-03 -2.43601E-03  7.99756E+00
  6.15000E+01 -3.57667E-04  1.59759E-03 -2.50281E-03  7.99750E+00
  6.30000E+01 -3.38352E-04  1.53083E-03 -2.56957E-03  7.99743E+00
  6.50000E+01 -3.14846E-04  1.44185E-03 -2.65855E-03  7.99734E+00
  6.68300E+01 -2.95338E-04  1.36048E-03 -2.73992E-03  7.99726E+00
  6.80000E+01 -2.83762E-04  1.31864E-03 -2.78175E-03  7.99722E+00
  7.00000E+01 -2.65430E-04  1.24715E-03 -2.85324E-03  7.99715E+00
  7.20000E+01 -2.48749E-04  1.18634E-03 -2.91405E-03  7.99709E+00
  7.49600E+01 -2.26698E-04  1.09640E-03 -3.00400E-03  7.99700E+00
  7.60000E+01 -2.19614E-04  1.06884E-03 -3.03156E-03  7.99697E+00
  7.71100E+01 -2.12399E-04  1.03943E-03 -3.06096E-03  7.99694E+00
  7.86000E+01 -2.03236E-04  1.00336E-03 -3.09703E-03  7.99690E+00
  8.00000E+01 -1.95135E-04  9.69487E-04 -3.13091E-03  7.99687E+00
  8.30000E+01 -1.79640E-04  9.11314E-04 -3.18908E-03  7.99681E+00
  8.50000E+01 -1.70280E-04  8.72554E-04 -3.22784E-03  7.99677E+00
  8.80000E+01 -1.57510E-04  8.14442E-04 -3.28596E-03  7.99671E+00
  9.00000E+01 -1.49753E-04  7.75719E-04 -3.32468E-03  7.99668E+00
  9.30000E+01 -1.39143E-04  7.33616E-04 -3.36678E-03  7.99663E+00
  9.50000E+01 -1.32665E-04  7.05561E-04 -3.39484E-03  7.99661E+00
  9.80000E+01 -1.23736E-04  6.63498E-04 -3.43690E-03  7.99656E+00
  1.00000E+02 -1.18259E-04  6.35467E-04 -3.46493E-03  7.99654E+00
  1.05000E+02 -1.05922E-04  5.99679E-04 -3.50072E-03  7.99650E+00
  1.10000E+02 -9.53595E-05  5.63934E-04 -3.53646E-03  7.99646E+00
  1.15000E+02 -8.62521E-05  5.28223E-04 -3.57217E-03  7.99643E+00
  1.20000E+02 -7.83485E-05  4.92542E-04 -3.60785E-03  7.99639E+00
  1.27000E+02 -6.89333E-05  4.42629E-04 -3.65777E-03  7.99634E+00
  1.33000E+02 -6.21094E-05  3.99877E-04 -3.70052E-03  7.99630E+00
  1.39000E+02 -5.62191E-05  3.57148E-04 -3.74325E-03  7.99626E+00
  1.45400E+02 -5.07852E-05  3.11593E-04 -3.78880E-03  7.99621E+00
  1.48000E+02 -4.87927E-05  3.01393E-04 -3.79900E-03  7.99620E+00
  1.50000E+02 -4.73360E-05  2.93548E-04 -3.80685E-03  7.99619E+00
  1.58000E+02 -4.20956E-05  2.73501E-04 -3.82690E-03  7.99617E+00
  1.65000E+02 -3.81702E-05  2.55978E-04 -3.84442E-03  7.99616E+00
  1.73000E+02 -3.43000E-05  2.35967E-04 -3.86443E-03  7.99614E+00
  1.80000E+02 -3.13615E-05  2.18470E-04 -3.88193E-03  7.99612E+00
  1.90000E+02 -2.77572E-05  1.93491E-04 -3.90691E-03  7.99609E+00
  2.00000E+02 -2.47215E-05  1.68527E-04 -3.93187E-03  7.99607E+00
  2.10000E+02 -2.22971E-05  1.56286E-04 -3.94411E-03  7.99606E+00
  2.20000E+02 -2.02072E-05  1.44056E-04 -3.95634E-03  7.99604E+00
  2.44700E+02 -1.61327E-05  1.13881E-04 -3.98651E-03  7.99601E+00
  2.60000E+02 -1.41893E-05  1.02431E-04 -3.99797E-03  7.99600E+00
  2.79200E+02 -1.22035E-05  8.80783E-05 -4.01232E-03  7.99599E+00
  3.00000E+02 -1.04821E-05  7.64899E-05 -4.02391E-03  7.99598E+00
  3.16500E+02 -9.44386E-06  6.88380E-05 -4.03156E-03  7.99597E+00
  3.20100E+02 -9.23805E-06  6.73268E-05 -4.03307E-03  7.99597E+00
  3.44300E+02 -8.01521E-06  5.83558E-05 -4.04204E-03  7.99596E+00
  4.00000E+02 -5.98431E-06  4.34153E-05 -4.05698E-03  7.99594E+00
  4.11100E+02 -5.70129E-06  4.11140E-05 -4.05928E-03  7.99594E+00
  4.11800E+02 -5.68414E-06  4.09755E-05 -4.05942E-03  7.99594E+00
  4.44000E+02 -4.97506E-06  3.53011E-05 -4.06510E-03  7.99593E+00
  4.68050E+02 -4.53164E-06  3.17968E-05 -4.06860E-03  7.99593E+00
  5.00000E+02 -4.03185E-06  2.78719E-05 -4.07252E-03  7.99593E+00
  6.00000E+02 -3.03021E-06  1.93727E-05 -4.08103E-03  7.99592E+00
  6.61600E+02 -2.61531E-06  1.59105E-05 -4.08448E-03  7.99592E+00
  7.00000E+02 -2.42476E-06  1.42054E-05 -4.08619E-03  7.99591E+00
  7.23300E+02 -2.32063E-06  1.33023E-05 -4.08710E-03  7.99591E+00
  7.78900E+02 -2.10132E-06  1.14623E-05 -4.08893E-03  7.99591E+00
  8.00000E+02 -2.02736E-06  1.08567E-05 -4.08954E-03  7.99591E+00
  8.67400E+02 -1.85030E-06  9.22316E-06 -4.09117E-03  7.99591E+00
  8.89200E+02 -1.79911E-06  8.77685E-06 -4.09162E-03  7.99591E+00
  9.00000E+02 -1.77473E-06  8.56814E-06 -4.09183E-03  7.99591E+00
  9.64000E+02 -1.64216E-06  7.47906E-06 -4.09291E-03  7.99591E+00
  1.00000E+03 -1.57550E-06  6.97525E-06 -4.09343E-03  7.99591E+00
  1.00480E+03 -1.55871E-06  6.91619E-06 -4.09348E-03  7.99591E+00
  1.08580E+03 -1.36301E-06  5.88191E-06 -4.09451E-03  7.99591E+00
  1.12050E+03 -1.32110E-06  5.50372E-06 -4.09489E-03  7.99591E+00
  1.12110E+03 -1.32038E-06  5.49755E-06 -4.09490E-03  7.99591E+00
  1.17320E+03 -1.26538E-06  4.99473E-06 -4.09541E-03  7.99590E+00
  1.27450E+03 -1.18544E-06  4.22733E-06 -4.09617E-03  7.99590E+00
  1.33250E+03 -1.13253E-06  3.86817E-06 -4.09653E-03  7.99590E+00
  1.40800E+03 -1.06855E-06  3.46371E-06 -4.09693E-03  7.99590E+00
  1.50000E+03 -9.97492E-07  3.04714E-06 -4.09735E-03  7.99590E+00
  2.00000E+03 -7.43657E-07  1.70308E-06 -4.09869E-03  7.99590E+00
  3.00000E+03 -5.00030E-07  7.46771E-07 -4.09965E-03  7.99590E+00
  4.00000E+03 -3.79410E-07  4.14512E-07 -4.09998E-03  7.99590E+00
  5.00000E+03 -3.06399E-07  2.62283E-07 -4.10014E-03  7.99590E+00
  5.00027E+03 -3.06384E-07  2.62253E-07 -4.10014E-03  7.99590E+00
  6.00000E+03 -2.57266E-07  1.80358E-07 -4.10022E-03  7.99590E+00
  7.00000E+03 -2.21855E-07  1.31404E-07 -4.10027E-03  7.99590E+00
  8.00000E+03 -1.95036E-07  9.98711E-08 -4.10030E-03  7.99590E+00
  9.00000E+03 -1.74051E-07  7.83863E-08 -4.10032E-03  7.99590E+00
  1.00000E+04 -1.57163E-07  6.31156E-08 -4.10033E-03  7.99590E+00
 *** END OF DATA ***
 
