 TITLE = Anomalous Scattering Factors, 09_F_asf
 # COLUMNS = 5
 LABEL 1 = photon energy, E (keV)
 LABEL 2 = g'' = -f''CL = -f2
 LABEL 3 = g'
 LABEL 4 = f'
 LABEL 5 = f1
 REMARK BEGIN = 09_F_asf
   ASF: ANOMALOUS-SCATTERING-FACTOR CONVERTER, VERSION 9A, May 21, 1996.
   ASF: RUN TIME/DATA/MACHINE= 17:30:16 May 23, 1996 www-phys
   INPUT G' FILE=  /home/rayleigh/data/asf/gf0sl|m=RE
   INPUT G'' FILE= /home/rayleigh/data/asf/gf0sl|m=IM
   OUTPUT FILE=    09_F_asf
   ASF: # G' VALUES FOUND IN INPUT G' FILE=     1154
   ASF: # G'' VALUES FOUND IN INPUT G'' FILE=   1183
   ASF: # EXPLICIT BOUND-BOUND TRANSITIONS=    112
   ASF: INPUT G'  FILE EKEVMIN, EKEVMAX=   0.00000E+00  1.00000E+04
   ASF: INPUT G'' FILE EKEVMIN, EKEVMAX=   0.00000E+00  1.00000E+04
       OUTPUT FILE EKEVMIN, EKEVMAX=       0.00000E+00  1.00000E+04
   ASF: RETAIN INPUT-FILE ENERGY GRID.
     # UNIQUE G'/G'' ENERGIES=   1465
 REMARK END = 09_F_asf
      E (keV)          g''           g'           f'           f1
  0.00000E+00  0.00000E+00 -8.99276E+00 -8.99820E+00  1.80000E-03
  1.00000E-03  0.00000E+00 -8.99819E+00 -9.00364E+00 -3.63986E-03
  1.50000E-03  0.00000E+00 -9.00502E+00 -9.01046E+00 -1.04640E-02
  2.00000E-03  0.00000E+00 -9.01466E+00 -9.02010E+00 -2.01033E-02
  3.00000E-03  0.00000E+00 -9.04266E+00 -9.04810E+00 -4.80973E-02
  4.00000E-03  0.00000E+00 -9.08308E+00 -9.08852E+00 -8.85224E-02
  5.00000E-03  0.00000E+00 -9.13736E+00 -9.14281E+00 -1.42808E-01
  6.00000E-03  0.00000E+00 -9.20771E+00 -9.21315E+00 -2.13146E-01
  6.33767E-03  0.00000E+00 -9.23564E+00 -9.24109E+00 -2.41087E-01
  7.00000E-03  0.00000E+00 -9.29755E+00 -9.30300E+00 -3.03001E-01
  8.00000E-03  0.00000E+00 -9.41259E+00 -9.41803E+00 -4.18031E-01
  9.00000E-03  0.00000E+00 -9.56313E+00 -9.56857E+00 -5.68573E-01
  9.50000E-03  0.00000E+00 -9.65773E+00 -9.66317E+00 -6.63172E-01
  1.00000E-02  0.00000E+00 -9.77139E+00 -9.77684E+00 -7.76844E-01
  1.06000E-02  0.00000E+00 -9.94648E+00 -9.95192E+00 -9.51921E-01
  1.13000E-02  0.00000E+00 -1.02563E+01 -1.02617E+01 -1.26171E+00
  1.20000E-02  0.00000E+00 -1.09525E+01 -1.09579E+01 -1.95793E+00
  1.26753E-02  0.00000E+00 -3.99457E+02 -3.99462E+02 -3.90462E+02
  1.26760E-02 -6.77239E+02 -2.05077E+02 -2.05083E+02 -1.96083E+02
  1.26766E-02 -1.25773E+03 -1.34806E+01 -1.34860E+01 -4.48600E+00
  1.26779E-02  0.00000E+00  3.72493E+02  3.72488E+02  3.81488E+02
  1.27132E-02  0.00000E+00 -3.19370E+00 -3.19914E+00  5.80086E+00
  1.27300E-02  0.00000E+00 -1.33049E+01 -1.33104E+01 -4.31036E+00
  1.27485E-02  0.00000E+00 -1.95298E+02 -1.95304E+02 -1.86304E+02
  1.27492E-02 -3.36768E+02 -9.83558E+01 -9.83613E+01 -8.93613E+01
  1.27498E-02 -6.25426E+02 -3.23499E+00 -3.24043E+00  5.75957E+00
  1.27511E-02  0.00000E+00  1.88833E+02  1.88827E+02  1.97827E+02
  1.31000E-02  0.00000E+00 -8.31437E+00 -8.31981E+00  6.80186E-01
  1.34793E-02  0.00000E+00 -9.40186E+00 -9.40730E+00 -4.07298E-01
  1.38000E-02  0.00000E+00 -9.84512E+00 -9.85056E+00 -8.50563E-01
  1.42076E-02  0.00000E+00 -1.02975E+01 -1.03030E+01 -1.30296E+00
  1.42089E-02 -8.35721E-03 -1.02963E+01 -1.03018E+01 -1.30179E+00
  1.42102E-02  0.00000E+00 -1.02951E+01 -1.03005E+01 -1.30054E+00
  1.42459E-02  0.00000E+00 -1.03373E+01 -1.03428E+01 -1.34278E+00
  1.42817E-02  0.00000E+00 -1.03789E+01 -1.03844E+01 -1.38439E+00
  1.42830E-02 -4.16840E-03 -1.03791E+01 -1.03845E+01 -1.38447E+00
  1.42843E-02  0.00000E+00 -1.03793E+01 -1.03847E+01 -1.38466E+00
  1.47554E-02  0.00000E+00 -1.10512E+01 -1.10566E+01 -2.05660E+00
  1.50000E-02  0.00000E+00 -1.17734E+01 -1.17789E+01 -2.77888E+00
  1.52266E-02  0.00000E+00 -9.66928E+01 -9.66983E+01 -8.76983E+01
  1.52279E-02 -2.65269E+02 -1.25698E+01 -1.25752E+01 -3.57524E+00
  1.52292E-02  0.00000E+00  7.15527E+01  7.15473E+01  8.05473E+01
  1.52644E-02  0.00000E+00 -1.05162E+01 -1.05217E+01 -1.52167E+00
  1.52997E-02  0.00000E+00 -5.26266E+01 -5.26320E+01 -4.36320E+01
  1.53010E-02 -1.32076E+02 -1.08188E+01 -1.08242E+01 -1.82419E+00
  1.53023E-02  0.00000E+00  3.09899E+01  3.09845E+01  3.99845E+01
  1.53813E-02  0.00000E+00 -1.22908E+01 -1.22963E+01 -3.29630E+00
  1.54200E-02  0.00000E+00 -1.48963E+01 -1.49017E+01 -5.90173E+00
  1.54604E-02  0.00000E+00 -1.42745E+02 -1.42750E+02 -1.33750E+02
  1.54610E-02 -1.91765E+02 -8.21474E+01 -8.21529E+01 -7.31529E+01
  1.54617E-02 -4.15490E+02 -1.14508E+01 -1.14562E+01 -2.45616E+00
  1.54630E-02  0.00000E+00  1.19843E+02  1.19837E+02  1.28837E+02
  1.54983E-02  0.00000E+00 -8.07594E+00 -8.08134E+00  9.18657E-01
  1.55336E-02  0.00000E+00 -7.32478E+01 -7.32532E+01 -6.42532E+01
  1.55349E-02 -2.06051E+02 -8.24274E+00 -8.24824E+00  7.51764E-01
  1.55362E-02  0.00000E+00  5.67638E+01  5.67584E+01  6.57584E+01
  1.56600E-02  0.00000E+00 -9.46846E+00 -9.47386E+00 -4.73858E-01
  1.57824E-02  0.00000E+00 -1.05621E+01 -1.05676E+01 -1.56756E+00
  1.59100E-02  0.00000E+00 -1.15239E+01 -1.15294E+01 -2.52944E+00
  1.60286E-02  0.00000E+00 -4.37208E+01 -4.37262E+01 -3.47262E+01
  1.60299E-02 -9.99178E+01 -1.24373E+01 -1.24428E+01 -3.44280E+00
  1.60312E-02  0.00000E+00  1.88455E+01  1.88401E+01  2.78401E+01
  1.60665E-02  0.00000E+00 -1.24260E+01 -1.24314E+01 -3.43138E+00
  1.61018E-02  0.00000E+00 -3.09215E+01 -3.09269E+01 -2.19269E+01
  1.61031E-02 -4.97628E+01 -1.56402E+01 -1.56457E+01 -6.64565E+00
  1.61044E-02  0.00000E+00 -3.95214E-01 -4.00614E-01  8.59939E+00
  1.61134E-02  0.00000E+00 -1.83425E+01 -1.83480E+01 -9.34801E+00
  1.61225E-02  0.00000E+00 -8.12012E+01 -8.12067E+01 -7.22067E+01
  1.61238E-02 -2.26680E+02 -1.03632E+01 -1.03686E+01 -1.36864E+00
  1.61251E-02  0.00000E+00  6.04825E+01  6.04770E+01  6.94770E+01
  1.61603E-02  0.00000E+00 -9.30762E+00 -9.31312E+00 -3.13116E-01
  1.61956E-02  0.00000E+00 -4.48119E+01 -4.48173E+01 -3.58173E+01
  1.61969E-02 -1.12468E+02 -9.69422E+00 -9.69962E+00 -6.99619E-01
  1.61982E-02  0.00000E+00  2.54244E+01  2.54190E+01  3.44190E+01
  1.62902E-02  0.00000E+00 -1.07074E+01 -1.07128E+01 -1.71277E+00
  1.63822E-02  0.00000E+00 -2.73262E+01 -2.73317E+01 -1.83317E+01
  1.63835E-02 -4.83635E+01 -1.22983E+01 -1.23037E+01 -3.30367E+00
  1.63848E-02  0.00000E+00  2.72783E+00  2.72243E+00  1.17224E+01
  1.64069E-02  0.00000E+00 -1.28697E+01 -1.28751E+01 -3.87508E+00
  1.64290E-02  0.00000E+00 -5.10932E+01 -5.10987E+01 -4.20987E+01
  1.64303E-02 -1.27436E+02 -1.14494E+01 -1.14549E+01 -2.45495E+00
  1.64316E-02  0.00000E+00  2.81929E+01  2.81875E+01  3.71875E+01
  1.64434E-02  0.00000E+00 -7.99715E+00 -8.00265E+00  9.97354E-01
  1.64553E-02  0.00000E+00 -1.69464E+01 -1.69518E+01 -7.95183E+00
  1.64566E-02 -2.40894E+01 -9.58453E+00 -9.59003E+00 -5.90031E-01
  1.64579E-02  0.00000E+00 -2.21336E+00 -2.21886E+00  6.78114E+00
  1.64800E-02  0.00000E+00 -1.09617E+01 -1.09672E+01 -1.96722E+00
  1.65022E-02  0.00000E+00 -3.03287E+01 -3.03342E+01 -2.13342E+01
  1.65035E-02 -6.32418E+01 -1.06912E+01 -1.06966E+01 -1.69659E+00
  1.65048E-02  0.00000E+00  8.94694E+00  8.94144E+00  1.79414E+01
  1.65368E-02  0.00000E+00 -1.08402E+01 -1.08457E+01 -1.84566E+00
  1.65688E-02  0.00000E+00 -2.03726E+01 -2.03780E+01 -1.13780E+01
  1.65701E-02 -2.70700E+01 -1.20423E+01 -1.20477E+01 -3.04767E+00
  1.65714E-02  0.00000E+00 -3.71751E+00 -3.72301E+00  5.27699E+00
  1.65834E-02  0.00000E+00 -1.26555E+01 -1.26609E+01 -3.66093E+00
  1.65955E-02  0.00000E+00 -3.48464E+01 -3.48518E+01 -2.58518E+01
  1.65968E-02 -7.72019E+01 -1.09100E+01 -1.09155E+01 -1.91548E+00
  1.65981E-02  0.00000E+00  1.30280E+01  1.30225E+01  2.20225E+01
  1.66200E-02  0.00000E+00 -1.02785E+01 -1.02839E+01 -1.28386E+00
  1.66420E-02  0.00000E+00 -1.56417E+01 -1.56472E+01 -6.64717E+00
  1.66433E-02 -1.34841E+01 -1.15364E+01 -1.15418E+01 -2.54184E+00
  1.66446E-02  0.00000E+00 -7.43377E+00 -7.43927E+00  1.56073E+00
  1.66566E-02  0.00000E+00 -1.22716E+01 -1.22771E+01 -3.27711E+00
  1.66687E-02  0.00000E+00 -2.39250E+01 -2.39305E+01 -1.49305E+01
  1.66700E-02 -3.83167E+01 -1.21789E+01 -1.21844E+01 -3.18439E+00
  1.66713E-02  0.00000E+00 -4.55692E-01 -4.61092E-01  8.53891E+00
  1.66753E-02  0.00000E+00 -1.01048E+01 -1.01103E+01 -1.11027E+00
  1.66793E-02  0.00000E+00 -1.55758E+01 -1.55812E+01 -6.58115E+00
  1.66806E-02 -1.66754E+01 -1.07392E+01 -1.07446E+01 -1.74461E+00
  1.66819E-02  0.00000E+00 -5.87122E+00 -5.87672E+00  3.12328E+00
  1.66889E-02  0.00000E+00 -1.20251E+01 -1.20305E+01 -3.03049E+00
  1.66959E-02  0.00000E+00 -2.57328E+01 -2.57382E+01 -1.67382E+01
  1.66972E-02 -4.99022E+01 -1.03487E+01 -1.03542E+01 -1.35417E+00
  1.66985E-02  0.00000E+00  5.04322E+00  5.03772E+00  1.40377E+01
  1.67248E-02  0.00000E+00 -1.09395E+01 -1.09449E+01 -1.94488E+00
  1.67510E-02  0.00000E+00 -1.89146E+01 -1.89201E+01 -9.92012E+00
  1.67523E-02 -1.93049E+01 -1.31730E+01 -1.31784E+01 -4.17841E+00
  1.67537E-02  0.00000E+00 -7.34401E+00 -7.34941E+00  1.65059E+00
  1.67573E-02  0.00000E+00 -1.31789E+01 -1.31844E+01 -4.18437E+00
  1.67610E-02  0.00000E+00 -2.19495E+01 -2.19550E+01 -1.29550E+01
  1.67623E-02 -3.39816E+01 -1.17598E+01 -1.17652E+01 -2.76523E+00
  1.67636E-02  0.00000E+00 -1.61075E+00 -1.61625E+00  7.38375E+00
  1.67663E-02  0.00000E+00 -9.77364E+00 -9.77904E+00 -7.79043E-01
  1.67691E-02  0.00000E+00 -1.65540E+01 -1.65594E+01 -7.55941E+00
  1.67704E-02 -2.47688E+01 -9.29782E+00 -9.30322E+00 -3.03220E-01
  1.67717E-02  0.00000E+00 -1.94383E+00 -1.94923E+00  7.05077E+00
  1.67848E-02  0.00000E+00 -1.05281E+01 -1.05336E+01 -1.53358E+00
  1.67980E-02  0.00000E+00 -1.43650E+01 -1.43704E+01 -5.37035E+00
  1.67993E-02 -7.63498E+00 -1.22709E+01 -1.22763E+01 -3.27625E+00
  1.68006E-02  0.00000E+00 -1.02541E+01 -1.02595E+01 -1.25950E+00
  1.68031E-02  0.00000E+00 -1.29401E+01 -1.29456E+01 -3.94564E+00
  1.68057E-02  0.00000E+00 -1.82847E+01 -1.82902E+01 -9.29025E+00
  1.68070E-02 -2.41291E+01 -1.09784E+01 -1.09838E+01 -1.98378E+00
  1.68083E-02  0.00000E+00 -3.64985E+00 -3.65525E+00  5.34475E+00
  1.68157E-02  0.00000E+00 -1.06900E+01 -1.06954E+01 -1.69544E+00
  1.68231E-02  0.00000E+00 -1.34176E+01 -1.34231E+01 -4.42314E+00
  1.68244E-02 -5.47876E+00 -1.19595E+01 -1.19649E+01 -2.96485E+00
  1.68257E-02  0.00000E+00 -1.05305E+01 -1.05359E+01 -1.53591E+00
  1.68297E-02  0.00000E+00 -1.30636E+01 -1.30691E+01 -4.06909E+00
  1.68336E-02  0.00000E+00 -1.92719E+01 -1.92774E+01 -1.02774E+01
  1.68350E-02 -2.23834E+01 -1.26552E+01 -1.26606E+01 -3.66065E+00
  1.68363E-02  0.00000E+00 -6.84313E+00 -6.84863E+00  2.15137E+00
  1.68369E-02  0.00000E+00 -9.94811E+00 -9.95361E+00 -9.53608E-01
  1.68376E-02  0.00000E+00 -1.30111E+01 -1.30166E+01 -4.01661E+00
  1.68389E-02 -1.77261E+01 -8.80058E+00 -8.80598E+00  1.94020E-01
  1.68402E-02  0.00000E+00 -3.99947E+00 -4.00487E+00  4.99513E+00
  1.68486E-02  0.00000E+00 -1.04604E+01 -1.04658E+01 -1.46581E+00
  1.68571E-02  0.00000E+00 -1.32523E+01 -1.32578E+01 -4.25782E+00
  1.68584E-02 -4.11471E+00 -1.24308E+01 -1.24363E+01 -3.43627E+00
  1.68597E-02  0.00000E+00 -1.18969E+01 -1.19023E+01 -2.90227E+00
  1.68605E-02  0.00000E+00 -1.31666E+01 -1.31720E+01 -4.17196E+00
  1.68613E-02  0.00000E+00 -1.49093E+01 -1.49147E+01 -5.91472E+00
  1.68626E-02 -1.33931E+01 -1.10926E+01 -1.10981E+01 -2.09805E+00
  1.68639E-02  0.00000E+00 -7.19776E+00 -7.20326E+00  1.79674E+00
  1.68675E-02  0.00000E+00 -1.08397E+01 -1.08451E+01 -1.84509E+00
  1.68711E-02  0.00000E+00 -1.27915E+01 -1.27969E+01 -3.79692E+00
  1.68724E-02 -3.80342E+00 -1.20118E+01 -1.20173E+01 -3.01733E+00
  1.68737E-02  0.00000E+00 -1.13178E+01 -1.13232E+01 -2.32321E+00
  1.68748E-02  0.00000E+00 -1.23832E+01 -1.23886E+01 -3.38859E+00
  1.68760E-02  0.00000E+00 -1.36379E+01 -1.36433E+01 -4.64333E+00
  1.68773E-02 -3.15096E+00 -1.38413E+01 -1.38468E+01 -4.84683E+00
  1.68786E-02  0.00000E+00 -1.53936E+01 -1.53990E+01 -6.39898E+00
  1.68788E-02  0.00000E+00 -1.62109E+01 -1.62164E+01 -7.21637E+00
  1.68790E-02  0.00000E+00 -1.72647E+01 -1.72702E+01 -8.27023E+00
  1.68803E-02 -2.23371E+01 -1.08695E+01 -1.08749E+01 -1.87490E+00
  1.68817E-02  0.00000E+00 -3.97871E+00 -3.98421E+00  5.01579E+00
  1.68871E-02  0.00000E+00 -1.04383E+01 -1.04438E+01 -1.44377E+00
  1.68926E-02  0.00000E+00 -1.42372E+01 -1.42427E+01 -5.24272E+00
  1.68939E-02 -1.06413E+01 -1.11489E+01 -1.11544E+01 -2.15438E+00
  1.68953E-02  0.00000E+00 -8.02775E+00 -8.03325E+00  9.66746E-01
  1.68995E-02  0.00000E+00 -1.12951E+01 -1.13005E+01 -2.30053E+00
  1.69038E-02  0.00000E+00 -1.45153E+01 -1.45207E+01 -5.52068E+00
  1.69051E-02 -8.52894E+00 -1.25451E+01 -1.25506E+01 -3.55060E+00
  1.69052E-02  0.00000E+00 -1.23770E+01 -1.23824E+01 -3.38235E+00
  1.69058E-02  0.00000E+00 -1.09004E+01 -1.09058E+01 -1.90582E+00
  1.69065E-02  0.00000E+00 -9.28371E+00 -9.28911E+00 -2.89107E-01
  1.69078E-02  0.00000E+00 -1.01193E+01 -1.01247E+01 -1.12473E+00
  1.69098E-02  0.00000E+00 -1.21840E+01 -1.21894E+01 -3.18937E+00
  1.69117E-02  0.00000E+00 -1.56300E+01 -1.56354E+01 -6.63539E+00
  1.69130E-02 -1.57389E+01 -1.10380E+01 -1.10435E+01 -2.04350E+00
  1.69144E-02  0.00000E+00 -6.29975E+00 -6.30515E+00  2.69485E+00
  1.69173E-02  0.00000E+00 -1.02328E+01 -1.02383E+01 -1.23828E+00
  1.69203E-02  0.00000E+00 -1.24821E+01 -1.24876E+01 -3.48759E+00
  1.69216E-02 -5.72175E+00 -1.10518E+01 -1.10572E+01 -2.05715E+00
  1.69229E-02  0.00000E+00 -9.62468E+00 -9.63008E+00 -6.30075E-01
  1.69247E-02  0.00000E+00 -1.11896E+01 -1.11950E+01 -2.19500E+00
  1.69264E-02  0.00000E+00 -1.26456E+01 -1.26511E+01 -3.65106E+00
  1.69277E-02 -4.77249E+00 -1.15953E+01 -1.16008E+01 -2.60080E+00
  1.69291E-02  0.00000E+00 -1.06275E+01 -1.06330E+01 -1.63300E+00
  1.69301E-02  0.00000E+00 -1.18222E+01 -1.18277E+01 -2.82775E+00
  1.69311E-02  0.00000E+00 -1.31094E+01 -1.31148E+01 -4.11477E+00
  1.69324E-02 -6.07175E+00 -1.18458E+01 -1.18513E+01 -2.85125E+00
  1.69337E-02  0.00000E+00 -1.08060E+01 -1.08114E+01 -1.81141E+00
  1.69343E-02  0.00000E+00 -1.19433E+01 -1.19487E+01 -2.94872E+00
  1.69349E-02  0.00000E+00 -1.32894E+01 -1.32948E+01 -4.29480E+00
  1.69362E-02 -1.00690E+01 -1.07662E+01 -1.07717E+01 -1.77172E+00
  1.69376E-02  0.00000E+00 -8.09893E+00 -8.10433E+00  8.95672E-01
  1.69386E-02  0.00000E+00 -9.75398E+00 -9.75948E+00 -7.59481E-01
  1.69397E-02  0.00000E+00 -1.08738E+01 -1.08792E+01 -1.87920E+00
  1.69410E-02 -2.26922E+00 -1.08427E+01 -1.08481E+01 -1.84813E+00
  1.69423E-02  0.00000E+00 -1.08185E+01 -1.08240E+01 -1.82400E+00
  1.69426E-02  0.00000E+00 -1.11196E+01 -1.11250E+01 -2.12495E+00
  1.69429E-02  0.00000E+00 -1.14201E+01 -1.14255E+01 -2.42548E+00
  1.69442E-02 -2.62428E+00 -1.12385E+01 -1.12440E+01 -2.24396E+00
  1.69455E-02  0.00000E+00 -1.10529E+01 -1.10584E+01 -2.05845E+00
  1.69461E-02  0.00000E+00 -1.16627E+01 -1.16681E+01 -2.66807E+00
  1.69467E-02  0.00000E+00 -1.23852E+01 -1.23907E+01 -3.39073E+00
  1.69481E-02 -4.26531E+00 -1.16843E+01 -1.16897E+01 -2.68971E+00
  1.69494E-02  0.00000E+00 -1.12069E+01 -1.12124E+01 -2.21244E+00
  1.69495E-02  0.00000E+00 -1.13778E+01 -1.13833E+01 -2.38331E+00
  1.69496E-02  0.00000E+00 -1.15680E+01 -1.15734E+01 -2.57343E+00
  1.69510E-02 -3.31596E+00 -1.17349E+01 -1.17404E+01 -2.74041E+00
  1.69523E-02  0.00000E+00 -1.21677E+01 -1.21731E+01 -3.17308E+00
  1.69524E-02  0.00000E+00 -1.24078E+01 -1.24133E+01 -3.41329E+00
  1.69525E-02  0.00000E+00 -1.26359E+01 -1.26413E+01 -3.64128E+00
  1.69538E-02 -8.05264E+00 -1.09416E+01 -1.09470E+01 -1.94695E+00
  1.69552E-02  0.00000E+00 -9.04227E+00 -9.04777E+00 -4.77684E-02
  1.69557E-02  0.00000E+00 -1.00002E+01 -1.00057E+01 -1.00574E+00
  1.69562E-02  0.00000E+00 -1.07883E+01 -1.07937E+01 -1.79370E+00
  1.69576E-02 -3.29172E+00 -1.06670E+01 -1.06725E+01 -1.67254E+00
  1.69589E-02  0.00000E+00 -1.03724E+01 -1.03779E+01 -1.37793E+00
  1.69592E-02  0.00000E+00 -1.07493E+01 -1.07547E+01 -1.75472E+00
  1.69595E-02  0.00000E+00 -1.10933E+01 -1.10988E+01 -2.09876E+00
  1.69608E-02 -2.41173E+00 -1.11101E+01 -1.11156E+01 -2.11562E+00
  1.69621E-02  0.00000E+00 -1.11228E+01 -1.11283E+01 -2.12825E+00
  1.69625E-02  0.00000E+00 -1.15775E+01 -1.15829E+01 -2.58289E+00
  1.69629E-02  0.00000E+00 -1.21170E+01 -1.21224E+01 -3.12240E+00
  1.69642E-02 -4.02252E+00 -1.15779E+01 -1.15834E+01 -2.58336E+00
  1.69656E-02  0.00000E+00 -1.13512E+01 -1.13567E+01 -2.35671E+00
  1.69658E-02  0.00000E+00 -1.17654E+01 -1.17709E+01 -2.77087E+00
  1.69660E-02  0.00000E+00 -1.22030E+01 -1.22085E+01 -3.20850E+00
  1.69674E-02 -6.48613E+00 -1.09702E+01 -1.09756E+01 -1.97562E+00
  1.69682E-02  0.00000E+00 -1.02596E+01 -1.02650E+01 -1.26497E+00
  1.69685E-02  0.00000E+00 -9.72627E+00 -9.73177E+00 -7.31774E-01
  1.69687E-02  0.00000E+00 -9.37264E+00 -9.37814E+00 -3.78137E-01
  1.69695E-02 -2.21720E+00 -9.95908E+00 -9.96458E+00 -9.64577E-01
  1.69709E-02  0.00000E+00 -1.02853E+01 -1.02907E+01 -1.29071E+00
  1.69722E-02 -1.71369E+00 -1.05588E+01 -1.05643E+01 -1.56427E+00
  1.69735E-02  0.00000E+00 -1.05471E+01 -1.05525E+01 -1.55251E+00
  1.69744E-02  0.00000E+00 -1.10713E+01 -1.10767E+01 -2.07670E+00
  1.69753E-02  0.00000E+00 -1.15326E+01 -1.15381E+01 -2.53815E+00
  1.69761E-02  0.00000E+00 -1.20101E+01 -1.20155E+01 -3.01552E+00
  1.69770E-02  0.00000E+00 -1.28608E+01 -1.28663E+01 -3.86632E+00
  1.69777E-02 -2.28164E+00 -1.24422E+01 -1.24477E+01 -3.44774E+00
  1.69783E-02 -4.23733E+00 -1.20923E+01 -1.20978E+01 -3.09781E+00
  1.69797E-02 -1.15325E+00 -1.09787E+01 -1.09841E+01 -1.98407E+00
  1.69805E-02 -1.15342E+00 -1.10602E+01 -1.10657E+01 -2.06566E+00
  1.69813E-02 -1.15359E+00 -1.12525E+01 -1.12579E+01 -2.25793E+00
  1.69821E-02 -1.15376E+00 -1.13874E+01 -1.13928E+01 -2.39281E+00
  1.69828E-02 -1.15391E+00 -1.14895E+01 -1.14950E+01 -2.49503E+00
  1.69836E-02 -1.15408E+00 -1.16184E+01 -1.16238E+01 -2.62378E+00
  1.69844E-02 -1.15424E+00 -1.17743E+01 -1.17797E+01 -2.77974E+00
  1.69852E-02 -1.15440E+00 -1.20067E+01 -1.20122E+01 -3.01223E+00
  1.69860E-02 -1.15457E+00 -1.24514E+01 -1.24569E+01 -3.45686E+00
  1.69867E-02 -3.01124E+00 -1.19151E+01 -1.19205E+01 -2.92049E+00
  1.69873E-02 -4.60268E+00 -1.14553E+01 -1.14608E+01 -2.46083E+00
  1.69887E-02 -1.15513E+00 -1.04417E+01 -1.04471E+01 -1.44708E+00
  1.69911E-02 -1.15562E+00 -1.13402E+01 -1.13456E+01 -2.34563E+00
  1.69934E-02 -1.15612E+00 -1.21287E+01 -1.21342E+01 -3.13420E+00
  1.69948E-02 -3.99907E+00 -1.13527E+01 -1.13582E+01 -2.35824E+00
  1.69961E-02 -1.15668E+00 -1.05884E+01 -1.05938E+01 -1.59378E+00
  1.69978E-02 -1.15703E+00 -1.12833E+01 -1.12887E+01 -2.28866E+00
  1.69995E-02 -1.15739E+00 -1.19367E+01 -1.19422E+01 -2.94216E+00
  1.70008E-02 -3.52873E+00 -1.13497E+01 -1.13551E+01 -2.35510E+00
  1.70022E-02 -1.15795E+00 -1.07288E+01 -1.07342E+01 -1.73424E+00
  1.70034E-02 -1.15821E+00 -1.12588E+01 -1.12642E+01 -2.26416E+00
  1.70047E-02 -1.15846E+00 -1.17631E+01 -1.17686E+01 -2.76857E+00
  1.70060E-02 -3.15691E+00 -1.13093E+01 -1.13147E+01 -2.31470E+00
  1.70073E-02 -1.15902E+00 -1.08645E+01 -1.08699E+01 -1.86985E+00
  1.70082E-02 -1.15920E+00 -1.12644E+01 -1.12698E+01 -2.26975E+00
  1.70090E-02 -1.15937E+00 -1.16146E+01 -1.16201E+01 -2.62011E+00
  1.70103E-02 -2.85913E+00 -1.12788E+01 -1.12842E+01 -2.28424E+00
  1.70117E-02 -1.15993E+00 -1.09476E+01 -1.09531E+01 -1.95306E+00
  1.70123E-02 -1.16005E+00 -1.12203E+01 -1.12257E+01 -2.22572E+00
  1.70129E-02 -1.16018E+00 -1.14547E+01 -1.14601E+01 -2.46011E+00
  1.70142E-02 -2.28695E+00 -1.13358E+01 -1.13412E+01 -2.34117E+00
  1.70155E-02 -1.16074E+00 -1.12432E+01 -1.12487E+01 -2.24867E+00
  1.70158E-02 -1.16080E+00 -1.13758E+01 -1.13812E+01 -2.38124E+00
  1.70161E-02 -1.16085E+00 -1.15086E+01 -1.15140E+01 -2.51396E+00
  1.70174E-02 -2.46505E+00 -1.13521E+01 -1.13575E+01 -2.35746E+00
  1.70187E-02 -1.16141E+00 -1.11954E+01 -1.12009E+01 -2.20089E+00
  1.70193E-02 -1.16153E+00 -1.14683E+01 -1.14738E+01 -2.47378E+00
  1.70199E-02 -1.16165E+00 -1.17813E+01 -1.17868E+01 -2.78684E+00
  1.70212E-02 -3.28120E+00 -1.13183E+01 -1.13238E+01 -2.32385E+00
  1.70226E-02 -1.16221E+00 -1.08552E+01 -1.08606E+01 -1.86062E+00
  1.70234E-02 -1.16238E+00 -1.12526E+01 -1.12581E+01 -2.25806E+00
  1.70242E-02 -1.16255E+00 -1.15981E+01 -1.16036E+01 -2.60362E+00
  1.70255E-02 -2.79656E+00 -1.13122E+01 -1.13177E+01 -2.31768E+00
  1.70268E-02 -1.16311E+00 -1.10502E+01 -1.10557E+01 -2.05569E+00
  1.70271E-02 -1.16318E+00 -1.12029E+01 -1.12083E+01 -2.20831E+00
  1.70275E-02 -1.16324E+00 -1.14072E+01 -1.14127E+01 -2.41265E+00
  1.70288E-02 -2.44914E+00 -1.12952E+01 -1.13007E+01 -2.30069E+00
  1.70301E-02 -1.16381E+00 -1.11901E+01 -1.11956E+01 -2.19558E+00
  1.70304E-02 -1.16386E+00 -1.13375E+01 -1.13430E+01 -2.34295E+00
  1.70306E-02 -1.16391E+00 -1.14569E+01 -1.14624E+01 -2.46243E+00
  1.70320E-02 -2.63330E+00 -1.12743E+01 -1.12797E+01 -2.27966E+00
  1.70333E-02 -1.16447E+00 -1.10937E+01 -1.10992E+01 -2.09920E+00
  1.70336E-02 -1.16453E+00 -1.12667E+01 -1.12721E+01 -2.27212E+00
  1.70339E-02 -1.16459E+00 -1.14330E+01 -1.14384E+01 -2.43842E+00
  1.70352E-02 -2.55260E+00 -1.12832E+01 -1.12886E+01 -2.28858E+00
  1.70366E-02 -1.16516E+00 -1.11467E+01 -1.11521E+01 -2.15212E+00
  1.70368E-02 -1.16520E+00 -1.12657E+01 -1.12712E+01 -2.27124E+00
  1.70370E-02 -1.16525E+00 -1.13848E+01 -1.13903E+01 -2.39029E+00
  1.70384E-02 -2.51945E+00 -1.12571E+01 -1.12625E+01 -2.26254E+00
  1.70397E-02 -1.16582E+00 -1.11350E+01 -1.11405E+01 -2.14052E+00
  1.70398E-02 -1.16584E+00 -1.11976E+01 -1.12031E+01 -2.20312E+00
  1.70400E-02 -1.16587E+00 -1.12980E+01 -1.13034E+01 -2.30344E+00
  1.70413E-02 -2.34133E+00 -1.12481E+01 -1.12535E+01 -2.25348E+00
  1.70426E-02 -1.16643E+00 -1.11942E+01 -1.11996E+01 -2.19965E+00
  1.70427E-02 -1.16644E+00 -1.12224E+01 -1.12279E+01 -2.22794E+00
  1.70440E-02 -2.11700E+00 -1.13145E+01 -1.13199E+01 -2.31985E+00
  1.70444E-02 -1.16680E+00 -1.13209E+01 -1.13263E+01 -2.32630E+00
  1.70449E-02 -1.19619E+00 -1.12814E+01 -1.12868E+01 -2.28680E+00
  1.70454E-02 -1.28056E+00 -1.12431E+01 -1.12486E+01 -2.24863E+00
  1.70457E-02 -1.55309E+00 -1.13347E+01 -1.13401E+01 -2.34013E+00
  1.70471E-02 -1.61791E+00 -1.14193E+01 -1.14247E+01 -2.42471E+00
  1.70480E-02 -1.74132E+00 -1.14092E+01 -1.14147E+01 -2.41471E+00
  1.70490E-02 -1.74163E+00 -1.13401E+01 -1.13456E+01 -2.34560E+00
  1.70500E-02 -1.74194E+00 -1.13259E+01 -1.13313E+01 -2.33130E+00
  1.70510E-02 -1.74225E+00 -1.13180E+01 -1.13234E+01 -2.32335E+00
  1.70517E-02 -1.74247E+00 -1.13141E+01 -1.13195E+01 -2.31953E+00
  1.70525E-02 -1.74272E+00 -1.13109E+01 -1.13164E+01 -2.31637E+00
  1.70540E-02 -1.74318E+00 -1.13066E+01 -1.13120E+01 -2.31196E+00
  1.70555E-02 -1.74365E+00 -1.13037E+01 -1.13091E+01 -2.30911E+00
  1.70570E-02 -1.74411E+00 -1.13017E+01 -1.13071E+01 -2.30708E+00
  1.70600E-02 -1.74504E+00 -1.12989E+01 -1.13043E+01 -2.30435E+00
  1.70650E-02 -1.74660E+00 -1.12967E+01 -1.13021E+01 -2.30205E+00
  1.70700E-02 -1.74815E+00 -1.12955E+01 -1.13010E+01 -2.30103E+00
  1.70750E-02 -1.74970E+00 -1.12952E+01 -1.13006E+01 -2.30063E+00
  1.70800E-02 -1.75125E+00 -1.12952E+01 -1.13007E+01 -2.30068E+00
  1.70870E-02 -1.75343E+00 -1.12958E+01 -1.13013E+01 -2.30125E+00
  1.70950E-02 -1.75592E+00 -1.12968E+01 -1.13023E+01 -2.30229E+00
  1.71100E-02 -1.76060E+00 -1.12996E+01 -1.13051E+01 -2.30514E+00
  1.71250E-02 -1.76529E+00 -1.13034E+01 -1.13088E+01 -2.30878E+00
  1.71400E-02 -1.76998E+00 -1.13075E+01 -1.13129E+01 -2.31293E+00
  1.71550E-02 -1.77469E+00 -1.13121E+01 -1.13176E+01 -2.31756E+00
  1.71700E-02 -1.77939E+00 -1.13169E+01 -1.13224E+01 -2.32240E+00
  1.72000E-02 -1.78863E+00 -1.13273E+01 -1.13328E+01 -2.33278E+00
  1.72300E-02 -1.79788E+00 -1.13386E+01 -1.13440E+01 -2.34397E+00
  1.72700E-02 -1.81002E+00 -1.13550E+01 -1.13605E+01 -2.36050E+00
  1.73000E-02 -1.81912E+00 -1.13682E+01 -1.13737E+01 -2.37368E+00
  1.73500E-02 -1.83444E+00 -1.13918E+01 -1.13972E+01 -2.39720E+00
  1.74000E-02 -1.84975E+00 -1.14171E+01 -1.14225E+01 -2.42252E+00
  1.74500E-02 -1.86465E+00 -1.14444E+01 -1.14498E+01 -2.44978E+00
  1.75000E-02 -1.87955E+00 -1.14741E+01 -1.14796E+01 -2.47959E+00
  1.76000E-02 -1.90922E+00 -1.15408E+01 -1.15463E+01 -2.54633E+00
  1.77000E-02 -1.93888E+00 -1.16195E+01 -1.16249E+01 -2.62491E+00
  1.78300E-02 -1.97674E+00 -1.17448E+01 -1.17502E+01 -2.75020E+00
  1.79675E-02 -2.01679E+00 -1.19163E+01 -1.19218E+01 -2.92177E+00
  1.80800E-02 -2.04867E+00 -1.20998E+01 -1.21052E+01 -3.10523E+00
  1.82000E-02 -2.08268E+00 -1.23600E+01 -1.23654E+01 -3.36542E+00
  1.84000E-02 -2.13806E+00 -1.30637E+01 -1.30691E+01 -4.06906E+00
  1.86000E-02 -2.19261E+00 -1.46387E+01 -1.46442E+01 -5.64419E+00
  1.88880E-02 -2.26973E+00 -3.58349E+02 -3.58355E+02 -3.49355E+02
  1.88887E-02 -5.37395E+02 -1.96285E+02 -1.96290E+02 -1.87290E+02
  1.88894E-02 -1.07252E+03 -2.33254E+01 -2.33308E+01 -1.43308E+01
  1.88908E-02 -2.27047E+00  3.11689E+02  3.11683E+02  3.20683E+02
  1.89260E-02 -2.27967E+00 -2.34460E+01 -2.34514E+01 -1.44514E+01
  1.89400E-02 -2.28331E+00 -4.30354E+01 -4.30409E+01 -3.40409E+01
  1.89612E-02 -2.28881E+00 -6.80859E+02 -6.80865E+02 -6.71865E+02
  1.89619E-02 -1.08176E+03 -3.52670E+02 -3.52675E+02 -3.43675E+02
  1.89626E-02 -2.16123E+03 -3.95755E+00 -3.96305E+00  5.03695E+00
  1.89640E-02 -2.28952E+00  6.72949E+02  6.72943E+02  6.81943E+02
  1.92000E-02 -2.35045E+00 -4.84565E+00 -4.85111E+00  4.14889E+00
  1.95000E-02 -2.42581E+00 -7.78492E+00 -7.79032E+00  1.20968E+00
  1.98000E-02 -2.49979E+00 -8.63892E+00 -8.64432E+00  3.55679E-01
  1.99000E-02 -2.52378E+00 -8.80015E+00 -8.80555E+00  1.94448E-01
  2.00000E-02 -2.54787E+00 -8.92850E+00 -8.93390E+00  6.60999E-02
  2.04000E-02 -2.64158E+00 -9.25418E+00 -9.25958E+00 -2.59576E-01
  2.07000E-02 -2.70966E+00 -9.38604E+00 -9.39144E+00 -3.91442E-01
  2.11000E-02 -2.79776E+00 -9.48717E+00 -9.49257E+00 -4.92573E-01
  2.15000E-02 -2.88278E+00 -9.53879E+00 -9.54419E+00 -5.44195E-01
  2.19000E-02 -2.96499E+00 -9.56554E+00 -9.57094E+00 -5.70940E-01
  2.23000E-02 -3.04450E+00 -9.57260E+00 -9.57800E+00 -5.77998E-01
  2.27000E-02 -3.12149E+00 -9.56599E+00 -9.57139E+00 -5.71392E-01
  2.30000E-02 -3.17755E+00 -9.55439E+00 -9.55979E+00 -5.59788E-01
  2.34000E-02 -3.24999E+00 -9.53414E+00 -9.53955E+00 -5.39549E-01
  2.38000E-02 -3.32029E+00 -9.50780E+00 -9.51322E+00 -5.13224E-01
  2.41000E-02 -3.37182E+00 -9.48486E+00 -9.49029E+00 -4.90294E-01
  2.45000E-02 -3.43871E+00 -9.45084E+00 -9.45628E+00 -4.56276E-01
  2.49000E-02 -3.50296E+00 -9.41470E+00 -9.42014E+00 -4.20141E-01
  2.53000E-02 -3.56481E+00 -9.37592E+00 -9.38136E+00 -3.81358E-01
  2.60671E-02 -3.67961E+00 -9.29575E+00 -9.30119E+00 -3.01186E-01
  2.65000E-02 -3.74193E+00 -9.24930E+00 -9.25474E+00 -2.54745E-01
  2.70000E-02 -3.80982E+00 -9.19384E+00 -9.19928E+00 -1.99280E-01
  2.75000E-02 -3.87616E+00 -9.13680E+00 -9.14225E+00 -1.42252E-01
  2.80000E-02 -3.94016E+00 -9.07857E+00 -9.08402E+00 -8.40188E-02
  2.85000E-02 -4.00129E+00 -9.02151E+00 -9.02696E+00 -2.69576E-02
  2.90000E-02 -4.05995E+00 -8.96391E+00 -8.96936E+00  3.06409E-02
  2.95000E-02 -4.11648E+00 -8.90616E+00 -8.91160E+00  8.83981E-02
  3.00000E-02 -4.17083E+00 -8.84873E+00 -8.85417E+00  1.45828E-01
  3.05000E-02 -4.22248E+00 -8.79608E+00 -8.80152E+00  1.98485E-01
  3.10000E-02 -4.27292E+00 -8.74569E+00 -8.75113E+00  2.48869E-01
  3.20000E-02 -4.36751E+00 -8.66564E+00 -8.67108E+00  3.28918E-01
  3.26000E-02 -4.42079E+00 -8.68463E+00 -8.69007E+00  3.09926E-01
  3.31701E-02 -4.46890E+00 -6.23344E+01 -6.23398E+01 -5.33398E+01
  3.31718E-02 -1.75880E+02 -7.98147E+00 -7.98691E+00  1.01309E+00
  3.31734E-02 -4.46917E+00  4.45024E+01  4.44970E+01  5.34970E+01
  3.37980E-02 -4.51899E+00 -8.28558E+00 -8.29102E+00  7.08978E-01
  3.44226E-02 -4.56586E+00 -8.45100E+00 -8.45644E+00  5.43564E-01
  3.44243E-02 -4.57424E+00 -8.44983E+00 -8.45527E+00  5.44732E-01
  3.44260E-02 -4.56611E+00 -8.44868E+00 -8.45413E+00  5.45867E-01
  3.45307E-02 -4.57384E+00 -8.63003E+00 -8.63547E+00  3.64526E-01
  3.46354E-02 -4.58133E+00 -3.05563E+01 -3.05617E+01 -2.15617E+01
  3.46371E-02 -7.47009E+01 -8.22785E+00 -8.23330E+00  7.66702E-01
  3.46388E-02 -4.58158E+00  1.38927E+01  1.38872E+01  2.28872E+01
  3.49090E-02 -4.60087E+00 -8.17623E+00 -8.18167E+00  8.18325E-01
  3.51792E-02 -4.62010E+00 -1.88600E+01 -1.88655E+01 -9.86548E+00
  3.51809E-02 -3.82119E+01 -8.19125E+00 -8.19669E+00  8.03307E-01
  3.51826E-02 -4.62034E+00  2.47857E+00  2.47312E+00  1.14731E+01
  3.53118E-02 -4.62899E+00 -8.12794E+00 -8.13339E+00  8.66613E-01
  3.54410E-02 -4.63755E+00 -1.38733E+01 -1.38788E+01 -4.87875E+00
  3.54427E-02 -2.30385E+01 -8.04810E+00 -8.05354E+00  9.46458E-01
  3.54444E-02 -4.63777E+00 -2.39348E+00 -2.39892E+00  6.60108E+00
  3.55157E-02 -4.64249E+00 -8.10538E+00 -8.11082E+00  8.89185E-01
  3.55870E-02 -4.64720E+00 -1.16485E+01 -1.16540E+01 -2.65395E+00
  3.55887E-02 -1.57478E+01 -8.14187E+00 -8.14731E+00  8.52689E-01
  3.55904E-02 -4.64742E+00 -4.63525E+00 -4.64069E+00  4.35931E+00
  3.56336E-02 -4.65027E+00 -8.09323E+00 -8.09867E+00  9.01328E-01
  3.56768E-02 -4.65312E+00 -1.03483E+01 -1.03537E+01 -1.35370E+00
  3.56785E-02 -1.18420E+01 -8.08224E+00 -8.08768E+00  9.12320E-01
  3.56802E-02 -4.65335E+00 -5.87029E+00 -5.87573E+00  3.12427E+00
  3.57080E-02 -4.65518E+00 -8.08569E+00 -8.09113E+00  9.08874E-01
  3.57359E-02 -4.65702E+00 -9.63107E+00 -9.63651E+00 -6.36508E-01
  3.57376E-02 -9.57061E+00 -8.08666E+00 -8.09210E+00  9.07904E-01
  3.57393E-02 -4.65724E+00 -6.57710E+00 -6.58254E+00  2.41746E+00
  3.57580E-02 -4.65848E+00 -8.08052E+00 -8.08597E+00  9.14026E-01
  3.57768E-02 -4.65971E+00 -9.20615E+00 -9.21159E+00 -2.11591E-01
  3.57785E-02 -8.16294E+00 -8.10989E+00 -8.11533E+00  8.84670E-01
  3.57802E-02 -4.65994E+00 -7.01378E+00 -7.01922E+00  1.98078E+00
  3.57933E-02 -4.66080E+00 -8.07768E+00 -8.08312E+00  9.16876E-01
  3.58064E-02 -4.66166E+00 -8.90724E+00 -8.91268E+00  8.73152E-02
  3.58081E-02 -7.24559E+00 -8.10449E+00 -8.10993E+00  8.90068E-01
  3.58098E-02 -4.66189E+00 -7.30199E+00 -7.30744E+00  1.69256E+00
  3.58191E-02 -4.66250E+00 -8.07506E+00 -8.08050E+00  9.19504E-01
  3.58284E-02 -4.66311E+00 -8.70119E+00 -8.70663E+00  2.93372E-01
  3.58301E-02 -6.62254E+00 -8.09948E+00 -8.10492E+00  8.95080E-01
  3.58318E-02 -4.66334E+00 -7.49818E+00 -7.50362E+00  1.49638E+00
  3.58385E-02 -4.66378E+00 -8.07187E+00 -8.07732E+00  9.22680E-01
  3.58452E-02 -4.66422E+00 -8.54491E+00 -8.55035E+00  4.49648E-01
  3.58470E-02 -6.18501E+00 -8.08665E+00 -8.09209E+00  9.07914E-01
  3.58487E-02 -4.66444E+00 -7.63832E+00 -7.64376E+00  1.35624E+00
  3.58535E-02 -4.66476E+00 -8.06940E+00 -8.07484E+00  9.25156E-01
  3.58584E-02 -4.66508E+00 -8.44430E+00 -8.44974E+00  5.50259E-01
  3.58601E-02 -5.86878E+00 -8.09145E+00 -8.09689E+00  9.03111E-01
  3.58618E-02 -4.66531E+00 -7.73951E+00 -7.74495E+00  1.25505E+00
  3.58653E-02 -4.66554E+00 -8.06602E+00 -8.07146E+00  9.28542E-01
  3.58689E-02 -4.66577E+00 -8.36027E+00 -8.36571E+00  6.34287E-01
  3.58706E-02 -5.63466E+00 -8.08804E+00 -8.09348E+00  9.06524E-01
  3.58723E-02 -4.66600E+00 -7.81716E+00 -7.82260E+00  1.17740E+00
  3.58748E-02 -4.66617E+00 -8.06322E+00 -8.06866E+00  9.31342E-01
  3.58774E-02 -4.66633E+00 -8.29275E+00 -8.29819E+00  7.01807E-01
  3.58791E-02 -5.45766E+00 -8.08420E+00 -8.08965E+00  9.10346E-01
  3.58808E-02 -4.66656E+00 -7.87754E+00 -7.88298E+00  1.11702E+00
  3.58826E-02 -4.66668E+00 -8.06404E+00 -8.06948E+00  9.30520E-01
  3.58844E-02 -4.66679E+00 -8.23711E+00 -8.24255E+00  7.57454E-01
  3.58861E-02 -5.32143E+00 -8.08060E+00 -8.08604E+00  9.13961E-01
  3.58878E-02 -4.66702E+00 -7.92691E+00 -7.93235E+00  1.06765E+00
  3.58890E-02 -4.66710E+00 -8.06057E+00 -8.06601E+00  9.33987E-01
  3.58902E-02 -4.66717E+00 -8.18716E+00 -8.19260E+00  8.07399E-01
  3.58919E-02 -5.21481E+00 -8.07481E+00 -8.08025E+00  9.19751E-01
  3.58936E-02 -4.66740E+00 -7.96592E+00 -7.97137E+00  1.02863E+00
  3.58943E-02 -4.66745E+00 -8.04979E+00 -8.05523E+00  9.44772E-01
  3.58951E-02 -4.66750E+00 -8.14156E+00 -8.14700E+00  8.52996E-01
  3.58968E-02 -5.13024E+00 -8.06707E+00 -8.07252E+00  9.27485E-01
  3.58985E-02 -4.66772E+00 -7.99740E+00 -8.00284E+00  9.97158E-01
  3.58988E-02 -4.66774E+00 -8.03567E+00 -8.04111E+00  9.58889E-01
  3.58992E-02 -4.66777E+00 -8.08621E+00 -8.09165E+00  9.08355E-01
  3.59009E-02 -5.06229E+00 -8.03952E+00 -8.04496E+00  9.55035E-01
  3.59026E-02 -4.66799E+00 -7.97095E+00 -7.97639E+00  1.02361E+00
  3.59045E-02 -4.66811E+00 -8.10470E+00 -8.11015E+00  8.89847E-01
  3.59064E-02 -4.66824E+00 -8.26312E+00 -8.26856E+00  7.31437E-01
  3.59081E-02 -5.29892E+00 -8.11061E+00 -8.11605E+00  8.83949E-01
  3.59098E-02 -4.66846E+00 -7.97163E+00 -7.97707E+00  1.02293E+00
  3.59105E-02 -4.66851E+00 -8.06423E+00 -8.06967E+00  9.30329E-01
  3.59112E-02 -4.66855E+00 -8.14859E+00 -8.15403E+00  8.45968E-01
  3.59129E-02 -5.14506E+00 -8.07636E+00 -8.08180E+00  9.18198E-01
  3.59146E-02 -4.66878E+00 -8.00738E+00 -8.01283E+00  9.87167E-01
  3.59151E-02 -4.66881E+00 -8.07567E+00 -8.08111E+00  9.18890E-01
  3.59156E-02 -4.66885E+00 -8.14468E+00 -8.15012E+00  8.49884E-01
  3.59173E-02 -5.19069E+00 -8.06166E+00 -8.06710E+00  9.32900E-01
  3.59191E-02 -4.66907E+00 -7.97450E+00 -7.97994E+00  1.02006E+00
  3.59196E-02 -4.66911E+00 -8.04215E+00 -8.04759E+00  9.52407E-01
  3.59201E-02 -4.66914E+00 -8.10736E+00 -8.11280E+00  8.87197E-01
  3.59218E-02 -5.13819E+00 -8.03543E+00 -8.04087E+00  9.59130E-01
  3.59235E-02 -4.66937E+00 -7.95855E+00 -7.96400E+00  1.03600E+00
  3.59238E-02 -4.66938E+00 -7.99366E+00 -7.99910E+00  1.00090E+00
  3.59241E-02 -4.66940E+00 -8.03105E+00 -8.03649E+00  9.63512E-01
  3.59258E-02 -4.98590E+00 -8.01407E+00 -8.01951E+00  9.80487E-01
  3.59267E-02 -4.66958E+00 -7.99367E+00 -7.99911E+00  1.00089E+00
  3.59271E-02 -4.66960E+00 -7.97582E+00 -7.98126E+00  1.01874E+00
  3.59276E-02 -4.66963E+00 -7.95655E+00 -7.96200E+00  1.03800E+00
  3.59284E-02 -4.73617E+00 -7.99533E+00 -8.00077E+00  9.99229E-01
  3.59302E-02 -4.66980E+00 -8.03855E+00 -8.04399E+00  9.56008E-01
  3.59316E-02 -4.66990E+00 -8.06395E+00 -8.06939E+00  9.30605E-01
  3.59330E-02 -4.66999E+00 -8.07809E+00 -8.08354E+00  9.16465E-01
  3.59340E-02 -4.70919E+00 -8.08502E+00 -8.09046E+00  9.09539E-01
  3.59350E-02 -4.75847E+00 -8.09030E+00 -8.09574E+00  9.04257E-01
  3.59360E-02 -4.80846E+00 -8.09440E+00 -8.09984E+00  9.00161E-01
  3.59370E-02 -4.84868E+00 -8.09759E+00 -8.10304E+00  8.96963E-01
  3.59385E-02 -4.84881E+00 -8.10111E+00 -8.10656E+00  8.93441E-01
  3.59400E-02 -4.84894E+00 -8.10347E+00 -8.10892E+00  8.91084E-01
  3.59420E-02 -4.84911E+00 -8.10527E+00 -8.11071E+00  8.89286E-01
  3.59450E-02 -4.84936E+00 -8.10588E+00 -8.11133E+00  8.88674E-01
  3.59500E-02 -4.84979E+00 -8.10321E+00 -8.10866E+00  8.91343E-01
  3.59600E-02 -4.85065E+00 -8.09371E+00 -8.09916E+00  9.00835E-01
  3.59700E-02 -4.85151E+00 -8.08843E+00 -8.09387E+00  9.06133E-01
  3.59770E-02 -4.85211E+00 -8.08574E+00 -8.09118E+00  9.08820E-01
  3.59850E-02 -4.85280E+00 -8.08320E+00 -8.08864E+00  9.11361E-01
  3.60000E-02 -4.85408E+00 -8.07930E+00 -8.08475E+00  9.15252E-01
  3.60300E-02 -4.85665E+00 -8.07310E+00 -8.07854E+00  9.21463E-01
  3.60700E-02 -4.86008E+00 -8.06614E+00 -8.07158E+00  9.28424E-01
  3.61300E-02 -4.86522E+00 -8.05668E+00 -8.06212E+00  9.37884E-01
  3.62000E-02 -4.87121E+00 -8.04622E+00 -8.05166E+00  9.48340E-01
  3.63500E-02 -4.88403E+00 -8.02449E+00 -8.02994E+00  9.70056E-01
  3.65000E-02 -4.89684E+00 -8.00312E+00 -8.00856E+00  9.91440E-01
  3.67000E-02 -4.91388E+00 -7.97472E+00 -7.98016E+00  1.01984E+00
  3.70000E-02 -4.93938E+00 -7.93161E+00 -7.93705E+00  1.06295E+00
  3.75000E-02 -4.97915E+00 -7.85995E+00 -7.86539E+00  1.13461E+00
  3.80000E-02 -5.01871E+00 -7.78795E+00 -7.79340E+00  1.20660E+00
  3.90000E-02 -5.09152E+00 -7.64341E+00 -7.64885E+00  1.35115E+00
  3.95000E-02 -5.12505E+00 -7.57134E+00 -7.57678E+00  1.42322E+00
  4.00000E-02 -5.15828E+00 -7.49838E+00 -7.50382E+00  1.49618E+00
  4.07000E-02 -5.20067E+00 -7.39852E+00 -7.40396E+00  1.59604E+00
  4.15000E-02 -5.24739E+00 -7.28325E+00 -7.28869E+00  1.71131E+00
  4.22000E-02 -5.28377E+00 -7.18163E+00 -7.18707E+00  1.81293E+00
  4.30000E-02 -5.32371E+00 -7.06483E+00 -7.07027E+00  1.92973E+00
  4.40000E-02 -5.36781E+00 -6.92176E+00 -6.92720E+00  2.07280E+00
  4.50000E-02 -5.40669E+00 -6.77800E+00 -6.78344E+00  2.21656E+00
  4.57000E-02 -5.42961E+00 -6.68035E+00 -6.68579E+00  2.31421E+00
  4.65000E-02 -5.45551E+00 -6.56846E+00 -6.57390E+00  2.42610E+00
  4.72000E-02 -5.47330E+00 -6.47033E+00 -6.47577E+00  2.52423E+00
  4.80000E-02 -5.49338E+00 -6.35797E+00 -6.36341E+00  2.63659E+00
  4.90000E-02 -5.51283E+00 -6.22148E+00 -6.22692E+00  2.77308E+00
  5.00000E-02 -5.52787E+00 -6.08471E+00 -6.09015E+00  2.90985E+00
  5.10000E-02 -5.53790E+00 -5.95188E+00 -5.95732E+00  3.04268E+00
  5.20000E-02 -5.54482E+00 -5.81988E+00 -5.82532E+00  3.17468E+00
  5.32000E-02 -5.54856E+00 -5.66531E+00 -5.67075E+00  3.32925E+00
  5.43000E-02 -5.54677E+00 -5.52614E+00 -5.53158E+00  3.46842E+00
  5.57000E-02 -5.53818E+00 -5.35350E+00 -5.35894E+00  3.64106E+00
  5.70000E-02 -5.52535E+00 -5.19740E+00 -5.20284E+00  3.79716E+00
  5.85000E-02 -5.50468E+00 -5.02287E+00 -5.02832E+00  3.97168E+00
  5.92000E-02 -5.49286E+00 -4.94300E+00 -4.94844E+00  4.05156E+00
  6.00000E-02 -5.47788E+00 -4.85350E+00 -4.85895E+00  4.14105E+00
  6.15000E-02 -5.44513E+00 -4.69068E+00 -4.69612E+00  4.30388E+00
  6.30000E-02 -5.40734E+00 -4.53385E+00 -4.53929E+00  4.46071E+00
  6.40000E-02 -5.37964E+00 -4.43232E+00 -4.43776E+00  4.56224E+00
  6.50000E-02 -5.35011E+00 -4.33353E+00 -4.33898E+00  4.66102E+00
  6.65000E-02 -5.30115E+00 -4.19091E+00 -4.19635E+00  4.80365E+00
  6.80000E-02 -5.25219E+00 -4.05418E+00 -4.05962E+00  4.94038E+00
  6.90000E-02 -5.21629E+00 -3.96597E+00 -3.97141E+00  5.02859E+00
  7.00000E-02 -5.18038E+00 -3.88031E+00 -3.88575E+00  5.11425E+00
  7.15000E-02 -5.12270E+00 -3.75689E+00 -3.76233E+00  5.23767E+00
  7.30000E-02 -5.06503E+00 -3.63871E+00 -3.64415E+00  5.35585E+00
  7.40000E-02 -5.02459E+00 -3.56316E+00 -3.56860E+00  5.43140E+00
  7.50000E-02 -4.98415E+00 -3.48971E+00 -3.49515E+00  5.50485E+00
  7.65000E-02 -4.92145E+00 -3.38465E+00 -3.39009E+00  5.60991E+00
  7.80000E-02 -4.85874E+00 -3.28465E+00 -3.29009E+00  5.70991E+00
  7.90000E-02 -4.81608E+00 -3.22009E+00 -3.22553E+00  5.77447E+00
  8.00000E-02 -4.77342E+00 -3.15771E+00 -3.16315E+00  5.83685E+00
  8.15000E-02 -4.70881E+00 -3.06863E+00 -3.07407E+00  5.92593E+00
  8.30000E-02 -4.64420E+00 -2.98394E+00 -2.98939E+00  6.01061E+00
  8.40000E-02 -4.60113E+00 -2.92939E+00 -2.93483E+00  6.06517E+00
  8.50000E-02 -4.55806E+00 -2.87669E+00 -2.88213E+00  6.11787E+00
  8.65000E-02 -4.49388E+00 -2.80143E+00 -2.80687E+00  6.19313E+00
  8.80000E-02 -4.42969E+00 -2.72999E+00 -2.73543E+00  6.26457E+00
  8.90000E-02 -4.38690E+00 -2.68402E+00 -2.68946E+00  6.31054E+00
  9.00000E-02 -4.34411E+00 -2.63967E+00 -2.64511E+00  6.35489E+00
  9.15000E-02 -4.28116E+00 -2.57638E+00 -2.58182E+00  6.41818E+00
  9.30000E-02 -4.21822E+00 -2.51639E+00 -2.52183E+00  6.47817E+00
  9.40000E-02 -4.17703E+00 -2.47783E+00 -2.48328E+00  6.51672E+00
  9.50000E-02 -4.13583E+00 -2.44066E+00 -2.44610E+00  6.55390E+00
  9.65000E-02 -4.07541E+00 -2.38757E+00 -2.39302E+00  6.60698E+00
  9.80000E-02 -4.01499E+00 -2.33725E+00 -2.34270E+00  6.65730E+00
  9.90000E-02 -3.97569E+00 -2.30481E+00 -2.31025E+00  6.68975E+00
  1.00000E-01 -3.93640E+00 -2.27342E+00 -2.27886E+00  6.72114E+00
  1.02000E-01 -3.85877E+00 -2.21461E+00 -2.22005E+00  6.77995E+00
  1.04000E-01 -3.78413E+00 -2.15955E+00 -2.16499E+00  6.83501E+00
  1.06000E-01 -3.70993E+00 -2.10809E+00 -2.11353E+00  6.88647E+00
  1.07300E-01 -3.66321E+00 -2.07675E+00 -2.08219E+00  6.91781E+00
  1.07900E-01 -3.64191E+00 -2.06255E+00 -2.06799E+00  6.93201E+00
  1.08500E-01 -3.62061E+00 -2.04847E+00 -2.05391E+00  6.94609E+00
  1.09800E-01 -3.57534E+00 -2.01966E+00 -2.02510E+00  6.97490E+00
  1.11000E-01 -3.53355E+00 -1.99429E+00 -1.99973E+00  7.00027E+00
  1.12500E-01 -3.48326E+00 -1.96353E+00 -1.96898E+00  7.03102E+00
  1.14000E-01 -3.43297E+00 -1.93462E+00 -1.94006E+00  7.05994E+00
  1.15500E-01 -3.38450E+00 -1.90688E+00 -1.91232E+00  7.08768E+00
  1.17000E-01 -3.33603E+00 -1.88084E+00 -1.88628E+00  7.11372E+00
  1.19000E-01 -3.27389E+00 -1.84797E+00 -1.85341E+00  7.14659E+00
  1.22000E-01 -3.18332E+00 -1.80244E+00 -1.80788E+00  7.19212E+00
  1.24000E-01 -3.12467E+00 -1.77462E+00 -1.78006E+00  7.21994E+00
  1.27000E-01 -3.03998E+00 -1.73614E+00 -1.74158E+00  7.25842E+00
  1.30000E-01 -2.95871E+00 -1.70145E+00 -1.70689E+00  7.29311E+00
  1.33000E-01 -2.88033E+00 -1.67013E+00 -1.67557E+00  7.32443E+00
  1.35000E-01 -2.83018E+00 -1.65084E+00 -1.65628E+00  7.34372E+00
  1.38000E-01 -2.75695E+00 -1.62425E+00 -1.62969E+00  7.37031E+00
  1.40000E-01 -2.71004E+00 -1.60785E+00 -1.61329E+00  7.38671E+00
  1.43000E-01 -2.64147E+00 -1.58526E+00 -1.59070E+00  7.40930E+00
  1.45000E-01 -2.59749E+00 -1.57136E+00 -1.57680E+00  7.42320E+00
  1.48000E-01 -2.53321E+00 -1.55221E+00 -1.55765E+00  7.44235E+00
  1.50000E-01 -2.49195E+00 -1.54042E+00 -1.54586E+00  7.45414E+00
  1.53000E-01 -2.43149E+00 -1.52428E+00 -1.52973E+00  7.47027E+00
  1.55000E-01 -2.39264E+00 -1.51457E+00 -1.52001E+00  7.47999E+00
  1.58000E-01 -2.33642E+00 -1.50099E+00 -1.50643E+00  7.49357E+00
  1.60000E-01 -2.29977E+00 -1.49263E+00 -1.49807E+00  7.50193E+00
  1.63000E-01 -2.24670E+00 -1.48135E+00 -1.48679E+00  7.51321E+00
  1.65000E-01 -2.21253E+00 -1.47432E+00 -1.47976E+00  7.52024E+00
  1.68000E-01 -2.16232E+00 -1.46518E+00 -1.47062E+00  7.52938E+00
  1.70000E-01 -2.12996E+00 -1.45908E+00 -1.46452E+00  7.53548E+00
  1.74000E-01 -2.06739E+00 -1.44871E+00 -1.45415E+00  7.54585E+00
  1.77000E-01 -2.02228E+00 -1.44219E+00 -1.44764E+00  7.55236E+00
  1.80000E-01 -1.97889E+00 -1.43632E+00 -1.44176E+00  7.55824E+00
  1.83300E-01 -1.93243E+00 -1.43080E+00 -1.43624E+00  7.56376E+00
  1.86000E-01 -1.89583E+00 -1.42723E+00 -1.43267E+00  7.56733E+00
  1.88000E-01 -1.86950E+00 -1.42457E+00 -1.43001E+00  7.56999E+00
  1.92000E-01 -1.81843E+00 -1.42016E+00 -1.42560E+00  7.57440E+00
  1.96000E-01 -1.76940E+00 -1.41680E+00 -1.42224E+00  7.57776E+00
  1.98000E-01 -1.74561E+00 -1.41553E+00 -1.42097E+00  7.57903E+00
  2.00000E-01 -1.72237E+00 -1.41439E+00 -1.41983E+00  7.58017E+00
  2.05000E-01 -1.66591E+00 -1.41273E+00 -1.41817E+00  7.58183E+00
  2.10000E-01 -1.61259E+00 -1.41247E+00 -1.41791E+00  7.58209E+00
  2.15000E-01 -1.56218E+00 -1.41292E+00 -1.41836E+00  7.58164E+00
  2.20000E-01 -1.51353E+00 -1.41434E+00 -1.41978E+00  7.58022E+00
  2.25000E-01 -1.46745E+00 -1.41692E+00 -1.42237E+00  7.57763E+00
  2.30000E-01 -1.42374E+00 -1.42013E+00 -1.42557E+00  7.57443E+00
  2.35000E-01 -1.38172E+00 -1.42436E+00 -1.42980E+00  7.57020E+00
  2.40000E-01 -1.34180E+00 -1.42859E+00 -1.43403E+00  7.56597E+00
  2.45000E-01 -1.30345E+00 -1.43402E+00 -1.43946E+00  7.56054E+00
  2.50000E-01 -1.26694E+00 -1.43945E+00 -1.44489E+00  7.55511E+00
  2.55000E-01 -1.23175E+00 -1.44598E+00 -1.45142E+00  7.54858E+00
  2.60000E-01 -1.19820E+00 -1.45252E+00 -1.45797E+00  7.54203E+00
  2.64000E-01 -1.17246E+00 -1.45833E+00 -1.46378E+00  7.53622E+00
  2.68000E-01 -1.14746E+00 -1.46416E+00 -1.46960E+00  7.53040E+00
  2.73000E-01 -1.11739E+00 -1.47218E+00 -1.47762E+00  7.52238E+00
  2.77000E-01 -1.09428E+00 -1.47861E+00 -1.48405E+00  7.51595E+00
  2.80000E-01 -1.07748E+00 -1.48366E+00 -1.48910E+00  7.51090E+00
  2.83000E-01 -1.06094E+00 -1.48873E+00 -1.49417E+00  7.50583E+00
  2.89000E-01 -1.02912E+00 -1.49946E+00 -1.50491E+00  7.49509E+00
  2.95000E-01 -9.98872E-01 -1.51076E+00 -1.51621E+00  7.48379E+00
  2.98000E-01 -9.84309E-01 -1.51643E+00 -1.52187E+00  7.47813E+00
  3.00000E-01 -9.74797E-01 -1.52021E+00 -1.52565E+00  7.47435E+00
  3.04000E-01 -9.56051E-01 -1.52830E+00 -1.53374E+00  7.46626E+00
  3.08000E-01 -9.37904E-01 -1.53641E+00 -1.54185E+00  7.45815E+00
  3.12000E-01 -9.20329E-01 -1.54454E+00 -1.54998E+00  7.45002E+00
  3.15000E-01 -9.07507E-01 -1.55064E+00 -1.55608E+00  7.44392E+00
  3.23000E-01 -8.74644E-01 -1.56803E+00 -1.57347E+00  7.42653E+00
  3.30000E-01 -8.47351E-01 -1.58331E+00 -1.58875E+00  7.41125E+00
  3.36000E-01 -8.25073E-01 -1.59721E+00 -1.60265E+00  7.39735E+00
  3.42000E-01 -8.03761E-01 -1.61115E+00 -1.61659E+00  7.38341E+00
  3.48000E-01 -7.83355E-01 -1.62565E+00 -1.63109E+00  7.36891E+00
  3.53627E-01 -7.64896E-01 -1.63928E+00 -1.64473E+00  7.35527E+00
  3.58000E-01 -7.51005E-01 -1.65047E+00 -1.65592E+00  7.34408E+00
  3.62000E-01 -7.38664E-01 -1.66073E+00 -1.66617E+00  7.33383E+00
  3.66000E-01 -7.26658E-01 -1.67101E+00 -1.67645E+00  7.32355E+00
  3.70000E-01 -7.14975E-01 -1.68131E+00 -1.68675E+00  7.31325E+00
  3.76000E-01 -6.97943E-01 -1.69786E+00 -1.70330E+00  7.29670E+00
  3.81000E-01 -6.84260E-01 -1.71169E+00 -1.71713E+00  7.28287E+00
  3.86000E-01 -6.71018E-01 -1.72557E+00 -1.73101E+00  7.26899E+00
  3.91400E-01 -6.57190E-01 -1.74062E+00 -1.74606E+00  7.25394E+00
  3.92400E-01 -6.54681E-01 -1.74353E+00 -1.74897E+00  7.25103E+00
  3.93400E-01 -6.52189E-01 -1.74645E+00 -1.75189E+00  7.24811E+00
  3.97000E-01 -6.43345E-01 -1.75702E+00 -1.76247E+00  7.23753E+00
  3.98500E-01 -6.39719E-01 -1.76148E+00 -1.76692E+00  7.23308E+00
  4.00000E-01 -6.36126E-01 -1.76594E+00 -1.77138E+00  7.22862E+00
  4.05000E-01 -6.24294E-01 -1.78122E+00 -1.78667E+00  7.21333E+00
  4.10000E-01 -6.12822E-01 -1.79657E+00 -1.80202E+00  7.19798E+00
  4.15000E-01 -6.01697E-01 -1.81260E+00 -1.81804E+00  7.18196E+00
  4.20000E-01 -5.90903E-01 -1.82870E+00 -1.83414E+00  7.16586E+00
  4.28000E-01 -5.74289E-01 -1.85584E+00 -1.86128E+00  7.13872E+00
  4.35000E-01 -5.60378E-01 -1.87976E+00 -1.88520E+00  7.11480E+00
  4.43000E-01 -5.45153E-01 -1.90896E+00 -1.91440E+00  7.08560E+00
  4.50000E-01 -5.32387E-01 -1.93470E+00 -1.94014E+00  7.05986E+00
  4.55000E-01 -5.23504E-01 -1.95419E+00 -1.95963E+00  7.04037E+00
  4.60000E-01 -5.14864E-01 -1.97379E+00 -1.97923E+00  7.02077E+00
  4.65000E-01 -5.06458E-01 -1.99440E+00 -1.99985E+00  7.00015E+00
  4.70000E-01 -4.98277E-01 -2.01514E+00 -2.02059E+00  6.97941E+00
  4.78000E-01 -4.85566E-01 -2.05003E+00 -2.05547E+00  6.94453E+00
  4.85000E-01 -4.74878E-01 -2.08205E+00 -2.08749E+00  6.91251E+00
  4.93000E-01 -4.63130E-01 -2.12042E+00 -2.12587E+00  6.87413E+00
  5.00000E-01 -4.53240E-01 -2.15570E+00 -2.16114E+00  6.83886E+00
  5.03000E-01 -4.49059E-01 -2.17148E+00 -2.17692E+00  6.82308E+00
  5.06000E-01 -4.44941E-01 -2.18735E+00 -2.19279E+00  6.80721E+00
  5.12000E-01 -4.36888E-01 -2.22048E+00 -2.22592E+00  6.77408E+00
  5.18000E-01 -4.29073E-01 -2.25516E+00 -2.26060E+00  6.73940E+00
  5.24900E-01 -4.20366E-01 -2.29714E+00 -2.30258E+00  6.69742E+00
  5.32000E-01 -4.11694E-01 -2.34290E+00 -2.34835E+00  6.65165E+00
  5.40000E-01 -4.02238E-01 -2.39800E+00 -2.40345E+00  6.59655E+00
  5.45000E-01 -3.96574E-01 -2.43456E+00 -2.44000E+00  6.56000E+00
  5.50000E-01 -3.90909E-01 -2.47289E+00 -2.47833E+00  6.52167E+00
  5.55000E-01 -3.85501E-01 -2.51325E+00 -2.51869E+00  6.48131E+00
  5.60000E-01 -3.80093E-01 -2.55574E+00 -2.56118E+00  6.43882E+00
  5.65000E-01 -3.74926E-01 -2.60060E+00 -2.60604E+00  6.39396E+00
  5.70000E-01 -3.69759E-01 -2.64809E+00 -2.65353E+00  6.34647E+00
  5.75000E-01 -3.64818E-01 -2.69851E+00 -2.70395E+00  6.29605E+00
  5.80000E-01 -3.59878E-01 -2.75221E+00 -2.75765E+00  6.24235E+00
  5.85000E-01 -3.55133E-01 -2.80958E+00 -2.81502E+00  6.18498E+00
  5.90000E-01 -3.50388E-01 -2.87114E+00 -2.87658E+00  6.12342E+00
  5.95000E-01 -3.45844E-01 -2.93748E+00 -2.94292E+00  6.05708E+00
  6.00000E-01 -3.41301E-01 -3.00929E+00 -3.01473E+00  5.98527E+00
  6.05000E-01 -3.36866E-01 -3.08752E+00 -3.09296E+00  5.90704E+00
  6.10000E-01 -3.32431E-01 -3.17334E+00 -3.17879E+00  5.82121E+00
  6.15000E-01 -3.28180E-01 -3.26822E+00 -3.27367E+00  5.72633E+00
  6.20000E-01 -3.23930E-01 -3.37412E+00 -3.37956E+00  5.62044E+00
  6.23000E-01 -3.21477E-01 -3.44394E+00 -3.44938E+00  5.55062E+00
  6.25000E-01 -3.19842E-01 -3.49357E+00 -3.49902E+00  5.50098E+00
  6.28000E-01 -3.17388E-01 -3.57329E+00 -3.57873E+00  5.42127E+00
  6.30000E-01 -3.15753E-01 -3.63040E+00 -3.63584E+00  5.36416E+00
  6.33000E-01 -3.13399E-01 -3.72297E+00 -3.72841E+00  5.27159E+00
  6.35000E-01 -3.11830E-01 -3.78997E+00 -3.79541E+00  5.20459E+00
  6.38000E-01 -3.09476E-01 -3.89994E+00 -3.90538E+00  5.09462E+00
  6.40000E-01 -3.07907E-01 -3.98065E+00 -3.98610E+00  5.01390E+00
  6.42000E-01 -3.06389E-01 -4.06848E+00 -4.07392E+00  4.92608E+00
  6.44000E-01 -3.04870E-01 -4.16464E+00 -4.17009E+00  4.82991E+00
  6.46000E-01 -3.03351E-01 -4.27080E+00 -4.27625E+00  4.72375E+00
  6.48000E-01 -3.01833E-01 -4.38911E+00 -4.39455E+00  4.60545E+00
  6.50000E-01 -3.00363E-01 -4.52244E+00 -4.52788E+00  4.47212E+00
  6.52000E-01 -2.98893E-01 -4.67478E+00 -4.68022E+00  4.31978E+00
  6.54000E-01 -2.97422E-01 -4.85185E+00 -4.85729E+00  4.14271E+00
  6.56000E-01 -2.95952E-01 -5.06221E+00 -5.06766E+00  3.93234E+00
  6.58000E-01 -2.94527E-01 -5.31929E+00 -5.32474E+00  3.67526E+00
  6.60000E-01 -2.93103E-01 -5.64548E+00 -5.65092E+00  3.34908E+00
  6.62000E-01 -2.91679E-01 -6.08202E+00 -6.08746E+00  2.91254E+00
  6.64000E-01 -2.90254E-01 -6.71357E+00 -6.71901E+00  2.28099E+00
  6.65000E-01 -2.89563E-01 -7.15762E+00 -7.16306E+00  1.83694E+00
  6.66000E-01 -2.88872E-01 -7.74906E+00 -7.75450E+00  1.24550E+00
  6.67000E-01 -2.88181E-01 -8.58697E+00 -8.59242E+00  4.07582E-01
  6.68000E-01 -2.87490E-01 -9.88710E+00 -9.89254E+00 -8.92540E-01
  6.69000E-01 -2.86799E-01 -1.22265E+01 -1.22319E+01 -3.23195E+00
  6.70000E-01 -2.86108E-01 -1.78483E+01 -1.78538E+01 -8.85378E+00
  6.71324E-01 -2.85193E-01 -5.57390E+02 -5.57396E+02 -5.48396E+02
  6.71331E-01 -6.67828E+02 -3.63464E+02 -3.63469E+02 -3.54469E+02
  6.71338E-01 -1.33537E+03 -1.71891E+02 -1.71896E+02 -1.62896E+02
  6.71352E-01 -2.85173E-01  2.00842E+02  2.00837E+02  2.09837E+02
  6.71374E-01 -2.85158E-01 -1.64236E+02 -1.64241E+02 -1.55241E+02
  6.71386E-01 -2.85150E-01 -3.65122E+02 -3.65128E+02 -3.56128E+02
  6.71397E-01 -2.85143E-01 -7.21488E+02 -7.21493E+02 -7.12493E+02
  6.71404E-01 -1.32882E+03 -3.22174E+02 -3.22180E+02 -3.13180E+02
  6.71411E-01 -2.65736E+03  7.92528E+01  7.92474E+01  8.82474E+01
  6.71425E-01 -2.85124E-01  8.86407E+02  8.86402E+02  8.95402E+02
  6.72700E-01 -2.84265E-01  9.11836E+00  9.11292E+00  1.81129E+01
  6.73400E-01 -2.83793E-01  4.18911E+00  4.18367E+00  1.31837E+01
  6.74000E-01 -2.83388E-01  2.03403E+00  2.02858E+00  1.10286E+01
  6.74700E-01 -2.82916E-01  4.72879E-01  4.67439E-01  9.46744E+00
  6.75400E-01 -2.82445E-01 -5.76869E-01 -5.82319E-01  8.41768E+00
  6.76100E-01 -2.81973E-01 -1.34680E+00 -1.35224E+00  7.64776E+00
  6.76800E-01 -2.81501E-01 -1.94932E+00 -1.95476E+00  7.04524E+00
  6.77200E-01 -2.81235E-01 -2.24342E+00 -2.24886E+00  6.75114E+00
  6.77700E-01 -2.80903E-01 -2.57451E+00 -2.57995E+00  6.42005E+00
  6.78100E-01 -2.80637E-01 -2.81708E+00 -2.82252E+00  6.17748E+00
  6.78516E-01 -2.80361E-01 -3.05348E+00 -3.05893E+00  5.94107E+00
  6.79300E-01 -2.79848E-01 -3.46948E+00 -3.47492E+00  5.52508E+00
  6.79700E-01 -2.79587E-01 -3.67279E+00 -3.67823E+00  5.32177E+00
  6.80000E-01 -2.79391E-01 -3.82369E+00 -3.82913E+00  5.17087E+00
  6.80500E-01 -2.79064E-01 -4.07544E+00 -4.08088E+00  4.91912E+00
  6.81000E-01 -2.78737E-01 -4.33268E+00 -4.33812E+00  4.66188E+00
  6.81500E-01 -2.78410E-01 -4.60231E+00 -4.60775E+00  4.39225E+00
  6.82000E-01 -2.78083E-01 -4.89332E+00 -4.89876E+00  4.10124E+00
  6.82500E-01 -2.77757E-01 -5.21868E+00 -5.22412E+00  3.77588E+00
  6.83000E-01 -2.77430E-01 -5.59933E+00 -5.60478E+00  3.39522E+00
  6.83500E-01 -2.77103E-01 -6.07313E+00 -6.07857E+00  2.92143E+00
  6.84000E-01 -2.76776E-01 -6.72008E+00 -6.72552E+00  2.27448E+00
  6.84400E-01 -2.76514E-01 -7.49422E+00 -7.49967E+00  1.50033E+00
  6.84600E-01 -2.76384E-01 -8.05337E+00 -8.05881E+00  9.41188E-01
  6.84800E-01 -2.76253E-01 -8.83399E+00 -8.83943E+00  1.60575E-01
  6.85000E-01 -2.76122E-01 -1.00433E+01 -1.00487E+01 -1.04872E+00
  6.85200E-01 -2.75991E-01 -1.22793E+01 -1.22847E+01 -3.28470E+00
  6.85400E-01 -2.75861E-01 -1.83020E+01 -1.83074E+01 -9.30742E+00
  6.85606E-01 -2.75726E-01 -1.85356E+02 -1.85361E+02 -1.76361E+02
  6.85620E-01 -5.78023E+02 -1.03701E+01 -1.03756E+01 -1.37557E+00
  6.85635E-01 -2.75707E-01  1.77107E+02  1.77101E+02  1.86101E+02
  6.85800E-01 -2.75601E-01  8.59279E+00  8.58735E+00  1.75874E+01
  6.86000E-01 -2.75472E-01  3.70605E-01  3.65165E-01  9.36517E+00
  6.86200E-01 -2.75343E-01 -2.45566E+00 -2.46110E+00  6.53890E+00
  6.86353E-01 -2.75244E-01 -3.79782E+00 -3.80326E+00  5.19674E+00
  6.86500E-01 -2.75150E-01 -4.89046E+00 -4.89590E+00  4.10410E+00
  6.86600E-01 -2.75085E-01 -5.64708E+00 -5.65252E+00  3.34748E+00
  6.86700E-01 -2.75021E-01 -6.52160E+00 -6.52704E+00  2.47296E+00
  6.86800E-01 -2.74957E-01 -7.70202E+00 -7.70746E+00  1.29254E+00
  6.86900E-01 -2.74893E-01 -9.73809E+00 -9.74353E+00 -7.43528E-01
  6.86990E-01 -2.74835E-01 -1.45543E+01 -1.45598E+01 -5.55978E+00
  6.87071E-01 -2.74783E-01 -6.52798E+01 -6.52853E+01 -5.62853E+01
  6.87086E-01 -1.88541E+02 -4.36679E+00 -4.37223E+00  4.62777E+00
  6.87100E-01 -2.74764E-01  5.24859E+01  5.24805E+01  6.14805E+01
  6.87230E-01 -2.74681E-01 -2.75905E-01 -2.81345E-01  8.71865E+00
  6.87290E-01 -2.74642E-01 -2.43665E+00 -2.44210E+00  6.55790E+00
  6.87358E-01 -2.74599E-01 -4.03450E+00 -4.03994E+00  4.96006E+00
  6.87420E-01 -2.74559E-01 -5.29188E+00 -5.29732E+00  3.70268E+00
  6.87490E-01 -2.74515E-01 -6.97832E+00 -6.98376E+00  2.01624E+00
  6.87550E-01 -2.74476E-01 -9.67142E+00 -9.67687E+00 -6.76871E-01
  6.87615E-01 -2.74435E-01 -3.18996E+01 -3.19051E+01 -2.29051E+01
  6.87630E-01 -8.42036E+01 -4.88329E+00 -4.88873E+00  4.11127E+00
  6.87644E-01 -2.74416E-01  2.03274E+01  2.03220E+01  2.93220E+01
  6.87700E-01 -2.74380E-01 -6.50975E-01 -6.56415E-01  8.34359E+00
  6.87760E-01 -2.74342E-01 -4.16497E+00 -4.17041E+00  4.82959E+00
  6.87820E-01 -2.74303E-01 -6.95585E+00 -6.96129E+00  2.03871E+00
  6.87876E-01 -2.74267E-01 -1.89913E+01 -1.89967E+01 -9.99674E+00
  6.87891E-01 -4.47724E+01 -5.33523E+00 -5.34067E+00  3.65933E+00
  6.87906E-01 -2.74249E-01  8.30752E+00  8.30208E+00  1.73021E+01
  6.87930E-01 -2.74233E-01 -7.91241E-01 -7.96681E-01  8.20332E+00
  6.87964E-01 -2.74211E-01 -4.27809E+00 -4.28353E+00  4.71647E+00
  6.87990E-01 -2.74194E-01 -6.34416E+00 -6.34960E+00  2.65040E+00
  6.88022E-01 -2.74174E-01 -1.30268E+01 -1.30322E+01 -4.03221E+00
  6.88037E-01 -2.66477E+01 -5.23844E+00 -5.24389E+00  3.75611E+00
  6.88052E-01 -2.74155E-01  2.51771E+00  2.51226E+00  1.15123E+01
  6.88082E-01 -2.74136E-01 -4.34989E+00 -4.35534E+00  4.64466E+00
  6.88112E-01 -2.74117E-01 -9.72473E+00 -9.73017E+00 -7.30174E-01
  6.88127E-01 -1.71723E+01 -5.17461E+00 -5.18005E+00  3.81995E+00
  6.88142E-01 -2.74098E-01 -6.97835E-01 -7.03275E-01  8.29673E+00
  6.88156E-01 -2.74088E-01 -4.29574E+00 -4.30118E+00  4.69882E+00
  6.88171E-01 -2.74079E-01 -7.56533E+00 -7.57077E+00  1.42923E+00
  6.88186E-01 -1.17437E+01 -5.08980E+00 -5.09524E+00  3.90476E+00
  6.88201E-01 -2.74060E-01 -2.76098E+00 -2.76642E+00  6.23358E+00
  6.88206E-01 -2.74056E-01 -4.25130E+00 -4.25675E+00  4.74325E+00
  6.88212E-01 -2.74053E-01 -5.89237E+00 -5.89781E+00  3.10219E+00
  6.88227E-01 -8.41227E+00 -4.93271E+00 -4.93815E+00  4.06185E+00
  6.88242E-01 -2.74034E-01 -4.00219E+00 -4.00763E+00  4.99237E+00
  6.88247E-01 -2.74031E-01 -5.41598E+00 -5.42143E+00  3.57857E+00
  6.88252E-01 -2.74027E-01 -6.79640E+00 -6.80184E+00  2.19816E+00
  6.88266E-01 -1.07805E+01 -4.95155E+00 -4.95699E+00  4.04301E+00
  6.88281E-01 -2.74009E-01 -2.96749E+00 -2.97289E+00  6.02711E+00
  6.88286E-01 -2.74005E-01 -4.38046E+00 -4.38586E+00  4.61414E+00
  6.88291E-01 -2.74002E-01 -5.80998E+00 -5.81538E+00  3.18462E+00
  6.88299E-01 -4.80798E+00 -5.39713E+00 -5.40253E+00  3.59747E+00
  6.88306E-01 -8.77521E+00 -4.81597E+00 -4.82137E+00  4.17863E+00
  6.88314E-01 -4.24122E+00 -4.17795E+00 -4.18335E+00  4.81665E+00
  6.88321E-01 -2.73983E-01 -3.85788E+00 -3.86338E+00  5.13662E+00
  6.88323E-01 -2.73982E-01 -4.51303E+00 -4.51843E+00  4.48157E+00
  6.88325E-01 -2.73981E-01 -5.05596E+00 -5.06146E+00  3.93854E+00
  6.88339E-01 -7.58565E+00 -4.64067E+00 -4.64607E+00  4.35393E+00
  6.88352E-01 -2.73964E-01 -4.16538E+00 -4.17088E+00  4.82912E+00
  6.88353E-01 -2.73963E-01 -3.97232E+00 -3.97772E+00  5.02228E+00
  6.88354E-01 -2.73962E-01 -3.77934E+00 -3.78484E+00  5.21516E+00
  6.88366E-01 -5.16340E+00 -4.38794E+00 -4.39334E+00  4.60666E+00
  6.88381E-01 -5.99746E-01 -4.60346E+00 -4.60896E+00  4.39104E+00
  6.88396E-01 -2.08302E+00 -6.35314E+00 -6.35854E+00  2.64146E+00
  6.88410E-01 -3.77377E+00 -6.29504E+00 -6.30044E+00  2.69956E+00
  6.88417E-01 -3.77407E+00 -5.74518E+00 -5.75068E+00  3.24932E+00
  6.88425E-01 -3.77441E+00 -5.51505E+00 -5.52055E+00  3.47945E+00
  6.88432E-01 -3.77470E+00 -5.42680E+00 -5.43220E+00  3.56780E+00
  6.88440E-01 -3.77504E+00 -5.35511E+00 -5.36051E+00  3.63949E+00
  6.88447E-01 -3.77534E+00 -5.30732E+00 -5.31272E+00  3.68728E+00
  6.88455E-01 -3.77568E+00 -5.26576E+00 -5.27116E+00  3.72884E+00
  6.88462E-01 -3.77597E+00 -5.23576E+00 -5.24116E+00  3.75884E+00
  6.88470E-01 -3.77631E+00 -5.20830E+00 -5.21380E+00  3.78620E+00
  6.88478E-01 -3.77665E+00 -5.18550E+00 -5.19100E+00  3.80900E+00
  6.88485E-01 -3.77694E+00 -5.16787E+00 -5.17337E+00  3.82663E+00
  6.88493E-01 -3.77728E+00 -5.15110E+00 -5.15650E+00  3.84350E+00
  6.88500E-01 -3.77758E+00 -5.13821E+00 -5.14371E+00  3.85629E+00
  6.88510E-01 -3.77800E+00 -5.12176E+00 -5.12726E+00  3.87274E+00
  6.88520E-01 -3.77843E+00 -5.10808E+00 -5.11352E+00  3.88648E+00
  6.88535E-01 -3.77906E+00 -5.08986E+00 -5.09530E+00  3.90470E+00
  6.88550E-01 -3.77970E+00 -5.07456E+00 -5.08000E+00  3.92000E+00
  6.88560E-01 -3.78012E+00 -5.06558E+00 -5.07103E+00  3.92897E+00
  6.88570E-01 -3.78054E+00 -5.05780E+00 -5.06324E+00  3.93676E+00
  6.88585E-01 -3.78118E+00 -5.04675E+00 -5.05219E+00  3.94781E+00
  6.88600E-01 -3.78181E+00 -5.03692E+00 -5.04236E+00  3.95764E+00
  6.88615E-01 -3.78245E+00 -5.02806E+00 -5.03350E+00  3.96650E+00
  6.88630E-01 -3.78308E+00 -5.02028E+00 -5.02572E+00  3.97428E+00
  6.88650E-01 -3.78393E+00 -5.01051E+00 -5.01595E+00  3.98405E+00
  6.88670E-01 -3.78478E+00 -5.00190E+00 -5.00734E+00  3.99266E+00
  6.88700E-01 -3.78605E+00 -4.99017E+00 -4.99562E+00  4.00438E+00
  6.88715E-01 -3.78669E+00 -4.98469E+00 -4.99013E+00  4.00987E+00
  6.88730E-01 -3.78732E+00 -4.97948E+00 -4.98492E+00  4.01508E+00
  6.88770E-01 -3.78902E+00 -4.96685E+00 -4.97229E+00  4.02771E+00
  6.88810E-01 -3.79072E+00 -4.95543E+00 -4.96087E+00  4.03913E+00
  6.88850E-01 -3.79242E+00 -4.94492E+00 -4.95036E+00  4.04964E+00
  6.88880E-01 -3.79369E+00 -4.93753E+00 -4.94297E+00  4.05703E+00
  6.88920E-01 -3.79539E+00 -4.92814E+00 -4.93358E+00  4.06642E+00
  6.88960E-01 -3.79709E+00 -4.91920E+00 -4.92464E+00  4.07536E+00
  6.89000E-01 -3.79879E+00 -4.91054E+00 -4.91598E+00  4.08402E+00
  6.89050E-01 -3.80082E+00 -4.90035E+00 -4.90579E+00  4.09421E+00
  6.89100E-01 -3.80286E+00 -4.89041E+00 -4.89585E+00  4.10415E+00
  6.89150E-01 -3.80489E+00 -4.88080E+00 -4.88624E+00  4.11376E+00
  6.89200E-01 -3.80693E+00 -4.87128E+00 -4.87672E+00  4.12328E+00
  6.89250E-01 -3.80896E+00 -4.86251E+00 -4.86795E+00  4.13205E+00
  6.89300E-01 -3.81099E+00 -4.85371E+00 -4.85915E+00  4.14085E+00
  6.89400E-01 -3.81506E+00 -4.83671E+00 -4.84215E+00  4.15785E+00
  6.89470E-01 -3.81787E+00 -4.82507E+00 -4.83051E+00  4.16949E+00
  6.89550E-01 -3.82108E+00 -4.81209E+00 -4.81753E+00  4.18247E+00
  6.89620E-01 -3.82389E+00 -4.80090E+00 -4.80634E+00  4.19366E+00
  6.89700E-01 -3.82710E+00 -4.78805E+00 -4.79349E+00  4.20651E+00
  6.89800E-01 -3.83044E+00 -4.77243E+00 -4.77787E+00  4.22213E+00
  6.89900E-01 -3.83378E+00 -4.75738E+00 -4.76282E+00  4.23718E+00
  6.90000E-01 -3.83712E+00 -4.74271E+00 -4.74815E+00  4.25185E+00
  6.90100E-01 -3.84046E+00 -4.72837E+00 -4.73381E+00  4.26619E+00
  6.90250E-01 -3.84547E+00 -4.70724E+00 -4.71268E+00  4.28732E+00
  6.90400E-01 -3.85048E+00 -4.68640E+00 -4.69184E+00  4.30816E+00
  6.90550E-01 -3.85496E+00 -4.66602E+00 -4.67146E+00  4.32854E+00
  6.90700E-01 -3.85945E+00 -4.64621E+00 -4.65165E+00  4.34835E+00
  6.90850E-01 -3.86393E+00 -4.62678E+00 -4.63223E+00  4.36777E+00
  6.91000E-01 -3.86842E+00 -4.60737E+00 -4.61281E+00  4.38719E+00
  6.91200E-01 -3.87331E+00 -4.58216E+00 -4.58760E+00  4.41240E+00
  6.91400E-01 -3.87819E+00 -4.55793E+00 -4.56337E+00  4.43663E+00
  6.91600E-01 -3.88308E+00 -4.53435E+00 -4.53979E+00  4.46021E+00
  6.91800E-01 -3.88796E+00 -4.51108E+00 -4.51653E+00  4.48347E+00
  6.92100E-01 -3.89432E+00 -4.47717E+00 -4.48261E+00  4.51739E+00
  6.92500E-01 -3.90280E+00 -4.43367E+00 -4.43911E+00  4.56089E+00
  6.92900E-01 -3.91008E+00 -4.39185E+00 -4.39729E+00  4.60271E+00
  6.93300E-01 -3.91736E+00 -4.35150E+00 -4.35695E+00  4.64305E+00
  6.93700E-01 -3.92344E+00 -4.31251E+00 -4.31795E+00  4.68205E+00
  6.94000E-01 -3.92800E+00 -4.28408E+00 -4.28952E+00  4.71048E+00
  6.94400E-01 -3.93273E+00 -4.24742E+00 -4.25286E+00  4.74714E+00
  6.94700E-01 -3.93628E+00 -4.22111E+00 -4.22655E+00  4.77345E+00
  6.95100E-01 -3.94101E+00 -4.18702E+00 -4.19247E+00  4.80753E+00
  6.95500E-01 -3.94574E+00 -4.15355E+00 -4.15899E+00  4.84101E+00
  6.95800E-01 -3.94836E+00 -4.12897E+00 -4.13441E+00  4.86559E+00
  6.96200E-01 -3.95185E+00 -4.09755E+00 -4.10300E+00  4.89700E+00
  6.97000E-01 -3.95883E+00 -4.03707E+00 -4.04251E+00  4.95749E+00
  6.97800E-01 -3.96405E+00 -3.97968E+00 -3.98512E+00  5.01488E+00
  6.98500E-01 -3.96862E+00 -3.93182E+00 -3.93726E+00  5.06274E+00
  6.99200E-01 -3.97229E+00 -3.88570E+00 -3.89114E+00  5.10886E+00
  6.99600E-01 -3.97414E+00 -3.86017E+00 -3.86561E+00  5.13439E+00
  6.99800E-01 -3.97506E+00 -3.84759E+00 -3.85303E+00  5.14697E+00
  7.00000E-01 -3.97599E+00 -3.83501E+00 -3.84046E+00  5.15954E+00
  7.01000E-01 -3.97884E+00 -3.77506E+00 -3.78050E+00  5.21950E+00
  7.02000E-01 -3.98169E+00 -3.71870E+00 -3.72414E+00  5.27586E+00
  7.03000E-01 -3.98454E+00 -3.66488E+00 -3.67033E+00  5.32967E+00
  7.04000E-01 -3.98739E+00 -3.61268E+00 -3.61813E+00  5.38187E+00
  7.05000E-01 -3.98862E+00 -3.56248E+00 -3.56793E+00  5.43207E+00
  7.06000E-01 -3.98985E+00 -3.51470E+00 -3.52014E+00  5.47986E+00
  7.07000E-01 -3.99108E+00 -3.46864E+00 -3.47409E+00  5.52591E+00
  7.08000E-01 -3.99231E+00 -3.42379E+00 -3.42923E+00  5.57077E+00
  7.09000E-01 -3.99270E+00 -3.38032E+00 -3.38577E+00  5.61423E+00
  7.10000E-01 -3.99308E+00 -3.33842E+00 -3.34387E+00  5.65613E+00
  7.11000E-01 -3.99347E+00 -3.29772E+00 -3.30317E+00  5.69683E+00
  7.12000E-01 -3.99386E+00 -3.25790E+00 -3.26334E+00  5.73666E+00
  7.13500E-01 -3.99371E+00 -3.20006E+00 -3.20550E+00  5.79450E+00
  7.15000E-01 -3.99356E+00 -3.14409E+00 -3.14953E+00  5.85047E+00
  7.17000E-01 -3.99209E+00 -3.07246E+00 -3.07791E+00  5.92209E+00
  7.19000E-01 -3.99061E+00 -3.00407E+00 -3.00951E+00  5.99049E+00
  7.20500E-01 -3.98951E+00 -2.95430E+00 -2.95974E+00  6.04026E+00
  7.22000E-01 -3.98840E+00 -2.90518E+00 -2.91063E+00  6.08937E+00
  7.24000E-01 -3.98487E+00 -2.84170E+00 -2.84714E+00  6.15286E+00
  7.26000E-01 -3.98135E+00 -2.78089E+00 -2.78633E+00  6.21367E+00
  7.28000E-01 -3.97783E+00 -2.72180E+00 -2.72724E+00  6.27276E+00
  7.30000E-01 -3.97430E+00 -2.66352E+00 -2.66897E+00  6.33103E+00
  7.32000E-01 -3.96878E+00 -2.60665E+00 -2.61209E+00  6.38791E+00
  7.35000E-01 -3.96049E+00 -2.52445E+00 -2.52990E+00  6.47010E+00
  7.38000E-01 -3.94999E+00 -2.44529E+00 -2.45073E+00  6.54927E+00
  7.40000E-01 -3.94299E+00 -2.39396E+00 -2.39940E+00  6.60060E+00
  7.43000E-01 -3.93032E+00 -2.31941E+00 -2.32485E+00  6.67515E+00
  7.45000E-01 -3.92187E+00 -2.27105E+00 -2.27649E+00  6.72351E+00
  7.48000E-01 -3.90717E+00 -2.20078E+00 -2.20623E+00  6.79377E+00
  7.50000E-01 -3.89737E+00 -2.15511E+00 -2.16055E+00  6.83945E+00
  7.52000E-01 -3.88604E+00 -2.11059E+00 -2.11603E+00  6.88397E+00
  7.54000E-01 -3.87471E+00 -2.06778E+00 -2.07323E+00  6.92677E+00
  7.56000E-01 -3.86338E+00 -2.02602E+00 -2.03146E+00  6.96854E+00
  7.58000E-01 -3.85205E+00 -1.98462E+00 -1.99006E+00  7.00994E+00
  7.60000E-01 -3.83931E+00 -1.94419E+00 -1.94963E+00  7.05037E+00
  7.62000E-01 -3.82657E+00 -1.90531E+00 -1.91076E+00  7.08924E+00
  7.65000E-01 -3.80746E+00 -1.84837E+00 -1.85381E+00  7.14619E+00
  7.67000E-01 -3.79372E+00 -1.81144E+00 -1.81688E+00  7.18312E+00
  7.69000E-01 -3.77997E+00 -1.77593E+00 -1.78137E+00  7.21863E+00
  7.71000E-01 -3.76622E+00 -1.74132E+00 -1.74676E+00  7.25324E+00
  7.73000E-01 -3.75248E+00 -1.70720E+00 -1.71265E+00  7.28735E+00
  7.77000E-01 -3.72366E+00 -1.64188E+00 -1.64732E+00  7.35268E+00
  7.80000E-01 -3.70204E+00 -1.59509E+00 -1.60053E+00  7.39947E+00
  7.82000E-01 -3.68734E+00 -1.56484E+00 -1.57028E+00  7.42972E+00
  7.85000E-01 -3.66530E+00 -1.52134E+00 -1.52678E+00  7.47322E+00
  7.88000E-01 -3.64325E+00 -1.47951E+00 -1.48495E+00  7.51505E+00
  7.90000E-01 -3.62855E+00 -1.45231E+00 -1.45775E+00  7.54225E+00
  7.93000E-01 -3.60655E+00 -1.41285E+00 -1.41829E+00  7.58171E+00
  7.95000E-01 -3.59188E+00 -1.38750E+00 -1.39295E+00  7.60705E+00
  7.98000E-01 -3.56988E+00 -1.35068E+00 -1.35612E+00  7.64388E+00
  8.00000E-01 -3.55521E+00 -1.32685E+00 -1.33229E+00  7.66771E+00
  8.03000E-01 -3.53377E+00 -1.29219E+00 -1.29763E+00  7.70237E+00
  8.05000E-01 -3.51947E+00 -1.26982E+00 -1.27526E+00  7.72474E+00
  8.08000E-01 -3.49803E+00 -1.23725E+00 -1.24269E+00  7.75731E+00
  8.10000E-01 -3.48374E+00 -1.21621E+00 -1.22165E+00  7.77835E+00
  8.13000E-01 -3.46309E+00 -1.18554E+00 -1.19099E+00  7.80901E+00
  8.15000E-01 -3.44932E+00 -1.16567E+00 -1.17111E+00  7.82889E+00
  8.18000E-01 -3.42867E+00 -1.13672E+00 -1.14217E+00  7.85783E+00
  8.20000E-01 -3.41490E+00 -1.11811E+00 -1.12355E+00  7.87645E+00
  8.24000E-01 -3.38883E+00 -1.08192E+00 -1.08736E+00  7.91264E+00
  8.28000E-01 -3.36276E+00 -1.04695E+00 -1.05239E+00  7.94761E+00
  8.32000E-01 -3.33729E+00 -1.01340E+00 -1.01885E+00  7.98115E+00
  8.35000E-01 -3.31819E+00 -9.89381E-01 -9.94821E-01  8.00518E+00
  8.39000E-01 -3.29420E+00 -9.58305E-01 -9.63745E-01  8.03626E+00
  8.43000E-01 -3.27022E+00 -9.28002E-01 -9.33442E-01  8.06656E+00
  8.47000E-01 -3.24677E+00 -8.98754E-01 -9.04194E-01  8.09581E+00
  8.50000E-01 -3.22919E+00 -8.77688E-01 -8.83130E-01  8.11687E+00
  8.55000E-01 -3.20149E+00 -8.43603E-01 -8.49045E-01  8.15096E+00
  8.60000E-01 -3.17379E+00 -8.10724E-01 -8.16166E-01  8.18383E+00
  8.65000E-01 -3.14751E+00 -7.79014E-01 -7.84456E-01  8.21554E+00
  8.70000E-01 -3.12123E+00 -7.48388E-01 -7.53830E-01  8.24617E+00
  8.78000E-01 -3.08178E+00 -7.01089E-01 -7.06531E-01  8.29347E+00
  8.85000E-01 -3.04726E+00 -6.61157E-01 -6.66599E-01  8.33340E+00
  8.89000E-01 -3.02832E+00 -6.39047E-01 -6.44489E-01  8.35551E+00
  8.93000E-01 -3.00939E+00 -6.17432E-01 -6.22874E-01  8.37713E+00
  8.97000E-01 -2.99045E+00 -5.96339E-01 -6.01781E-01  8.39822E+00
  9.00000E-01 -2.97625E+00 -5.80895E-01 -5.86337E-01  8.41366E+00
  9.05000E-01 -2.95362E+00 -5.55654E-01 -5.61096E-01  8.43890E+00
  9.10000E-01 -2.93098E+00 -5.30960E-01 -5.36402E-01  8.46360E+00
  9.15000E-01 -2.90893E+00 -5.06840E-01 -5.12282E-01  8.48772E+00
  9.20000E-01 -2.88688E+00 -4.83171E-01 -4.88613E-01  8.51139E+00
  9.28000E-01 -2.85284E+00 -4.46613E-01 -4.52056E-01  8.54794E+00
  9.35000E-01 -2.82305E+00 -4.15982E-01 -4.21424E-01  8.57858E+00
  9.43000E-01 -2.78901E+00 -3.82241E-01 -3.87683E-01  8.61232E+00
  9.50000E-01 -2.75922E+00 -3.53493E-01 -3.58935E-01  8.64107E+00
  9.55000E-01 -2.73872E+00 -3.33507E-01 -3.38949E-01  8.66105E+00
  9.60000E-01 -2.71823E+00 -3.14231E-01 -3.19673E-01  8.68033E+00
  9.65000E-01 -2.69773E+00 -2.95452E-01 -3.00894E-01  8.69911E+00
  9.70000E-01 -2.67723E+00 -2.77013E-01 -2.82455E-01  8.71755E+00
  9.78000E-01 -2.64560E+00 -2.48556E-01 -2.53998E-01  8.74600E+00
  9.85000E-01 -2.61793E+00 -2.24635E-01 -2.30077E-01  8.76992E+00
  9.93000E-01 -2.58630E+00 -1.98370E-01 -2.03812E-01  8.79619E+00
  1.00000E+00 -2.55862E+00 -1.76190E-01 -1.81632E-01  8.81837E+00
  1.00200E+00 -2.55092E+00 -1.69936E-01 -1.75378E-01  8.82462E+00
  1.00500E+00 -2.53938E+00 -1.60851E-01 -1.66294E-01  8.83371E+00
  1.01000E+00 -2.52013E+00 -1.46186E-01 -1.51629E-01  8.84837E+00
  1.01500E+00 -2.50089E+00 -1.32020E-01 -1.37462E-01  8.86254E+00
  1.02000E+00 -2.48165E+00 -1.18305E-01 -1.23747E-01  8.87625E+00
  1.02500E+00 -2.46312E+00 -1.04992E-01 -1.10435E-01  8.88957E+00
  1.03000E+00 -2.44459E+00 -9.20801E-02 -9.75221E-02  8.90248E+00
  1.03600E+00 -2.42279E+00 -7.70529E-02 -8.24949E-02  8.91751E+00
  1.03900E+00 -2.41204E+00 -6.97312E-02 -7.51732E-02  8.92483E+00
  1.04100E+00 -2.40487E+00 -6.49180E-02 -7.03600E-02  8.92964E+00
  1.04800E+00 -2.38035E+00 -4.84701E-02 -5.39120E-02  8.94609E+00
  1.05500E+00 -2.35583E+00 -3.26237E-02 -3.80657E-02  8.96193E+00
  1.06300E+00 -2.32877E+00 -1.51865E-02 -2.06286E-02  8.97937E+00
  1.07000E+00 -2.30509E+00 -4.14521E-04 -5.85662E-03  8.99414E+00
  1.07300E+00 -2.29519E+00  5.78178E-03  3.39684E-04  9.00034E+00
  1.07700E+00 -2.28199E+00  1.38247E-02  8.38259E-03  9.00838E+00
  1.08100E+00 -2.26880E+00  2.16746E-02  1.62326E-02  9.01623E+00
  1.08500E+00 -2.25560E+00  2.93511E-02  2.39090E-02  9.02391E+00
  1.08900E+00 -2.24286E+00  3.68567E-02  3.14146E-02  9.03141E+00
  1.09300E+00 -2.23013E+00  4.41873E-02  3.87452E-02  9.03875E+00
  1.10000E+00 -2.20784E+00  5.66888E-02  5.12467E-02  9.05125E+00
  1.10800E+00 -2.18324E+00  7.04227E-02  6.49806E-02  9.06498E+00
  1.11500E+00 -2.16171E+00  8.19756E-02  7.65335E-02  9.07653E+00
  1.12300E+00 -2.13794E+00  9.46992E-02  8.92572E-02  9.08926E+00
  1.13000E+00 -2.11715E+00  1.05426E-01  9.99837E-02  9.09998E+00
  1.13500E+00 -2.10287E+00  1.12867E-01  1.07424E-01  9.10742E+00
  1.14000E+00 -2.08859E+00  1.20130E-01  1.14688E-01  9.11469E+00
  1.15000E+00 -2.06003E+00  1.34157E-01  1.28715E-01  9.12872E+00
  1.16000E+00 -2.03271E+00  1.47545E-01  1.42102E-01  9.14210E+00
  1.17000E+00 -2.00539E+00  1.60338E-01  1.54896E-01  9.15490E+00
  1.17800E+00 -1.98436E+00  1.70182E-01  1.64740E-01  9.16474E+00
  1.18500E+00 -1.96595E+00  1.78537E-01  1.73095E-01  9.17310E+00
  1.19200E+00 -1.94803E+00  1.86725E-01  1.81283E-01  9.18128E+00
  1.20000E+00 -1.92756E+00  1.95703E-01  1.90261E-01  9.19026E+00
  1.20700E+00 -1.91016E+00  2.03275E-01  1.97833E-01  9.19783E+00
  1.21500E+00 -1.89027E+00  2.11644E-01  2.06202E-01  9.20620E+00
  1.23000E+00 -1.85415E+00  2.26712E-01  2.21270E-01  9.22127E+00
  1.24200E+00 -1.82604E+00  2.38085E-01  2.32643E-01  9.23264E+00
  1.25400E+00 -1.79792E+00  2.48743E-01  2.43301E-01  9.24330E+00
  1.26200E+00 -1.77994E+00  2.55579E-01  2.50137E-01  9.25014E+00
  1.27000E+00 -1.76196E+00  2.62198E-01  2.56756E-01  9.25676E+00
  1.28000E+00 -1.74001E+00  2.70164E-01  2.64722E-01  9.26472E+00
  1.29000E+00 -1.71806E+00  2.77673E-01  2.72231E-01  9.27223E+00
  1.30500E+00 -1.68615E+00  2.88422E-01  2.82980E-01  9.28298E+00
  1.32000E+00 -1.65492E+00  2.98225E-01  2.92783E-01  9.29278E+00
  1.33500E+00 -1.62462E+00  3.07258E-01  3.01816E-01  9.30182E+00
  1.35000E+00 -1.59520E+00  3.15721E-01  3.10279E-01  9.31028E+00
  1.36500E+00 -1.56673E+00  3.23553E-01  3.18111E-01  9.31811E+00
  1.38000E+00 -1.53827E+00  3.30688E-01  3.25246E-01  9.32525E+00
  1.39500E+00 -1.51134E+00  3.37281E-01  3.31839E-01  9.33184E+00
  1.41000E+00 -1.48442E+00  3.43422E-01  3.37980E-01  9.33798E+00
  1.42500E+00 -1.45886E+00  3.48995E-01  3.43553E-01  9.34355E+00
  1.44000E+00 -1.43331E+00  3.54095E-01  3.48652E-01  9.34865E+00
  1.45500E+00 -1.40913E+00  3.58783E-01  3.53341E-01  9.35334E+00
  1.47000E+00 -1.38495E+00  3.63102E-01  3.57660E-01  9.35766E+00
  1.48500E+00 -1.36174E+00  3.67098E-01  3.61656E-01  9.36166E+00
  1.50000E+00 -1.33915E+00  3.70854E-01  3.65412E-01  9.36541E+00
  1.51500E+00 -1.31695E+00  3.74302E-01  3.68860E-01  9.36886E+00
  1.53000E+00 -1.29532E+00  3.77381E-01  3.71939E-01  9.37194E+00
  1.55000E+00 -1.26736E+00  3.81054E-01  3.75612E-01  9.37561E+00
  1.57000E+00 -1.24035E+00  3.84372E-01  3.78930E-01  9.37893E+00
  1.59000E+00 -1.21400E+00  3.87269E-01  3.81827E-01  9.38183E+00
  1.61000E+00 -1.18853E+00  3.89692E-01  3.84250E-01  9.38425E+00
  1.63000E+00 -1.16389E+00  3.91770E-01  3.86327E-01  9.38633E+00
  1.65000E+00 -1.14006E+00  3.93632E-01  3.88190E-01  9.38819E+00
  1.67000E+00 -1.11670E+00  3.94972E-01  3.89530E-01  9.38953E+00
  1.69000E+00 -1.09409E+00  3.96329E-01  3.90887E-01  9.39089E+00
  1.71000E+00 -1.07220E+00  3.97110E-01  3.91668E-01  9.39167E+00
  1.73000E+00 -1.05099E+00  3.97906E-01  3.92464E-01  9.39246E+00
  1.75000E+00 -1.03023E+00  3.98214E-01  3.92772E-01  9.39277E+00
  1.77000E+00 -1.01010E+00  3.98536E-01  3.93094E-01  9.39309E+00
  1.80000E+00 -9.81058E-01  3.98452E-01  3.93010E-01  9.39301E+00
  1.82000E+00 -9.62285E-01  3.98172E-01  3.92730E-01  9.39273E+00
  1.85000E+00 -9.35166E-01  3.97358E-01  3.91916E-01  9.39192E+00
  1.87000E+00 -9.17748E-01  3.96535E-01  3.91093E-01  9.39109E+00
  1.90000E+00 -8.92561E-01  3.95320E-01  3.89878E-01  9.38988E+00
  1.92000E+00 -8.76299E-01  3.94230E-01  3.88788E-01  9.38879E+00
  1.95000E+00 -8.52763E-01  3.92612E-01  3.87170E-01  9.38717E+00
  1.97000E+00 -8.37579E-01  3.91320E-01  3.85878E-01  9.38588E+00
  2.00000E+00 -8.15584E-01  3.89394E-01  3.83952E-01  9.38395E+00
  2.03000E+00 -7.94277E-01  3.87077E-01  3.81635E-01  9.38164E+00
  2.07000E+00 -7.67192E-01  3.84010E-01  3.78568E-01  9.37857E+00
  2.11000E+00 -7.41523E-01  3.80516E-01  3.75074E-01  9.37507E+00
  2.15000E+00 -7.17171E-01  3.77044E-01  3.71602E-01  9.37160E+00
  2.18000E+00 -6.99491E-01  3.74206E-01  3.68764E-01  9.36876E+00
  2.22000E+00 -6.76952E-01  3.70437E-01  3.64995E-01  9.36500E+00
  2.26000E+00 -6.55522E-01  3.66404E-01  3.60962E-01  9.36096E+00
  2.30000E+00 -6.35129E-01  3.62387E-01  3.56945E-01  9.35694E+00
  2.32000E+00 -6.25222E-01  3.60297E-01  3.54855E-01  9.35486E+00
  2.35000E+00 -6.10804E-01  3.57170E-01  3.51728E-01  9.35173E+00
  2.37000E+00 -6.01476E-01  3.55089E-01  3.49647E-01  9.34965E+00
  2.40000E+00 -5.87892E-01  3.51973E-01  3.46531E-01  9.34653E+00
  2.42000E+00 -5.79061E-01  3.49843E-01  3.44401E-01  9.34440E+00
  2.45000E+00 -5.66193E-01  3.46653E-01  3.41211E-01  9.34121E+00
  2.48000E+00 -5.53763E-01  3.43470E-01  3.38028E-01  9.33803E+00
  2.50000E+00 -5.45709E-01  3.41351E-01  3.35909E-01  9.33591E+00
  2.53000E+00 -5.33899E-01  3.38155E-01  3.32713E-01  9.33271E+00
  2.56000E+00 -5.22480E-01  3.34965E-01  3.29523E-01  9.32952E+00
  2.59000E+00 -5.11433E-01  3.31780E-01  3.26338E-01  9.32634E+00
  2.62100E+00 -5.00393E-01  3.28494E-01  3.23052E-01  9.32305E+00
  2.62200E+00 -5.00043E-01  3.28389E-01  3.22947E-01  9.32295E+00
  2.62300E+00 -4.99694E-01  3.28284E-01  3.22842E-01  9.32284E+00
  2.67000E+00 -4.83628E-01  3.23424E-01  3.17982E-01  9.31798E+00
  2.71000E+00 -4.70518E-01  3.19297E-01  3.13855E-01  9.31385E+00
  2.75000E+00 -4.57947E-01  3.15176E-01  3.09734E-01  9.30973E+00
  2.80000E+00 -4.42948E-01  3.10034E-01  3.04592E-01  9.30459E+00
  2.85000E+00 -4.28599E-01  3.05059E-01  2.99617E-01  9.29962E+00
  2.90000E+00 -4.14951E-01  3.00092E-01  2.94650E-01  9.29465E+00
  2.95000E+00 -4.01903E-01  2.95278E-01  2.89836E-01  9.28984E+00
  2.98000E+00 -3.94374E-01  2.92393E-01  2.86951E-01  9.28695E+00
  3.00000E+00 -3.89474E-01  2.90470E-01  2.85028E-01  9.28503E+00
  3.03000E+00 -3.82230E-01  2.87675E-01  2.82233E-01  9.28223E+00
  3.07000E+00 -3.72886E-01  2.83951E-01  2.78509E-01  9.27851E+00
  3.11000E+00 -3.63888E-01  2.80232E-01  2.74790E-01  9.27479E+00
  3.15000E+00 -3.55218E-01  2.76516E-01  2.71074E-01  9.27107E+00
  3.18000E+00 -3.48921E-01  2.73870E-01  2.68428E-01  9.26843E+00
  3.22000E+00 -3.40787E-01  2.70345E-01  2.64903E-01  9.26490E+00
  3.26000E+00 -3.32939E-01  2.66823E-01  2.61381E-01  9.26138E+00
  3.30000E+00 -3.25365E-01  2.63304E-01  2.57862E-01  9.25786E+00
  3.35000E+00 -3.16186E-01  2.59125E-01  2.53683E-01  9.25368E+00
  3.40000E+00 -3.07397E-01  2.54951E-01  2.49509E-01  9.24951E+00
  3.45000E+00 -2.98975E-01  2.50941E-01  2.45499E-01  9.24550E+00
  3.50000E+00 -2.90900E-01  2.46935E-01  2.41493E-01  9.24149E+00
  3.53000E+00 -2.86171E-01  2.44642E-01  2.39200E-01  9.23920E+00
  3.57000E+00 -2.80045E-01  2.41587E-01  2.36145E-01  9.23615E+00
  3.61000E+00 -2.74117E-01  2.38534E-01  2.33092E-01  9.23309E+00
  3.65000E+00 -2.68377E-01  2.35483E-01  2.30041E-01  9.23004E+00
  3.68000E+00 -2.64192E-01  2.33328E-01  2.27886E-01  9.22789E+00
  3.72000E+00 -2.58764E-01  2.30455E-01  2.25013E-01  9.22501E+00
  3.76000E+00 -2.53503E-01  2.27584E-01  2.22142E-01  9.22214E+00
  3.80000E+00 -2.48404E-01  2.24715E-01  2.19273E-01  9.21927E+00
  3.85000E+00 -2.42208E-01  2.21319E-01  2.15877E-01  9.21588E+00
  3.90000E+00 -2.36243E-01  2.17925E-01  2.12483E-01  9.21248E+00
  3.95000E+00 -2.30499E-01  2.14674E-01  2.09232E-01  9.20923E+00
  4.00000E+00 -2.24963E-01  2.11425E-01  2.05983E-01  9.20598E+00
  4.02000E+00 -2.22789E-01  2.10167E-01  2.04725E-01  9.20472E+00
  4.04000E+00 -2.20646E-01  2.08909E-01  2.03467E-01  9.20347E+00
  4.06000E+00 -2.18534E-01  2.07666E-01  2.02224E-01  9.20222E+00
  4.08600E+00 -2.15834E-01  2.06051E-01  2.00609E-01  9.20061E+00
  4.14000E+00 -2.10385E-01  2.02793E-01  1.97351E-01  9.19735E+00
  4.19000E+00 -2.05524E-01  1.99779E-01  1.94337E-01  9.19434E+00
  4.25000E+00 -1.99911E-01  1.96330E-01  1.90888E-01  9.19089E+00
  4.30000E+00 -1.95409E-01  1.93458E-01  1.88016E-01  9.18802E+00
  4.35000E+00 -1.91027E-01  1.90710E-01  1.85268E-01  9.18527E+00
  4.40000E+00 -1.86792E-01  1.87963E-01  1.82521E-01  9.18252E+00
  4.45000E+00 -1.82698E-01  1.85322E-01  1.79880E-01  9.17988E+00
  4.50000E+00 -1.78737E-01  1.82683E-01  1.77240E-01  9.17724E+00
  4.58000E+00 -1.72636E-01  1.78662E-01  1.73219E-01  9.17322E+00
  4.65000E+00 -1.67551E-01  1.75146E-01  1.69704E-01  9.16970E+00
  4.73000E+00 -1.62011E-01  1.71363E-01  1.65921E-01  9.16592E+00
  4.80000E+00 -1.57387E-01  1.68056E-01  1.62614E-01  9.16261E+00
  4.85000E+00 -1.54193E-01  1.65812E-01  1.60370E-01  9.16037E+00
  4.90000E+00 -1.51094E-01  1.63569E-01  1.58127E-01  9.15813E+00
  4.95000E+00 -1.48089E-01  1.61417E-01  1.55975E-01  9.15598E+00
  5.00000E+00 -1.45173E-01  1.59266E-01  1.53824E-01  9.15382E+00
  5.05000E+00 -1.42322E-01  1.57196E-01  1.51754E-01  9.15175E+00
  5.10000E+00 -1.39555E-01  1.55128E-01  1.49686E-01  9.14969E+00
  5.15000E+00 -1.36868E-01  1.53130E-01  1.47688E-01  9.14769E+00
  5.20000E+00 -1.34257E-01  1.51134E-01  1.45692E-01  9.14569E+00
  5.26000E+00 -1.31222E-01  1.48881E-01  1.43439E-01  9.14344E+00
  5.31000E+00 -1.28769E-01  1.47004E-01  1.41562E-01  9.14156E+00
  5.36000E+00 -1.26375E-01  1.45128E-01  1.39686E-01  9.13969E+00
  5.41472E+00 -1.23830E-01  1.43075E-01  1.37633E-01  9.13763E+00
  5.49000E+00 -1.20453E-01  1.40435E-01  1.34993E-01  9.13499E+00
  5.56000E+00 -1.17425E-01  1.37981E-01  1.32539E-01  9.13254E+00
  5.63000E+00 -1.14507E-01  1.35646E-01  1.30204E-01  9.13020E+00
  5.70000E+00 -1.11697E-01  1.33312E-01  1.27870E-01  9.12787E+00
  5.78000E+00 -1.08610E-01  1.30782E-01  1.25339E-01  9.12534E+00
  5.85000E+00 -1.06013E-01  1.28569E-01  1.23126E-01  9.12313E+00
  5.92000E+00 -1.03507E-01  1.26480E-01  1.21037E-01  9.12104E+00
  6.00000E+00 -1.00750E-01  1.24093E-01  1.18651E-01  9.11865E+00
  6.05000E+00 -9.90683E-02  1.22689E-01  1.17247E-01  9.11725E+00
  6.10000E+00 -9.74277E-02  1.21286E-01  1.15844E-01  9.11584E+00
  6.20000E+00 -9.42659E-02  1.18480E-01  1.13038E-01  9.11304E+00
  6.30000E+00 -9.12550E-02  1.15854E-01  1.10412E-01  9.11041E+00
  6.35000E+00 -8.98031E-02  1.14542E-01  1.09100E-01  9.10910E+00
  6.40384E+00 -8.82779E-02  1.13130E-01  1.07688E-01  9.10769E+00
  6.48000E+00 -8.61856E-02  1.11295E-01  1.05853E-01  9.10585E+00
  6.55000E+00 -8.43203E-02  1.09610E-01  1.04168E-01  9.10417E+00
  6.63000E+00 -8.22583E-02  1.07684E-01  1.02242E-01  9.10224E+00
  6.70000E+00 -8.05151E-02  1.06000E-01  1.00558E-01  9.10056E+00
  6.78000E+00 -7.85894E-02  1.04208E-01  9.87664E-02  9.09877E+00
  6.85000E+00 -7.69603E-02  1.02641E-01  9.71995E-02  9.09720E+00
  6.92000E+00 -7.53809E-02  1.01153E-01  9.57109E-02  9.09571E+00
  7.00000E+00 -7.36344E-02  9.94521E-02  9.40101E-02  9.09401E+00
  7.07000E+00 -7.21442E-02  9.80634E-02  9.26213E-02  9.09262E+00
  7.15000E+00 -7.04953E-02  9.64767E-02  9.10347E-02  9.09103E+00
  7.22000E+00 -6.90981E-02  9.50888E-02  8.96467E-02  9.08965E+00
  7.30000E+00 -6.75511E-02  9.35030E-02  8.80609E-02  9.08806E+00
  7.40000E+00 -6.56888E-02  9.16667E-02  8.62246E-02  9.08622E+00
  7.50000E+00 -6.39017E-02  8.98309E-02  8.43888E-02  9.08439E+00
  7.57000E+00 -6.26889E-02  8.86383E-02  8.31962E-02  9.08320E+00
  7.65000E+00 -6.13441E-02  8.72757E-02  8.18336E-02  9.08183E+00
  7.72000E+00 -6.02023E-02  8.60837E-02  8.06416E-02  9.08064E+00
  7.80000E+00 -5.89356E-02  8.47218E-02  7.92797E-02  9.07928E+00
  7.90000E+00 -5.74071E-02  8.31422E-02  7.77001E-02  9.07770E+00
  8.00000E+00 -5.59368E-02  8.15632E-02  7.61211E-02  9.07612E+00
  8.02000E+00 -5.56476E-02  8.12593E-02  7.58172E-02  9.07582E+00
  8.04778E+00 -5.52497E-02  8.08372E-02  7.53951E-02  9.07540E+00
  8.17000E+00 -5.35480E-02  7.90509E-02  7.36088E-02  9.07361E+00
  8.30000E+00 -5.18220E-02  7.71516E-02  7.17095E-02  9.07171E+00
  8.40000E+00 -5.05497E-02  7.57812E-02  7.03391E-02  9.07034E+00
  8.50000E+00 -4.93232E-02  7.44112E-02  6.89691E-02  9.06897E+00
  8.65000E+00 -4.75550E-02  7.24902E-02  6.70481E-02  9.06705E+00
  8.80000E+00 -4.58790E-02  7.05699E-02  6.51278E-02  9.06513E+00
  8.90000E+00 -4.48098E-02  6.93723E-02  6.39302E-02  9.06393E+00
  9.00000E+00 -4.37770E-02  6.81750E-02  6.27329E-02  9.06273E+00
  9.15000E+00 -4.22861E-02  6.64911E-02  6.10490E-02  9.06105E+00
  9.30000E+00 -4.08691E-02  6.48078E-02  5.93657E-02  9.05937E+00
  9.40000E+00 -3.99630E-02  6.37549E-02  5.83128E-02  9.05831E+00
  9.50000E+00 -3.90863E-02  6.27023E-02  5.72602E-02  9.05726E+00
  9.65000E+00 -3.78193E-02  6.12536E-02  5.58115E-02  9.05581E+00
  9.80000E+00 -3.66120E-02  5.98054E-02  5.43633E-02  9.05436E+00
  9.90000E+00 -3.58385E-02  5.88402E-02  5.33981E-02  9.05340E+00
  1.00000E+01 -3.50888E-02  5.78752E-02  5.24331E-02  9.05243E+00
  1.01500E+01 -3.40019E-02  5.66043E-02  5.11623E-02  9.05116E+00
  1.03000E+01 -3.29638E-02  5.53339E-02  4.98918E-02  9.04989E+00
  1.04500E+01 -3.19717E-02  5.40638E-02  4.86218E-02  9.04862E+00
  1.06000E+01 -3.10230E-02  5.27941E-02  4.73521E-02  9.04735E+00
  1.07500E+01 -3.01152E-02  5.16508E-02  4.62088E-02  9.04621E+00
  1.09000E+01 -2.92437E-02  5.05078E-02  4.50657E-02  9.04507E+00
  1.11000E+01 -2.81368E-02  4.90843E-02  4.36422E-02  9.04364E+00
  1.11600E+01 -2.78168E-02  4.86573E-02  4.32152E-02  9.04322E+00
  1.12200E+01 -2.75021E-02  4.82304E-02  4.27883E-02  9.04279E+00
  1.13600E+01 -2.67878E-02  4.73176E-02  4.18755E-02  9.04188E+00
  1.15000E+01 -2.61005E-02  4.64050E-02  4.09629E-02  9.04096E+00
  1.16000E+01 -2.56231E-02  4.57532E-02  4.03111E-02  9.04031E+00
  1.17000E+01 -2.51585E-02  4.51016E-02  3.96595E-02  9.03966E+00
  1.19000E+01 -2.42657E-02  4.39123E-02  3.84702E-02  9.03847E+00
  1.20000E+01 -2.38367E-02  4.33178E-02  3.78757E-02  9.03788E+00
  1.21000E+01 -2.34187E-02  4.27234E-02  3.72813E-02  9.03728E+00
  1.22500E+01 -2.28116E-02  4.19103E-02  3.64682E-02  9.03647E+00
  1.24000E+01 -2.22263E-02  4.10974E-02  3.56553E-02  9.03566E+00
  1.25000E+01 -2.18480E-02  4.05556E-02  3.51135E-02  9.03511E+00
  1.26000E+01 -2.14790E-02  4.00138E-02  3.45717E-02  9.03457E+00
  1.28000E+01 -2.07679E-02  3.90230E-02  3.35809E-02  9.03358E+00
  1.29000E+01 -2.04253E-02  3.85277E-02  3.30856E-02  9.03309E+00
  1.30000E+01 -2.00909E-02  3.80325E-02  3.25904E-02  9.03259E+00
  1.31500E+01 -1.96019E-02  3.73509E-02  3.19088E-02  9.03191E+00
  1.33000E+01 -1.91301E-02  3.66695E-02  3.12274E-02  9.03123E+00
  1.34000E+01 -1.88248E-02  3.62153E-02  3.07732E-02  9.03077E+00
  1.35000E+01 -1.85266E-02  3.57612E-02  3.03191E-02  9.03032E+00
  1.36500E+01 -1.80921E-02  3.51400E-02  2.96979E-02  9.02970E+00
  1.38000E+01 -1.76723E-02  3.45189E-02  2.90768E-02  9.02908E+00
  1.39000E+01 -1.74004E-02  3.41049E-02  2.86628E-02  9.02866E+00
  1.40000E+01 -1.71346E-02  3.36910E-02  2.82489E-02  9.02825E+00
  1.43000E+01 -1.63690E-02  3.25568E-02  2.71147E-02  9.02711E+00
  1.45000E+01 -1.58861E-02  3.18008E-02  2.63587E-02  9.02636E+00
  1.48000E+01 -1.52000E-02  3.07624E-02  2.53203E-02  9.02532E+00
  1.50000E+01 -1.47665E-02  3.00704E-02  2.46283E-02  9.02463E+00
  1.51500E+01 -1.44513E-02  2.95974E-02  2.41553E-02  9.02416E+00
  1.53000E+01 -1.41458E-02  2.91244E-02  2.36823E-02  9.02368E+00
  1.54500E+01 -1.38497E-02  2.86516E-02  2.32095E-02  9.02321E+00
  1.56000E+01 -1.35625E-02  2.81788E-02  2.27367E-02  9.02274E+00
  1.57500E+01 -1.32840E-02  2.77501E-02  2.23080E-02  9.02231E+00
  1.59000E+01 -1.30138E-02  2.73215E-02  2.18794E-02  9.02188E+00
  1.60500E+01 -1.27515E-02  2.68929E-02  2.14509E-02  9.02145E+00
  1.62000E+01 -1.24968E-02  2.64644E-02  2.10224E-02  9.02102E+00
  1.63500E+01 -1.22496E-02  2.60757E-02  2.06337E-02  9.02063E+00
  1.65000E+01 -1.20094E-02  2.56871E-02  2.02450E-02  9.02025E+00
  1.66500E+01 -1.17748E-02  2.52985E-02  1.98564E-02  9.01986E+00
  1.68000E+01 -1.15469E-02  2.49100E-02  1.94679E-02  9.01947E+00
  1.69500E+01 -1.13254E-02  2.45582E-02  1.91161E-02  9.01912E+00
  1.71000E+01 -1.11100E-02  2.42065E-02  1.87644E-02  9.01876E+00
  1.73000E+01 -1.08320E-02  2.37376E-02  1.82955E-02  9.01830E+00
  1.74790E+01 -1.05917E-02  2.33180E-02  1.78759E-02  9.01788E+00
  1.76000E+01 -1.04337E-02  2.30727E-02  1.76306E-02  9.01763E+00
  1.78000E+01 -1.01791E-02  2.26672E-02  1.72251E-02  9.01723E+00
  1.81000E+01 -9.80656E-03  2.20591E-02  1.66170E-02  9.01662E+00
  1.84000E+01 -9.44134E-03  2.14511E-02  1.60090E-02  9.01601E+00
  1.85500E+01 -9.26613E-03  2.11472E-02  1.57051E-02  9.01571E+00
  1.87000E+01 -9.09569E-03  2.08433E-02  1.54012E-02  9.01540E+00
  1.89000E+01 -8.87535E-03  2.04940E-02  1.50519E-02  9.01505E+00
  1.91000E+01 -8.66253E-03  2.01448E-02  1.47027E-02  9.01470E+00
  1.92500E+01 -8.50764E-03  1.98828E-02  1.44407E-02  9.01444E+00
  1.94000E+01 -8.35670E-03  1.96210E-02  1.41789E-02  9.01418E+00
  1.97000E+01 -8.06634E-03  1.90973E-02  1.36552E-02  9.01366E+00
  2.00000E+01 -7.79051E-03  1.85737E-02  1.31316E-02  9.01313E+00
  2.03000E+01 -7.52763E-03  1.81190E-02  1.26769E-02  9.01268E+00
  2.06000E+01 -7.27997E-03  1.76643E-02  1.22222E-02  9.01222E+00
  2.09000E+01 -7.04737E-03  1.72097E-02  1.17677E-02  9.01177E+00
  2.11000E+01 -6.90110E-03  1.69067E-02  1.14647E-02  9.01146E+00
  2.14000E+01 -6.68961E-03  1.65140E-02  1.10719E-02  9.01107E+00
  2.16000E+01 -6.55355E-03  1.62522E-02  1.08101E-02  9.01081E+00
  2.19000E+01 -6.35662E-03  1.58595E-02  1.04174E-02  9.01042E+00
  2.20300E+01 -6.27395E-03  1.56894E-02  1.02473E-02  9.01025E+00
  2.21630E+01 -6.19097E-03  1.55154E-02  1.00733E-02  9.01007E+00
  2.25000E+01 -5.98773E-03  1.51369E-02  9.69486E-03  9.00969E+00
  2.29000E+01 -5.75885E-03  1.46879E-02  9.24581E-03  9.00925E+00
  2.33000E+01 -5.54189E-03  1.42389E-02  8.79687E-03  9.00880E+00
  2.36000E+01 -5.38673E-03  1.39023E-02  8.46024E-03  9.00846E+00
  2.40000E+01 -5.18948E-03  1.35206E-02  8.07853E-03  9.00808E+00
  2.43000E+01 -5.04834E-03  1.32344E-02  7.79231E-03  9.00779E+00
  2.47000E+01 -4.86866E-03  1.28528E-02  7.41076E-03  9.00741E+00
  2.50000E+01 -4.73993E-03  1.25667E-02  7.12465E-03  9.00712E+00
  2.53000E+01 -4.61553E-03  1.23181E-02  6.87602E-03  9.00688E+00
  2.56000E+01 -4.49581E-03  1.20695E-02  6.62744E-03  9.00663E+00
  2.59000E+01 -4.38053E-03  1.18209E-02  6.37889E-03  9.00638E+00
  2.62000E+01 -4.26949E-03  1.15724E-02  6.13038E-03  9.00613E+00
  2.65000E+01 -4.16247E-03  1.13534E-02  5.91131E-03  9.00591E+00
  2.68000E+01 -4.05930E-03  1.11344E-02  5.69228E-03  9.00569E+00
  2.71000E+01 -3.95979E-03  1.09154E-02  5.47328E-03  9.00547E+00
  2.74700E+01 -3.84187E-03  1.06453E-02  5.20322E-03  9.00520E+00
  2.78000E+01 -3.74093E-03  1.04325E-02  4.99036E-03  9.00499E+00
  2.81000E+01 -3.65235E-03  1.02390E-02  4.79688E-03  9.00480E+00
  2.84000E+01 -3.56656E-03  1.00455E-02  4.60343E-03  9.00460E+00
  2.87000E+01 -3.48365E-03  9.85208E-03  4.41000E-03  9.00441E+00
  2.91000E+01 -3.37738E-03  9.62300E-03  4.18092E-03  9.00418E+00
  2.94000E+01 -3.30072E-03  9.45121E-03  4.00913E-03  9.00401E+00
  2.97000E+01 -3.22656E-03  9.27944E-03  3.83737E-03  9.00384E+00
  3.00000E+01 -3.15478E-03  9.10770E-03  3.66563E-03  9.00367E+00
  3.04000E+01 -3.06231E-03  8.91792E-03  3.47585E-03  9.00348E+00
  3.08000E+01 -2.97370E-03  8.72817E-03  3.28610E-03  9.00329E+00
  3.12000E+01 -2.88874E-03  8.53845E-03  3.09638E-03  9.00310E+00
  3.15000E+01 -2.82731E-03  8.39619E-03  2.95412E-03  9.00295E+00
  3.19000E+01 -2.74830E-03  8.20653E-03  2.76446E-03  9.00276E+00
  3.23000E+01 -2.67244E-03  8.01690E-03  2.57483E-03  9.00257E+00
  3.26000E+01 -2.61752E-03  7.87469E-03  2.43262E-03  9.00243E+00
  3.30000E+01 -2.54679E-03  7.68511E-03  2.24304E-03  9.00224E+00
  3.34000E+01 -2.47862E-03  7.53728E-03  2.09521E-03  9.00210E+00
  3.38000E+01 -2.41305E-03  7.38948E-03  1.94741E-03  9.00195E+00
  3.41000E+01 -2.36551E-03  7.27865E-03  1.83658E-03  9.00184E+00
  3.45000E+01 -2.30420E-03  7.13088E-03  1.68881E-03  9.00169E+00
  3.49000E+01 -2.24515E-03  6.98314E-03  1.54107E-03  9.00154E+00
  3.53000E+01 -2.18812E-03  6.83542E-03  1.39335E-03  9.00139E+00
  3.57000E+01 -2.13310E-03  6.68772E-03  1.24565E-03  9.00125E+00
  3.60300E+01 -2.08920E-03  6.56588E-03  1.12381E-03  9.00112E+00
  3.65000E+01 -2.02890E-03  6.42266E-03  9.80593E-04  9.00098E+00
  3.70000E+01 -1.96746E-03  6.27032E-03  8.28256E-04  9.00083E+00
  3.75000E+01 -1.90867E-03  6.11801E-03  6.75944E-04  9.00068E+00
  3.80000E+01 -1.85239E-03  5.96572E-03  5.23656E-04  9.00052E+00
  3.85000E+01 -1.79846E-03  5.83377E-03  3.91702E-04  9.00039E+00
  3.90000E+01 -1.74678E-03  5.70184E-03  2.59770E-04  9.00026E+00
  3.95000E+01 -1.69720E-03  5.56992E-03  1.27858E-04  9.00013E+00
  4.00000E+01 -1.64964E-03  5.43803E-03 -4.03552E-06  9.00000E+00
  4.08000E+01 -1.57716E-03  5.27541E-03 -1.66652E-04  8.99983E+00
  4.15000E+01 -1.51745E-03  5.13316E-03 -3.08907E-04  8.99969E+00
  4.23000E+01 -1.45311E-03  4.97062E-03 -4.71445E-04  8.99953E+00
  4.30000E+01 -1.40000E-03  4.82843E-03 -6.13636E-04  8.99939E+00
  4.38000E+01 -1.34265E-03  4.66596E-03 -7.76107E-04  8.99922E+00
  4.45000E+01 -1.29521E-03  4.52383E-03 -9.18242E-04  8.99908E+00
  4.53000E+01 -1.24385E-03  4.36142E-03 -1.08065E-03  8.99892E+00
  4.60000E+01 -1.20122E-03  4.21933E-03 -1.22274E-03  8.99878E+00
  4.65000E+01 -1.17204E-03  4.14478E-03 -1.29729E-03  8.99870E+00
  4.70000E+01 -1.14388E-03  4.07025E-03 -1.37182E-03  8.99863E+00
  4.80000E+01 -1.09039E-03  3.92121E-03 -1.52086E-03  8.99848E+00
  4.90000E+01 -1.04044E-03  3.77220E-03 -1.66987E-03  8.99833E+00
  4.95000E+01 -1.01669E-03  3.69771E-03 -1.74436E-03  8.99826E+00
  5.00000E+01 -9.93717E-04  3.62323E-03 -1.81884E-03  8.99818E+00
  5.10000E+01 -9.49838E-04  3.51384E-03 -1.92823E-03  8.99807E+00
  5.20000E+01 -9.08693E-04  3.40447E-03 -2.03760E-03  8.99796E+00
  5.30000E+01 -8.70063E-04  3.29513E-03 -2.14694E-03  8.99785E+00
  5.40000E+01 -8.33753E-04  3.18581E-03 -2.25626E-03  8.99774E+00
  5.50000E+01 -7.99584E-04  3.07651E-03 -2.36556E-03  8.99763E+00
  5.60000E+01 -7.67363E-04  2.96723E-03 -2.47484E-03  8.99753E+00
  5.68000E+01 -7.42914E-04  2.87983E-03 -2.56224E-03  8.99744E+00
  5.75300E+01 -7.21570E-04  2.80008E-03 -2.64199E-03  8.99736E+00
  5.80000E+01 -7.08292E-04  2.75987E-03 -2.68220E-03  8.99732E+00
  5.85000E+01 -6.94548E-04  2.71710E-03 -2.72497E-03  8.99728E+00
  5.95400E+01 -6.67164E-04  2.62815E-03 -2.81392E-03  8.99719E+00
  5.98000E+01 -6.60561E-04  2.60720E-03 -2.83487E-03  8.99717E+00
  6.00000E+01 -6.55546E-04  2.59109E-03 -2.85098E-03  8.99715E+00
  6.15000E+01 -6.19550E-04  2.48805E-03 -2.95402E-03  8.99705E+00
  6.23000E+01 -6.01504E-04  2.43311E-03 -3.00896E-03  8.99699E+00
  6.30000E+01 -5.86328E-04  2.38505E-03 -3.05702E-03  8.99694E+00
  6.40000E+01 -5.65585E-04  2.31639E-03 -3.12568E-03  8.99687E+00
  6.50000E+01 -5.45881E-04  2.24775E-03 -3.19432E-03  8.99681E+00
  6.59000E+01 -5.28980E-04  2.18598E-03 -3.25609E-03  8.99674E+00
  6.68300E+01 -5.12294E-04  2.12215E-03 -3.31992E-03  8.99668E+00
  6.74000E+01 -5.02439E-04  2.09066E-03 -3.35141E-03  8.99665E+00
  6.80000E+01 -4.92358E-04  2.05751E-03 -3.38456E-03  8.99662E+00
  7.00000E+01 -4.60774E-04  1.94703E-03 -3.49504E-03  8.99650E+00
  7.10000E+01 -4.46060E-04  1.90001E-03 -3.54206E-03  8.99646E+00
  7.20000E+01 -4.32012E-04  1.85299E-03 -3.58908E-03  8.99641E+00
  7.35000E+01 -4.12104E-04  1.78249E-03 -3.65958E-03  8.99634E+00
  7.49600E+01 -3.93969E-04  1.71387E-03 -3.72820E-03  8.99627E+00
  7.60000E+01 -3.81743E-04  1.67124E-03 -3.77083E-03  8.99623E+00
  7.71100E+01 -3.69286E-04  1.62574E-03 -3.81633E-03  8.99618E+00
  7.86000E+01 -3.53464E-04  1.57002E-03 -3.87205E-03  8.99613E+00
  8.00000E+01 -3.39471E-04  1.51768E-03 -3.92439E-03  8.99608E+00
  8.30000E+01 -3.12058E-04  1.42740E-03 -4.01467E-03  8.99599E+00
  8.50000E+01 -2.95518E-04  1.36724E-03 -4.07483E-03  8.99593E+00
  8.80000E+01 -2.72981E-04  1.27702E-03 -4.16505E-03  8.99583E+00
  9.00000E+01 -2.59304E-04  1.21689E-03 -4.22518E-03  8.99577E+00
  9.30000E+01 -2.40584E-04  1.15114E-03 -4.29094E-03  8.99571E+00
  9.50000E+01 -2.29166E-04  1.10731E-03 -4.33476E-03  8.99567E+00
  9.80000E+01 -2.13461E-04  1.04159E-03 -4.40048E-03  8.99560E+00
  9.90000E+01 -2.08570E-04  1.01969E-03 -4.42238E-03  8.99558E+00
  1.00000E+02 -2.03838E-04  9.97792E-04 -4.44428E-03  8.99556E+00
  1.03000E+02 -1.90575E-04  9.64154E-04 -4.47792E-03  8.99552E+00
  1.05000E+02 -1.82413E-04  9.41737E-04 -4.50033E-03  8.99550E+00
  1.08000E+02 -1.71083E-04  9.08122E-04 -4.53395E-03  8.99547E+00
  1.10000E+02 -1.64085E-04  8.85720E-04 -4.55635E-03  8.99544E+00
  1.13000E+02 -1.54337E-04  8.52126E-04 -4.58994E-03  8.99541E+00
  1.15000E+02 -1.48295E-04  8.29735E-04 -4.61233E-03  8.99539E+00
  1.18000E+02 -1.39914E-04  7.96158E-04 -4.64591E-03  8.99535E+00
  1.20000E+02 -1.34702E-04  7.73777E-04 -4.66829E-03  8.99533E+00
  1.24000E+02 -1.25086E-04  7.29027E-04 -4.71304E-03  8.99529E+00
  1.27000E+02 -1.18510E-04  6.95473E-04 -4.74660E-03  8.99525E+00
  1.30000E+02 -1.12422E-04  6.61926E-04 -4.78014E-03  8.99522E+00
  1.33000E+02 -1.06814E-04  6.28384E-04 -4.81368E-03  8.99519E+00
  1.39000E+02 -9.67489E-05  5.61316E-04 -4.88075E-03  8.99512E+00
  1.45400E+02 -8.75069E-05  4.89797E-04 -4.95227E-03  8.99505E+00
  1.46700E+02 -8.57886E-05  4.81787E-04 -4.96028E-03  8.99504E+00
  1.48000E+02 -8.41187E-05  4.73777E-04 -4.96829E-03  8.99503E+00
  1.50000E+02 -8.16402E-05  4.61456E-04 -4.98062E-03  8.99502E+00
  1.58000E+02 -7.27740E-05  4.30046E-04 -5.01203E-03  8.99499E+00
  1.65000E+02 -6.61183E-05  4.02578E-04 -5.03950E-03  8.99496E+00
  1.73000E+02 -5.95854E-05  3.71201E-04 -5.07087E-03  8.99493E+00
  1.80000E+02 -5.46120E-05  3.43757E-04 -5.09832E-03  8.99490E+00
  1.90000E+02 -4.85136E-05  3.04567E-04 -5.13751E-03  8.99486E+00
  2.00000E+02 -4.33634E-05  2.65390E-04 -5.17668E-03  8.99482E+00
  2.10000E+02 -3.91308E-05  2.46191E-04 -5.19588E-03  8.99480E+00
  2.20000E+02 -3.54950E-05  2.27000E-04 -5.21507E-03  8.99478E+00
  2.32000E+02 -3.17773E-05  2.03983E-04 -5.23809E-03  8.99476E+00
  2.44700E+02 -2.84492E-05  1.79632E-04 -5.26244E-03  8.99474E+00
  2.60000E+02 -2.50831E-05  1.61656E-04 -5.28042E-03  8.99472E+00
  2.79200E+02 -2.16211E-05  1.39110E-04 -5.30296E-03  8.99470E+00
  3.00000E+02 -1.85918E-05  1.20884E-04 -5.32118E-03  8.99468E+00
  3.16500E+02 -1.67557E-05  1.08828E-04 -5.33324E-03  8.99467E+00
  3.20100E+02 -1.63916E-05  1.06447E-04 -5.33563E-03  8.99466E+00
  3.44300E+02 -1.42282E-05  9.23056E-05 -5.34977E-03  8.99465E+00
  4.00000E+02 -1.06331E-05  6.87060E-05 -5.37337E-03  8.99463E+00
  4.11100E+02 -1.01414E-05  6.50620E-05 -5.37701E-03  8.99462E+00
  4.11800E+02 -1.01116E-05  6.48432E-05 -5.37723E-03  8.99462E+00
  4.44000E+02 -8.87702E-06  5.58810E-05 -5.38619E-03  8.99461E+00
  4.68050E+02 -8.10301E-06  5.03540E-05 -5.39172E-03  8.99461E+00
  5.00000E+02 -7.22851E-06  4.41854E-05 -5.39789E-03  8.99460E+00
  6.00000E+02 -5.38982E-06  3.06826E-05 -5.41139E-03  8.99459E+00
  6.61600E+02 -4.65543E-06  2.52247E-05 -5.41685E-03  8.99458E+00
  7.00000E+02 -4.30519E-06  2.24967E-05 -5.41958E-03  8.99458E+00
  7.23300E+02 -4.12814E-06  2.10610E-05 -5.42101E-03  8.99458E+00
  7.78900E+02 -3.75408E-06  1.81503E-05 -5.42392E-03  8.99458E+00
  8.00000E+02 -3.62757E-06  1.72008E-05 -5.42487E-03  8.99458E+00
  8.67400E+02 -3.28621E-06  1.46053E-05 -5.42747E-03  8.99457E+00
  8.89200E+02 -3.19668E-06  1.38949E-05 -5.42818E-03  8.99457E+00
  9.00000E+02 -3.15403E-06  1.35631E-05 -5.42851E-03  8.99457E+00
  9.64000E+02 -2.92192E-06  1.18342E-05 -5.43024E-03  8.99457E+00
  1.00000E+03 -2.80511E-06  1.10340E-05 -5.43104E-03  8.99457E+00
  1.00480E+03 -2.77763E-06  1.09399E-05 -5.43113E-03  8.99457E+00
  1.08580E+03 -2.45055E-06  9.30074E-06 -5.43277E-03  8.99457E+00
  1.12050E+03 -2.38157E-06  8.70500E-06 -5.43337E-03  8.99457E+00
  1.12110E+03 -2.38039E-06  8.69533E-06 -5.43338E-03  8.99457E+00
  1.17320E+03 -2.28031E-06  7.91827E-06 -5.43416E-03  8.99457E+00
  1.27450E+03 -2.11751E-06  6.69494E-06 -5.43538E-03  8.99456E+00
  1.33250E+03 -2.02316E-06  6.12520E-06 -5.43594E-03  8.99456E+00
  1.40800E+03 -1.90904E-06  5.48467E-06 -5.43658E-03  8.99456E+00
  1.50000E+03 -1.78227E-06  4.82500E-06 -5.43725E-03  8.99456E+00
  2.00000E+03 -1.32641E-06  2.69727E-06 -5.43937E-03  8.99456E+00
  3.00000E+03 -8.89802E-07  1.18242E-06 -5.44089E-03  8.99456E+00
  4.00000E+03 -6.74214E-07  6.55873E-07 -5.44142E-03  8.99456E+00
  5.00000E+03 -5.44068E-07  4.14682E-07 -5.44166E-03  8.99456E+00
  5.00034E+03 -5.44033E-07  4.14620E-07 -5.44166E-03  8.99456E+00
  6.00000E+03 -4.56726E-07  2.85090E-07 -5.44179E-03  8.99456E+00
  7.00000E+03 -3.93539E-07  2.07698E-07 -5.44186E-03  8.99456E+00
  8.00000E+03 -3.45843E-07  1.57785E-07 -5.44191E-03  8.99456E+00
  9.00000E+03 -3.08542E-07  1.23804E-07 -5.44195E-03  8.99456E+00
  1.00000E+04 -2.78545E-07  9.96740E-08 -5.44197E-03  8.99456E+00
 *** END OF DATA ***
 
