 TITLE = Anomalous Scattering Factors, 10_Ne_asf
 # COLUMNS = 5
 LABEL 1 = photon energy, E (keV)
 LABEL 2 = g'' = -f''CL = -f2
 LABEL 3 = g'
 LABEL 4 = f'
 LABEL 5 = f1
 REMARK BEGIN = 10_Ne_asf
   ASF: ANOMALOUS-SCATTERING-FACTOR CONVERTER, VERSION 9A, May 21, 1996.
   ASF: RUN TIME/DATA/MACHINE= 17:30:22 May 23, 1996 www-phys
   INPUT G' FILE=  /home/rayleigh/data/asf/gne0sl|m=RE
   INPUT G'' FILE= /home/rayleigh/data/asf/gne0sl|m=IM
   OUTPUT FILE=    10_Ne_asf
   ASF: # G' VALUES FOUND IN INPUT G' FILE=     1142
   ASF: # G'' VALUES FOUND IN INPUT G'' FILE=   1172
   ASF: # EXPLICIT BOUND-BOUND TRANSITIONS=    110
   ASF: INPUT G'  FILE EKEVMIN, EKEVMAX=   0.00000E+00  1.00000E+04
   ASF: INPUT G'' FILE EKEVMIN, EKEVMAX=   0.00000E+00  1.00000E+04
       OUTPUT FILE EKEVMIN, EKEVMAX=       0.00000E+00  1.00000E+04
   ASF: RETAIN INPUT-FILE ENERGY GRID.
     # UNIQUE G'/G'' ENERGIES=   1455
 REMARK END = 10_Ne_asf
      E (keV)          g''           g'           f'           f1
  0.00000E+00  0.00000E+00 -9.99091E+00 -9.99794E+00  2.06000E-03
  1.00000E-03  0.00000E+00 -9.99470E+00 -1.00017E+01 -1.70625E-03
  1.50000E-03  0.00000E+00 -9.99945E+00 -1.00065E+01 -6.52248E-03
  2.00000E-03  0.00000E+00 -1.00062E+01 -1.00132E+01 -1.31611E-02
  3.00000E-03  0.00000E+00 -1.00255E+01 -1.00325E+01 -3.24773E-02
  4.00000E-03  0.00000E+00 -1.00530E+01 -1.00601E+01 -6.00580E-02
  5.00000E-03  0.00000E+00 -1.00894E+01 -1.00964E+01 -9.64234E-02
  6.00000E-03  0.00000E+00 -1.01355E+01 -1.01425E+01 -1.42458E-01
  7.00000E-03  0.00000E+00 -1.01925E+01 -1.01995E+01 -1.99494E-01
  7.70965E-03  0.00000E+00 -1.02406E+01 -1.02476E+01 -2.47570E-01
  8.00000E-03  0.00000E+00 -1.02622E+01 -1.02693E+01 -2.69257E-01
  9.00000E-03  0.00000E+00 -1.03472E+01 -1.03542E+01 -3.54245E-01
  9.50000E-03  0.00000E+00 -1.03966E+01 -1.04036E+01 -4.03626E-01
  1.00000E-02  0.00000E+00 -1.04516E+01 -1.04587E+01 -4.58710E-01
  1.08000E-02  0.00000E+00 -1.05538E+01 -1.05608E+01 -5.60767E-01
  1.15000E-02  0.00000E+00 -1.06616E+01 -1.06687E+01 -6.68731E-01
  1.23000E-02  0.00000E+00 -1.08164E+01 -1.08234E+01 -8.23413E-01
  1.30000E-02  0.00000E+00 -1.09968E+01 -1.10038E+01 -1.00382E+00
  1.35000E-02  0.00000E+00 -1.11718E+01 -1.11789E+01 -1.17893E+00
  1.40000E-02  0.00000E+00 -1.14237E+01 -1.14307E+01 -1.43067E+00
  1.45000E-02  0.00000E+00 -1.18612E+01 -1.18682E+01 -1.86822E+00
  1.50000E-02  0.00000E+00 -1.30740E+01 -1.30810E+01 -3.08099E+00
  1.52000E-02  0.00000E+00 -1.48401E+01 -1.48471E+01 -4.84706E+00
  1.54193E-02  0.00000E+00 -4.96540E+02 -4.96547E+02 -4.86547E+02
  1.54199E-02 -7.04571E+02 -2.73723E+02 -2.73730E+02 -2.63730E+02
  1.54206E-02 -1.52657E+03 -1.37699E+01 -1.37769E+01 -3.77691E+00
  1.54219E-02  0.00000E+00  4.68999E+02  4.68992E+02  4.78992E+02
  1.54793E-02  0.00000E+00 -5.64009E+00 -5.64709E+00  4.35291E+00
  1.55100E-02  0.00000E+00 -1.52409E+01 -1.52479E+01 -5.24789E+00
  1.55368E-02  0.00000E+00 -2.44805E+02 -2.44812E+02 -2.34812E+02
  1.55374E-02 -3.49651E+02 -1.34449E+02 -1.34456E+02 -1.24456E+02
  1.55381E-02 -7.57578E+02 -5.70085E+00 -5.70785E+00  4.29215E+00
  1.55394E-02  0.00000E+00  2.33404E+02  2.33397E+02  2.43397E+02
  1.59000E-02  0.00000E+00 -9.01994E+00 -9.02694E+00  9.73064E-01
  1.63276E-02  0.00000E+00 -1.02685E+01 -1.02755E+01 -2.75522E-01
  1.67000E-02  0.00000E+00 -1.07620E+01 -1.07690E+01 -7.68996E-01
  1.71158E-02  0.00000E+00 -1.11962E+01 -1.12032E+01 -1.20318E+00
  1.71171E-02 -1.10933E-02 -1.11942E+01 -1.12012E+01 -1.20115E+00
  1.71185E-02  0.00000E+00 -1.11920E+01 -1.11990E+01 -1.19897E+00
  1.71764E-02  0.00000E+00 -1.12555E+01 -1.12625E+01 -1.26253E+00
  1.72344E-02  0.00000E+00 -1.13189E+01 -1.13259E+01 -1.32590E+00
  1.72357E-02 -5.52727E-03 -1.13186E+01 -1.13256E+01 -1.32562E+00
  1.72370E-02  0.00000E+00 -1.13183E+01 -1.13253E+01 -1.32534E+00
  1.75000E-02  0.00000E+00 -1.16344E+01 -1.16414E+01 -1.64137E+00
  1.76946E-02  0.00000E+00 -1.19470E+01 -1.19540E+01 -1.95397E+00
  1.79000E-02  0.00000E+00 -1.25090E+01 -1.25160E+01 -2.51603E+00
  1.81522E-02  0.00000E+00 -1.11960E+02 -1.11967E+02 -1.01967E+02
  1.81536E-02 -3.19774E+02 -1.28687E+01 -1.28757E+01 -2.87572E+00
  1.81550E-02  0.00000E+00  8.62225E+01  8.62155E+01  9.62155E+01
  1.82123E-02  0.00000E+00 -1.12964E+01 -1.13034E+01 -1.30335E+00
  1.82697E-02  0.00000E+00 -6.09180E+01 -6.09250E+01 -5.09250E+01
  1.82711E-02 -1.58928E+02 -1.16021E+01 -1.16092E+01 -1.60921E+00
  1.82725E-02  0.00000E+00  3.77139E+01  3.77069E+01  4.77069E+01
  1.83612E-02  0.00000E+00 -1.23591E+01 -1.23661E+01 -2.36606E+00
  1.84499E-02  0.00000E+00 -1.16346E+02 -1.16353E+02 -1.06353E+02
  1.84513E-02 -3.33812E+02 -1.09396E+01 -1.09466E+01 -9.46556E-01
  1.84527E-02  0.00000E+00  9.14458E+01  9.14387E+01  1.01439E+02
  1.85100E-02  0.00000E+00 -1.00964E+01 -1.01034E+01 -1.03387E-01
  1.85673E-02  0.00000E+00 -6.17417E+01 -6.17488E+01 -5.17488E+01
  1.85687E-02 -1.65007E+02 -1.03120E+01 -1.03190E+01 -3.19016E-01
  1.85701E-02  0.00000E+00  4.11182E+01  4.11112E+01  5.11112E+01
  1.87812E-02  0.00000E+00 -1.14796E+01 -1.14866E+01 -1.48664E+00
  1.89924E-02  0.00000E+00 -5.01227E+01 -5.01298E+01 -4.01298E+01
  1.89938E-02 -1.19544E+02 -1.26333E+01 -1.26404E+01 -2.64037E+00
  1.89952E-02  0.00000E+00  2.48559E+01  2.48488E+01  3.48488E+01
  1.90532E-02  0.00000E+00 -1.28885E+01 -1.28956E+01 -2.89556E+00
  1.91113E-02  0.00000E+00 -8.84394E+01 -8.84464E+01 -7.84464E+01
  1.91127E-02 -2.44303E+02 -9.69654E+00 -9.70354E+00  2.96461E-01
  1.91140E-02  0.00000E+00  6.34326E+01  6.34256E+01  7.34256E+01
  1.91716E-02  0.00000E+00 -1.07115E+01 -1.07185E+01 -7.18462E-01
  1.92291E-02  0.00000E+00 -4.00577E+01 -4.00647E+01 -3.00647E+01
  1.92305E-02 -9.14299E+01 -1.12949E+01 -1.13019E+01 -1.30186E+00
  1.92319E-02  0.00000E+00  1.74682E+01  1.74612E+01  2.74612E+01
  1.92953E-02  0.00000E+00 -1.15774E+01 -1.15844E+01 -1.58435E+00
  1.93587E-02  0.00000E+00 -3.04841E+01 -3.04912E+01 -2.04912E+01
  1.93601E-02 -5.75552E+01 -1.23627E+01 -1.23698E+01 -2.36978E+00
  1.93615E-02  0.00000E+00  5.75783E+00  5.75083E+00  1.57508E+01
  1.93898E-02  0.00000E+00 -1.25745E+01 -1.25815E+01 -2.58154E+00
  1.94181E-02  0.00000E+00 -4.47742E+01 -4.47812E+01 -3.47812E+01
  1.94195E-02 -1.04623E+02 -1.17758E+01 -1.17828E+01 -1.78284E+00
  1.94209E-02  0.00000E+00  2.12228E+01  2.12157E+01  3.12157E+01
  1.94485E-02  0.00000E+00 -1.08267E+01 -1.08338E+01 -8.33806E-01
  1.94762E-02  0.00000E+00 -2.06503E+01 -2.06573E+01 -1.06573E+01
  1.94776E-02 -2.86183E+01 -1.16544E+01 -1.16614E+01 -1.66142E+00
  1.94790E-02  0.00000E+00 -2.65815E+00 -2.66515E+00  7.33485E+00
  1.95073E-02  0.00000E+00 -1.23187E+01 -1.23257E+01 -2.32569E+00
  1.95356E-02  0.00000E+00 -2.91934E+01 -2.92004E+01 -1.92004E+01
  1.95370E-02 -5.17557E+01 -1.29432E+01 -1.29503E+01 -2.95029E+00
  1.95384E-02  0.00000E+00  3.29030E+00  3.28330E+00  1.32833E+01
  1.95446E-02  0.00000E+00 -1.10751E+01 -1.10821E+01 -1.08206E+00
  1.95508E-02  0.00000E+00 -2.09115E+01 -2.09185E+01 -1.09185E+01
  1.95522E-02 -3.20906E+01 -1.09664E+01 -1.09734E+01 -9.73363E-01
  1.95536E-02  0.00000E+00 -9.98273E-01 -1.00527E+00  8.99473E+00
  1.95691E-02  0.00000E+00 -1.19681E+01 -1.19751E+01 -1.97507E+00
  1.95846E-02  0.00000E+00 -3.12634E+01 -3.12704E+01 -2.12704E+01
  1.95860E-02 -6.36074E+01 -1.11871E+01 -1.11941E+01 -1.19408E+00
  1.95874E-02  0.00000E+00  8.89140E+00  8.88430E+00  1.88843E+01
  1.96256E-02  0.00000E+00 -1.15980E+01 -1.16050E+01 -1.60502E+00
  1.96639E-02  0.00000E+00 -2.02296E+01 -2.02367E+01 -1.02367E+01
  1.96653E-02 -1.97110E+01 -1.44814E+01 -1.44884E+01 -4.48845E+00
  1.96667E-02  0.00000E+00 -9.13214E+00 -9.13914E+00  8.60856E-01
  1.96674E-02  0.00000E+00 -1.20442E+01 -1.20512E+01 -2.05120E+00
  1.96682E-02  0.00000E+00 -1.50962E+01 -1.51032E+01 -5.10315E+00
  1.96696E-02 -1.59575E+01 -1.11472E+01 -1.11542E+01 -1.15424E+00
  1.96710E-02  0.00000E+00 -6.73318E+00 -6.74018E+00  3.25982E+00
  1.96779E-02  0.00000E+00 -1.29926E+01 -1.29997E+01 -2.99967E+00
  1.96849E-02  0.00000E+00 -2.48414E+01 -2.48484E+01 -1.48484E+01
  1.96863E-02 -4.12020E+01 -1.19407E+01 -1.19478E+01 -1.94781E+00
  1.96877E-02  0.00000E+00  9.58140E-01  9.51140E-01  1.09511E+01
  1.96948E-02  0.00000E+00 -1.10224E+01 -1.10294E+01 -1.02944E+00
  1.97020E-02  0.00000E+00 -2.06337E+01 -2.06407E+01 -1.06407E+01
  1.97034E-02 -3.14696E+01 -1.08048E+01 -1.08118E+01 -8.11807E-01
  1.97048E-02  0.00000E+00 -9.61199E-01 -9.68199E-01  9.03180E+00
  1.97204E-02  0.00000E+00 -1.12036E+01 -1.12107E+01 -1.21065E+00
  1.97361E-02  0.00000E+00 -1.62769E+01 -1.62840E+01 -6.28399E+00
  1.97375E-02 -1.29711E+01 -1.23027E+01 -1.23097E+01 -2.30973E+00
  1.97389E-02  0.00000E+00 -8.34507E+00 -8.35217E+00  1.64783E+00
  1.97445E-02  0.00000E+00 -1.26459E+01 -1.26529E+01 -2.65289E+00
  1.97501E-02  0.00000E+00 -2.03550E+01 -2.03620E+01 -1.03620E+01
  1.97515E-02 -2.80958E+01 -1.15440E+01 -1.15510E+01 -1.55097E+00
  1.97529E-02  0.00000E+00 -2.72535E+00 -2.73245E+00  7.26755E+00
  1.97671E-02  0.00000E+00 -1.17162E+01 -1.17232E+01 -1.72320E+00
  1.97813E-02  0.00000E+00 -1.63182E+01 -1.63252E+01 -6.32517E+00
  1.97827E-02 -9.80201E+00 -1.36475E+01 -1.36545E+01 -3.65446E+00
  1.97841E-02  0.00000E+00 -1.13544E+01 -1.13615E+01 -1.36148E+00
  1.97845E-02  0.00000E+00 -1.24612E+01 -1.24682E+01 -2.46815E+00
  1.97850E-02  0.00000E+00 -1.38030E+01 -1.38100E+01 -3.80998E+00
  1.97864E-02 -8.98864E+00 -1.18721E+01 -1.18792E+01 -1.87920E+00
  1.97878E-02  0.00000E+00 -9.59306E+00 -9.60006E+00  3.99936E-01
  1.97912E-02  0.00000E+00 -1.29713E+01 -1.29783E+01 -2.97825E+00
  1.97947E-02  0.00000E+00 -1.84013E+01 -1.84083E+01 -8.40829E+00
  1.97961E-02 -1.99688E+01 -1.24038E+01 -1.24108E+01 -2.41076E+00
  1.97975E-02  0.00000E+00 -6.46312E+00 -6.47012E+00  3.52988E+00
  1.97999E-02  0.00000E+00 -1.15506E+01 -1.15576E+01 -1.55765E+00
  1.98024E-02  0.00000E+00 -1.68091E+01 -1.68161E+01 -6.81610E+00
  1.98038E-02 -2.03861E+01 -1.06927E+01 -1.06997E+01 -6.99682E-01
  1.98052E-02  0.00000E+00 -4.49670E+00 -4.50370E+00  5.49630E+00
  1.98124E-02  0.00000E+00 -1.09283E+01 -1.09353E+01 -9.35260E-01
  1.98196E-02  0.00000E+00 -1.39327E+01 -1.39398E+01 -3.93980E+00
  1.98210E-02 -6.48458E+00 -1.21520E+01 -1.21590E+01 -2.15904E+00
  1.98224E-02  0.00000E+00 -1.04409E+01 -1.04479E+01 -4.47945E-01
  1.98245E-02  0.00000E+00 -1.25370E+01 -1.25440E+01 -2.54399E+00
  1.98266E-02  0.00000E+00 -1.57966E+01 -1.58037E+01 -5.80375E+00
  1.98280E-02 -1.46797E+01 -1.13394E+01 -1.13464E+01 -1.34639E+00
  1.98294E-02  0.00000E+00 -6.84800E+00 -6.85510E+00  3.14490E+00
  1.98372E-02  0.00000E+00 -1.16147E+01 -1.16217E+01 -1.62168E+00
  1.98450E-02  0.00000E+00 -1.42023E+01 -1.42094E+01 -4.20943E+00
  1.98464E-02 -4.83136E+00 -1.30215E+01 -1.30285E+01 -3.02852E+00
  1.98478E-02  0.00000E+00 -1.19983E+01 -1.20054E+01 -2.00544E+00
  1.98490E-02  0.00000E+00 -1.34471E+01 -1.34541E+01 -3.45413E+00
  1.98503E-02  0.00000E+00 -1.56632E+01 -1.56702E+01 -5.67024E+00
  1.98517E-02 -1.10970E+01 -1.26764E+01 -1.26834E+01 -2.68341E+00
  1.98531E-02  0.00000E+00 -1.00611E+01 -1.00682E+01 -6.81924E-02
  1.98533E-02  0.00000E+00 -1.07293E+01 -1.07363E+01 -7.36335E-01
  1.98535E-02  0.00000E+00 -1.13562E+01 -1.13633E+01 -1.36331E+00
  1.98549E-02 -6.45051E+00 -1.06998E+01 -1.07068E+01 -7.06811E-01
  1.98563E-02  0.00000E+00 -9.31750E+00 -9.32450E+00  6.75501E-01
  1.98602E-02  0.00000E+00 -1.20185E+01 -1.20255E+01 -2.02551E+00
  1.98642E-02  0.00000E+00 -1.44277E+01 -1.44347E+01 -4.43474E+00
  1.98656E-02 -3.69597E+00 -1.42036E+01 -1.42106E+01 -4.21064E+00
  1.98670E-02  0.00000E+00 -1.49872E+01 -1.49942E+01 -4.99424E+00
  1.98674E-02  0.00000E+00 -1.63332E+01 -1.63402E+01 -6.34022E+00
  1.98678E-02  0.00000E+00 -1.78806E+01 -1.78876E+01 -7.88762E+00
  1.98692E-02 -2.24891E+01 -1.11367E+01 -1.11437E+01 -1.14369E+00
  1.98706E-02  0.00000E+00 -4.59011E+00 -4.59711E+00  5.40289E+00
  1.98748E-02  0.00000E+00 -1.04282E+01 -1.04352E+01 -4.35163E-01
  1.98790E-02  0.00000E+00 -1.25164E+01 -1.25234E+01 -2.52340E+00
  1.98804E-02 -2.89041E+00 -1.21200E+01 -1.21270E+01 -2.12700E+00
  1.98818E-02  0.00000E+00 -1.21461E+01 -1.21531E+01 -2.15309E+00
  1.98820E-02  0.00000E+00 -1.24994E+01 -1.25064E+01 -2.50635E+00
  1.98822E-02  0.00000E+00 -1.28866E+01 -1.28937E+01 -2.89372E+00
  1.98836E-02 -6.77813E+00 -1.12433E+01 -1.12504E+01 -1.25036E+00
  1.98850E-02  0.00000E+00 -9.41061E+00 -9.41761E+00  5.82391E-01
  1.98888E-02  0.00000E+00 -1.17683E+01 -1.17753E+01 -1.77528E+00
  1.98926E-02  0.00000E+00 -1.41799E+01 -1.41869E+01 -4.18695E+00
  1.98940E-02 -7.74535E+00 -1.19357E+01 -1.19427E+01 -1.94275E+00
  1.98954E-02  0.00000E+00 -9.86098E+00 -9.86798E+00  1.32015E-01
  1.98987E-02  0.00000E+00 -1.22880E+01 -1.22950E+01 -2.29496E+00
  1.99020E-02  0.00000E+00 -1.53257E+01 -1.53327E+01 -5.33271E+00
  1.99034E-02 -1.07697E+01 -1.21578E+01 -1.21648E+01 -2.16484E+00
  1.99048E-02  0.00000E+00 -9.13505E+00 -9.14215E+00  8.57846E-01
  1.99069E-02  0.00000E+00 -1.17480E+01 -1.17550E+01 -1.75499E+00
  1.99091E-02  0.00000E+00 -1.38316E+01 -1.38386E+01 -3.83864E+00
  1.99105E-02 -5.19188E+00 -1.29485E+01 -1.29555E+01 -2.95551E+00
  1.99119E-02  0.00000E+00 -1.27340E+01 -1.27410E+01 -2.74102E+00
  1.99121E-02  0.00000E+00 -1.33052E+01 -1.33122E+01 -3.31217E+00
  1.99124E-02  0.00000E+00 -1.40167E+01 -1.40237E+01 -4.02371E+00
  1.99138E-02 -1.11534E+01 -1.12963E+01 -1.13034E+01 -1.30344E+00
  1.99151E-02  0.00000E+00 -8.64275E+00 -8.64975E+00  1.35025E+00
  1.99154E-02  0.00000E+00 -9.25095E+00 -9.25805E+00  7.41953E-01
  1.99157E-02  0.00000E+00 -9.95671E+00 -9.96381E+00  3.61871E-02
  1.99171E-02 -3.05677E+00 -1.03683E+01 -1.03753E+01 -3.75292E-01
  1.99185E-02  0.00000E+00 -1.01880E+01 -1.01950E+01 -1.94990E-01
  1.99195E-02  0.00000E+00 -1.11274E+01 -1.11344E+01 -1.13442E+00
  1.99204E-02  0.00000E+00 -1.19645E+01 -1.19716E+01 -1.97158E+00
  1.99218E-02 -3.64734E+00 -1.13693E+01 -1.13763E+01 -1.37626E+00
  1.99232E-02  0.00000E+00 -1.06728E+01 -1.06798E+01 -6.79775E-01
  1.99240E-02  0.00000E+00 -1.13718E+01 -1.13789E+01 -1.37895E+00
  1.99248E-02  0.00000E+00 -1.20922E+01 -1.20992E+01 -2.09915E+00
  1.99262E-02 -3.10129E+00 -1.15854E+01 -1.15925E+01 -1.59251E+00
  1.99276E-02  0.00000E+00 -1.10450E+01 -1.10521E+01 -1.05206E+00
  1.99282E-02  0.00000E+00 -1.15732E+01 -1.15802E+01 -1.58016E+00
  1.99287E-02  0.00000E+00 -1.19824E+01 -1.19894E+01 -1.98938E+00
  1.99301E-02 -1.88337E+00 -1.19214E+01 -1.19284E+01 -1.92838E+00
  1.99315E-02  0.00000E+00 -1.18579E+01 -1.18649E+01 -1.86492E+00
  1.99323E-02  0.00000E+00 -1.24872E+01 -1.24943E+01 -2.49428E+00
  1.99332E-02  0.00000E+00 -1.33019E+01 -1.33089E+01 -3.30890E+00
  1.99346E-02 -4.48305E+00 -1.23352E+01 -1.23422E+01 -2.34218E+00
  1.99360E-02  0.00000E+00 -1.15922E+01 -1.15993E+01 -1.59930E+00
  1.99367E-02  0.00000E+00 -1.24972E+01 -1.25042E+01 -2.50422E+00
  1.99375E-02  0.00000E+00 -1.36701E+01 -1.36771E+01 -3.67707E+00
  1.99389E-02 -6.63394E+00 -1.21070E+01 -1.21140E+01 -2.11402E+00
  1.99403E-02  0.00000E+00 -1.05411E+01 -1.05481E+01 -5.48100E-01
  1.99410E-02  0.00000E+00 -1.15979E+01 -1.16049E+01 -1.60494E+00
  1.99418E-02  0.00000E+00 -1.25516E+01 -1.25586E+01 -2.55865E+00
  1.99432E-02 -2.65164E+00 -1.28256E+01 -1.28326E+01 -2.83263E+00
  1.99444E-02  0.00000E+00 -1.38551E+01 -1.38621E+01 -3.86212E+00
  1.99445E-02  0.00000E+00 -1.37871E+01 -1.37941E+01 -3.79406E+00
  1.99446E-02  0.00000E+00 -1.35744E+01 -1.35815E+01 -3.58154E+00
  1.99458E-02 -1.02577E+01 -1.14220E+01 -1.14290E+01 -1.42899E+00
  1.99472E-02  0.00000E+00 -8.66482E+00 -8.67182E+00  1.32818E+00
  1.99481E-02  0.00000E+00 -1.01718E+01 -1.01788E+01 -1.78755E-01
  1.99489E-02  0.00000E+00 -1.11869E+01 -1.11939E+01 -1.19390E+00
  1.99503E-02 -2.78840E+00 -1.10896E+01 -1.10966E+01 -1.09664E+00
  1.99517E-02  0.00000E+00 -1.09353E+01 -1.09423E+01 -9.42334E-01
  1.99519E-02  0.00000E+00 -1.11756E+01 -1.11827E+01 -1.18267E+00
  1.99521E-02  0.00000E+00 -1.14106E+01 -1.14176E+01 -1.41765E+00
  1.99535E-02 -2.31901E+00 -1.14240E+01 -1.14311E+01 -1.43112E+00
  1.99549E-02  0.00000E+00 -1.14160E+01 -1.14230E+01 -1.42295E+00
  1.99550E-02  0.00000E+00 -1.15072E+01 -1.15142E+01 -1.51420E+00
  1.99564E-02 -2.16012E+00 -1.15610E+01 -1.15680E+01 -1.56798E+00
  1.99578E-02  0.00000E+00 -1.15799E+01 -1.15869E+01 -1.58686E+00
  1.99579E-02  0.00000E+00 -1.16933E+01 -1.17003E+01 -1.70035E+00
  1.99593E-02 -2.05775E+00 -1.17493E+01 -1.17563E+01 -1.75634E+00
  1.99602E-02  0.00000E+00 -1.17176E+01 -1.17246E+01 -1.72462E+00
  1.99604E-02  0.00000E+00 -1.16589E+01 -1.16659E+01 -1.66588E+00
  1.99607E-02  0.00000E+00 -1.15650E+01 -1.15721E+01 -1.57206E+00
  1.99616E-02 -8.05350E-01 -1.19985E+01 -1.20055E+01 -2.00553E+00
  1.99624E-02  0.00000E+00 -1.24264E+01 -1.24334E+01 -2.43341E+00
  1.99627E-02  0.00000E+00 -1.23062E+01 -1.23133E+01 -2.31332E+00
  1.99630E-02  0.00000E+00 -1.22002E+01 -1.22072E+01 -2.20722E+00
  1.99638E-02 -2.40272E+00 -1.21248E+01 -1.21319E+01 -2.13188E+00
  1.99652E-02  0.00000E+00 -1.20096E+01 -1.20166E+01 -2.01658E+00
  1.99664E-02 -1.08767E+00 -1.38932E+01 -1.39002E+01 -3.90022E+00
  1.99677E-02 -1.08791E+00 -1.41720E+01 -1.41791E+01 -4.17908E+00
  1.99684E-02 -3.83366E+00 -1.29275E+01 -1.29345E+01 -2.93451E+00
  1.99691E-02 -6.57942E+00 -1.20336E+01 -1.20407E+01 -2.04069E+00
  1.99698E-02 -3.83393E+00 -1.11540E+01 -1.11610E+01 -1.16101E+00
  1.99705E-02 -1.08844E+00 -1.02841E+01 -1.02911E+01 -2.91083E-01
  1.99717E-02 -1.08867E+00 -1.11065E+01 -1.11135E+01 -1.11350E+00
  1.99730E-02 -1.08892E+00 -1.14484E+01 -1.14554E+01 -1.45541E+00
  1.99745E-02 -1.08921E+00 -1.16669E+01 -1.16740E+01 -1.67404E+00
  1.99760E-02 -1.08950E+00 -1.18220E+01 -1.18290E+01 -1.82903E+00
  1.99775E-02 -1.08978E+00 -1.19652E+01 -1.19722E+01 -1.97216E+00
  1.99790E-02 -1.09006E+00 -1.21233E+01 -1.21304E+01 -2.13039E+00
  1.99816E-02 -1.09055E+00 -1.27075E+01 -1.27145E+01 -2.71451E+00
  1.99830E-02 -2.92890E+00 -1.22852E+01 -1.22922E+01 -2.29221E+00
  1.99844E-02 -1.09109E+00 -1.19835E+01 -1.19905E+01 -1.99052E+00
  1.99850E-02 -1.09121E+00 -1.23773E+01 -1.23843E+01 -2.38435E+00
  1.99857E-02 -1.09133E+00 -1.29571E+01 -1.29641E+01 -2.96410E+00
  1.99871E-02 -5.34091E+00 -1.17538E+01 -1.17608E+01 -1.76084E+00
  1.99885E-02 -1.09187E+00 -1.05011E+01 -1.05082E+01 -5.08202E-01
  1.99925E-02 -1.09263E+00 -1.17504E+01 -1.17574E+01 -1.75738E+00
  1.99965E-02 -1.09339E+00 -1.25003E+01 -1.25073E+01 -2.50727E+00
  1.99979E-02 -2.53114E+00 -1.22501E+01 -1.22571E+01 -2.25708E+00
  1.99993E-02 -1.09393E+00 -1.22172E+01 -1.22242E+01 -2.22419E+00
  1.99995E-02 -1.09396E+00 -1.23868E+01 -1.23938E+01 -2.39381E+00
  1.99997E-02 -1.09400E+00 -1.25734E+01 -1.25804E+01 -2.58043E+00
  2.00000E-02 -1.09406E+00 -1.24085E+01 -1.24155E+01 -2.41549E+00
  2.00011E-02 -4.44846E+00 -1.17228E+01 -1.17299E+01 -1.72991E+00
  2.00025E-02 -1.09454E+00 -1.07814E+01 -1.07884E+01 -7.88386E-01
  2.00063E-02 -1.09526E+00 -1.18701E+01 -1.18771E+01 -1.87712E+00
  2.00100E-02 -1.09598E+00 -1.29905E+01 -1.29975E+01 -2.99748E+00
  2.00114E-02 -4.93479E+00 -1.18878E+01 -1.18948E+01 -1.89478E+00
  2.00128E-02 -1.09652E+00 -1.07460E+01 -1.07531E+01 -7.53145E-01
  2.00160E-02 -1.09712E+00 -1.18135E+01 -1.18205E+01 -1.82052E+00
  2.00191E-02 -1.09772E+00 -1.27439E+01 -1.27509E+01 -2.75093E+00
  2.00205E-02 -4.21999E+00 -1.18459E+01 -1.18529E+01 -1.85294E+00
  2.00219E-02 -1.09826E+00 -1.09846E+01 -1.09916E+01 -9.91620E-01
  2.00242E-02 -1.09871E+00 -1.18041E+01 -1.18112E+01 -1.81118E+00
  2.00265E-02 -1.09915E+00 -1.25554E+01 -1.25624E+01 -2.56244E+00
  2.00279E-02 -3.67247E+00 -1.18530E+01 -1.18600E+01 -1.85998E+00
  2.00293E-02 -1.09969E+00 -1.11578E+01 -1.11649E+01 -1.16492E+00
  2.00310E-02 -1.10002E+00 -1.18020E+01 -1.18090E+01 -1.80903E+00
  2.00327E-02 -1.10034E+00 -1.23890E+01 -1.23961E+01 -2.39614E+00
  2.00341E-02 -3.24610E+00 -1.18465E+01 -1.18535E+01 -1.85345E+00
  2.00355E-02 -1.10088E+00 -1.13231E+01 -1.13301E+01 -1.33008E+00
  2.00367E-02 -1.10111E+00 -1.18070E+01 -1.18140E+01 -1.81399E+00
  2.00378E-02 -1.10134E+00 -1.22235E+01 -1.22306E+01 -2.23057E+00
  2.00392E-02 -2.90919E+00 -1.18543E+01 -1.18613E+01 -1.86128E+00
  2.00406E-02 -1.10188E+00 -1.14539E+01 -1.14609E+01 -1.46086E+00
  2.00414E-02 -1.10203E+00 -1.17716E+01 -1.17787E+01 -1.77867E+00
  2.00422E-02 -1.10218E+00 -1.21032E+01 -1.21102E+01 -2.11016E+00
  2.00436E-02 -2.63942E+00 -1.18077E+01 -1.18147E+01 -1.81472E+00
  2.00450E-02 -1.10272E+00 -1.14973E+01 -1.15044E+01 -1.50444E+00
  2.00456E-02 -1.10283E+00 -1.17371E+01 -1.17442E+01 -1.74418E+00
  2.00462E-02 -1.10295E+00 -1.19550E+01 -1.19620E+01 -1.96198E+00
  2.00476E-02 -2.03525E+00 -1.18790E+01 -1.18860E+01 -1.88595E+00
  2.00490E-02 -1.10349E+00 -1.18037E+01 -1.18107E+01 -1.81072E+00
  2.00498E-02 -1.10364E+00 -1.20901E+01 -1.20971E+01 -2.09710E+00
  2.00506E-02 -1.10380E+00 -1.24544E+01 -1.24614E+01 -2.46137E+00
  2.00520E-02 -3.32614E+00 -1.18983E+01 -1.19053E+01 -1.90530E+00
  2.00534E-02 -1.10434E+00 -1.13481E+01 -1.13551E+01 -1.35506E+00
  2.00544E-02 -1.10454E+00 -1.17940E+01 -1.18010E+01 -1.80102E+00
  2.00555E-02 -1.10474E+00 -1.22248E+01 -1.22318E+01 -2.23182E+00
  2.00569E-02 -2.79472E+00 -1.18820E+01 -1.18891E+01 -1.88910E+00
  2.00583E-02 -1.10528E+00 -1.15768E+01 -1.15838E+01 -1.58381E+00
  2.00587E-02 -1.10537E+00 -1.17815E+01 -1.17886E+01 -1.78856E+00
  2.00592E-02 -1.10546E+00 -1.20228E+01 -1.20298E+01 -2.02977E+00
  2.00606E-02 -2.41999E+00 -1.18646E+01 -1.18716E+01 -1.87164E+00
  2.00620E-02 -1.10600E+00 -1.17163E+01 -1.17234E+01 -1.72339E+00
  2.00623E-02 -1.10606E+00 -1.18721E+01 -1.18791E+01 -1.87908E+00
  2.00627E-02 -1.10613E+00 -1.20648E+01 -1.20718E+01 -2.07181E+00
  2.00641E-02 -2.59015E+00 -1.18440E+01 -1.18510E+01 -1.85103E+00
  2.00655E-02 -1.10667E+00 -1.16352E+01 -1.16422E+01 -1.64223E+00
  2.00659E-02 -1.10675E+00 -1.18352E+01 -1.18423E+01 -1.84235E+00
  2.00663E-02 -1.10683E+00 -1.20334E+01 -1.20404E+01 -2.04041E+00
  2.00677E-02 -2.48909E+00 -1.18628E+01 -1.18698E+01 -1.86979E+00
  2.00691E-02 -1.10738E+00 -1.16927E+01 -1.16997E+01 -1.69971E+00
  2.00693E-02 -1.10742E+00 -1.17905E+01 -1.17975E+01 -1.79752E+00
  2.00696E-02 -1.10746E+00 -1.19273E+01 -1.19343E+01 -1.93434E+00
  2.00710E-02 -2.25704E+00 -1.18634E+01 -1.18704E+01 -1.87045E+00
  2.00724E-02 -1.10800E+00 -1.18433E+01 -1.18504E+01 -1.85036E+00
  2.00725E-02 -1.10803E+00 -1.19011E+01 -1.19081E+01 -1.90808E+00
  2.00726E-02 -1.10805E+00 -1.19592E+01 -1.19663E+01 -1.96635E+00
  2.00733E-02 -1.71635E+00 -1.19433E+01 -1.19503E+01 -1.95027E+00
  2.00740E-02 -2.32465E+00 -1.18952E+01 -1.19022E+01 -1.90216E+00
  2.00747E-02 -1.71693E+00 -1.18789E+01 -1.18860E+01 -1.88603E+00
  2.00754E-02 -1.10920E+00 -1.18860E+01 -1.18930E+01 -1.89305E+00
  2.00755E-02 -1.12198E+00 -1.19416E+01 -1.19487E+01 -1.94866E+00
  2.00756E-02 -1.13491E+00 -1.19869E+01 -1.19939E+01 -1.99386E+00
  2.00763E-02 -1.25423E+00 -1.20554E+01 -1.20624E+01 -2.06238E+00
  2.00770E-02 -2.27982E+00 -1.20435E+01 -1.20505E+01 -2.05046E+00
  2.00772E-02 -1.41874E+00 -1.20113E+01 -1.20183E+01 -2.01826E+00
  2.00773E-02 -1.44459E+00 -1.19930E+01 -1.20000E+01 -2.00001E+00
  2.00779E-02 -1.55145E+00 -1.18606E+01 -1.18676E+01 -1.86755E+00
  2.00784E-02 -1.64936E+00 -1.17369E+01 -1.17439E+01 -1.74392E+00
  2.00787E-02 -1.76748E+00 -1.17558E+01 -1.17628E+01 -1.76278E+00
  2.00801E-02 -1.64987E+00 -1.17342E+01 -1.17412E+01 -1.74120E+00
  2.00811E-02 -1.65016E+00 -1.17651E+01 -1.17721E+01 -1.77212E+00
  2.00820E-02 -1.65042E+00 -1.17794E+01 -1.17864E+01 -1.78641E+00
  2.00830E-02 -1.65071E+00 -1.17892E+01 -1.17962E+01 -1.79625E+00
  2.00840E-02 -1.65100E+00 -1.17961E+01 -1.18032E+01 -1.80319E+00
  2.00860E-02 -1.65158E+00 -1.18045E+01 -1.18115E+01 -1.81149E+00
  2.00880E-02 -1.65216E+00 -1.18095E+01 -1.18165E+01 -1.81654E+00
  2.00920E-02 -1.65332E+00 -1.18153E+01 -1.18223E+01 -1.82227E+00
  2.00950E-02 -1.65419E+00 -1.18176E+01 -1.18247E+01 -1.82475E+00
  2.00980E-02 -1.65506E+00 -1.18193E+01 -1.18263E+01 -1.82631E+00
  2.01020E-02 -1.65622E+00 -1.18208E+01 -1.18279E+01 -1.82787E+00
  2.01100E-02 -1.65854E+00 -1.18224E+01 -1.18295E+01 -1.82954E+00
  2.01170E-02 -1.66057E+00 -1.18232E+01 -1.18303E+01 -1.83026E+00
  2.01250E-02 -1.66289E+00 -1.18236E+01 -1.18307E+01 -1.83068E+00
  2.01400E-02 -1.66724E+00 -1.18239E+01 -1.18309E+01 -1.83091E+00
  2.01550E-02 -1.67159E+00 -1.18238E+01 -1.18308E+01 -1.83082E+00
  2.01700E-02 -1.67594E+00 -1.18236E+01 -1.18306E+01 -1.83062E+00
  2.02000E-02 -1.68464E+00 -1.18230E+01 -1.18300E+01 -1.82996E+00
  2.02500E-02 -1.69914E+00 -1.18220E+01 -1.18291E+01 -1.82915E+00
  2.03000E-02 -1.71363E+00 -1.18215E+01 -1.18285E+01 -1.82848E+00
  2.03500E-02 -1.72813E+00 -1.18208E+01 -1.18279E+01 -1.82792E+00
  2.04000E-02 -1.74263E+00 -1.18199E+01 -1.18270E+01 -1.82705E+00
  2.04500E-02 -1.75677E+00 -1.18193E+01 -1.18264E+01 -1.82642E+00
  2.05000E-02 -1.77090E+00 -1.18189E+01 -1.18259E+01 -1.82592E+00
  2.06000E-02 -1.79918E+00 -1.18177E+01 -1.18247E+01 -1.82471E+00
  2.07000E-02 -1.82746E+00 -1.18163E+01 -1.18233E+01 -1.82333E+00
  2.08000E-02 -1.85573E+00 -1.18148E+01 -1.18218E+01 -1.82178E+00
  2.09500E-02 -1.89753E+00 -1.18121E+01 -1.18191E+01 -1.81905E+00
  2.11000E-02 -1.93933E+00 -1.18086E+01 -1.18156E+01 -1.81563E+00
  2.13000E-02 -1.99355E+00 -1.18032E+01 -1.18102E+01 -1.81021E+00
  2.15000E-02 -2.04777E+00 -1.17974E+01 -1.18045E+01 -1.80445E+00
  2.17000E-02 -2.10100E+00 -1.17905E+01 -1.17976E+01 -1.79763E+00
  2.19000E-02 -2.15422E+00 -1.17828E+01 -1.17898E+01 -1.78984E+00
  2.23000E-02 -2.25776E+00 -1.17650E+01 -1.17721E+01 -1.77213E+00
  2.27000E-02 -2.35895E+00 -1.17447E+01 -1.17517E+01 -1.75172E+00
  2.30000E-02 -2.43336E+00 -1.17279E+01 -1.17350E+01 -1.73498E+00
  2.33000E-02 -2.50652E+00 -1.17101E+01 -1.17172E+01 -1.71717E+00
  2.35000E-02 -2.55459E+00 -1.16967E+01 -1.17037E+01 -1.70373E+00
  2.40000E-02 -2.67222E+00 -1.16621E+01 -1.16691E+01 -1.66906E+00
  2.45000E-02 -2.78641E+00 -1.16249E+01 -1.16319E+01 -1.63193E+00
  2.50000E-02 -2.89724E+00 -1.15841E+01 -1.15911E+01 -1.59111E+00
  2.54000E-02 -2.98365E+00 -1.15500E+01 -1.15570E+01 -1.55704E+00
  2.58000E-02 -3.06817E+00 -1.15145E+01 -1.15215E+01 -1.52147E+00
  2.61000E-02 -3.13025E+00 -1.14869E+01 -1.14939E+01 -1.49394E+00
  2.65000E-02 -3.21149E+00 -1.14493E+01 -1.14563E+01 -1.45628E+00
  2.73000E-02 -3.36861E+00 -1.13712E+01 -1.13782E+01 -1.37823E+00
  2.80000E-02 -3.50039E+00 -1.13006E+01 -1.13076E+01 -1.30759E+00
  2.85000E-02 -3.59140E+00 -1.12474E+01 -1.12544E+01 -1.25441E+00
  2.90000E-02 -3.67993E+00 -1.11935E+01 -1.12005E+01 -1.20051E+00
  2.95000E-02 -3.76603E+00 -1.11390E+01 -1.11460E+01 -1.14598E+00
  3.00000E-02 -3.84979E+00 -1.10839E+01 -1.10909E+01 -1.09092E+00
  3.01200E-02 -3.86915E+00 -1.10703E+01 -1.10773E+01 -1.07726E+00
  3.02358E-02 -3.88784E+00 -1.10574E+01 -1.10644E+01 -1.06442E+00
  3.09000E-02 -3.99470E+00 -1.09822E+01 -1.09892E+01 -9.89195E-01
  3.16000E-02 -4.10278E+00 -1.09023E+01 -1.09093E+01 -9.09291E-01
  3.23000E-02 -4.20718E+00 -1.08219E+01 -1.08289E+01 -8.28899E-01
  3.30000E-02 -4.30739E+00 -1.07412E+01 -1.07482E+01 -7.48169E-01
  3.35000E-02 -4.37673E+00 -1.06834E+01 -1.06904E+01 -6.90381E-01
  3.40000E-02 -4.44423E+00 -1.06255E+01 -1.06326E+01 -6.32555E-01
  3.45000E-02 -4.50993E+00 -1.05677E+01 -1.05748E+01 -5.74760E-01
  3.50000E-02 -4.57388E+00 -1.05101E+01 -1.05171E+01 -5.17077E-01
  3.57000E-02 -4.66050E+00 -1.04297E+01 -1.04367E+01 -4.36707E-01
  3.65000E-02 -4.75570E+00 -1.03389E+01 -1.03459E+01 -3.45911E-01
  3.73000E-02 -4.84685E+00 -1.02503E+01 -1.02573E+01 -2.57310E-01
  3.80000E-02 -4.92333E+00 -1.01764E+01 -1.01834E+01 -1.83437E-01
  3.90000E-02 -5.02739E+00 -1.00870E+01 -1.00941E+01 -9.40740E-02
  4.00000E-02 -5.12550E+00 -1.01372E+01 -1.01443E+01 -1.44255E-01
  4.02000E-02 -5.14418E+00 -1.03507E+01 -1.03578E+01 -3.57754E-01
  4.03914E-02 -5.16203E+00 -5.77755E+01 -5.77826E+01 -4.77826E+01
  4.03932E-02 -1.58650E+02 -1.10630E+01 -1.10700E+01 -1.07000E+00
  4.03951E-02 -5.16237E+00  3.77137E+01  3.77066E+01  4.77066E+01
  4.10601E-02 -5.22276E+00 -9.69819E+00 -9.70521E+00  2.94795E-01
  4.17252E-02 -5.28067E+00 -9.86930E+00 -9.87632E+00  1.23685E-01
  4.17270E-02 -5.28720E+00 -9.86916E+00 -9.87618E+00  1.23818E-01
  4.17288E-02 -5.28099E+00 -9.86907E+00 -9.87609E+00  1.23915E-01
  4.18199E-02 -5.28890E+00 -1.00622E+01 -1.00692E+01 -6.92277E-02
  4.19109E-02 -5.29679E+00 -2.88155E+01 -2.88225E+01 -1.88225E+01
  4.19128E-02 -6.61193E+01 -9.26109E+00 -9.26811E+00  7.31888E-01
  4.19146E-02 -5.29711E+00  9.66042E+00  9.65339E+00  1.96534E+01
  4.21920E-02 -5.32037E+00 -9.58260E+00 -9.58962E+00  4.10382E-01
  4.24694E-02 -5.34322E+00 -1.86987E+01 -1.87058E+01 -8.70576E+00
  4.24713E-02 -3.41241E+01 -9.42196E+00 -9.42899E+00  5.71012E-01
  4.24731E-02 -5.34352E+00 -5.05710E-01 -5.12730E-01  9.48727E+00
  4.26049E-02 -5.35435E+00 -9.53447E+00 -9.54149E+00  4.58514E-01
  4.27368E-02 -5.36484E+00 -1.44883E+01 -1.44954E+01 -4.49538E+00
  4.27386E-02 -2.10238E+01 -9.65218E+00 -9.65921E+00  3.40791E-01
  4.27405E-02 -5.36513E+00 -4.61865E+00 -4.62567E+00  5.37433E+00
  4.28129E-02 -5.37089E+00 -9.51171E+00 -9.51874E+00  4.81260E-01
  4.28854E-02 -5.37664E+00 -1.25228E+01 -1.25299E+01 -2.52986E+00
  4.28873E-02 -1.47827E+01 -9.48986E+00 -9.49688E+00  5.03124E-01
  4.28891E-02 -5.37694E+00 -6.59112E+00 -6.59815E+00  3.40185E+00
  4.29328E-02 -5.38040E+00 -9.49964E+00 -9.50666E+00  4.93341E-01
  4.29764E-02 -5.38387E+00 -1.14183E+01 -1.14253E+01 -1.42531E+00
  4.29783E-02 -1.14572E+01 -9.53027E+00 -9.53729E+00  4.62712E-01
  4.29802E-02 -5.38416E+00 -7.64229E+00 -7.64932E+00  2.35068E+00
  4.30082E-02 -5.38639E+00 -9.49182E+00 -9.49885E+00  5.01149E-01
  4.30363E-02 -5.38862E+00 -1.08059E+01 -1.08129E+01 -8.12934E-01
  4.30382E-02 -9.53067E+00 -9.52076E+00 -9.52778E+00  4.72222E-01
  4.30401E-02 -5.38891E+00 -8.23569E+00 -8.24272E+00  1.75728E+00
  4.30589E-02 -5.39040E+00 -9.48737E+00 -9.49439E+00  5.05615E-01
  4.30777E-02 -5.39190E+00 -1.04243E+01 -1.04313E+01 -4.31278E-01
  4.30796E-02 -8.34024E+00 -9.51344E+00 -9.52046E+00  4.79538E-01
  4.30815E-02 -5.39219E+00 -8.60278E+00 -8.60981E+00  1.39019E+00
  4.30945E-02 -5.39323E+00 -9.48323E+00 -9.49026E+00  5.09740E-01
  4.31076E-02 -5.39427E+00 -1.01738E+01 -1.01808E+01 -1.80806E-01
  4.31095E-02 -7.56592E+00 -9.50824E+00 -9.51527E+00  4.84731E-01
  4.31114E-02 -5.39456E+00 -8.84298E+00 -8.85001E+00  1.14999E+00
  4.31206E-02 -5.39529E+00 -9.48144E+00 -9.48847E+00  5.11527E-01
  4.31298E-02 -5.39603E+00 -1.00009E+01 -1.00079E+01 -7.88889E-03
  4.31317E-02 -7.04114E+00 -9.50345E+00 -9.51047E+00  4.89525E-01
  4.31336E-02 -5.39632E+00 -9.00648E+00 -9.01351E+00  9.86488E-01
  4.31402E-02 -5.39685E+00 -9.47923E+00 -9.48625E+00  5.13746E-01
  4.31468E-02 -5.39737E+00 -9.87709E+00 -9.88412E+00  1.15877E-01
  4.31487E-02 -6.67308E+00 -9.49965E+00 -9.50667E+00  4.93335E-01
  4.31506E-02 -5.39767E+00 -9.12286E+00 -9.12989E+00  8.70108E-01
  4.31553E-02 -5.39805E+00 -9.47554E+00 -9.48256E+00  5.17441E-01
  4.31601E-02 -5.39843E+00 -9.78493E+00 -9.79195E+00  2.08050E-01
  4.31620E-02 -6.40742E+00 -9.49633E+00 -9.50335E+00  4.96646E-01
  4.31639E-02 -5.39872E+00 -9.20876E+00 -9.21579E+00  7.84208E-01
  4.31673E-02 -5.39899E+00 -9.47576E+00 -9.48278E+00  5.17220E-01
  4.31707E-02 -5.39926E+00 -9.71378E+00 -9.72081E+00  2.79189E-01
  4.31726E-02 -6.21094E+00 -9.49356E+00 -9.50059E+00  4.99411E-01
  4.31745E-02 -5.39956E+00 -9.27500E+00 -9.28203E+00  7.17972E-01
  4.31768E-02 -5.39975E+00 -9.47023E+00 -9.47725E+00  5.22750E-01
  4.31792E-02 -5.39994E+00 -9.65415E+00 -9.66118E+00  3.38823E-01
  4.31811E-02 -6.06252E+00 -9.48839E+00 -9.49542E+00  5.04581E-01
  4.31830E-02 -5.40023E+00 -9.32447E+00 -9.33149E+00  6.68513E-01
  4.31846E-02 -5.40037E+00 -9.46767E+00 -9.47469E+00  5.25315E-01
  4.31863E-02 -5.40050E+00 -9.60798E+00 -9.61501E+00  3.84985E-01
  4.31882E-02 -5.94836E+00 -9.48689E+00 -9.49392E+00  5.06078E-01
  4.31901E-02 -5.40079E+00 -9.36950E+00 -9.37653E+00  6.23470E-01
  4.31911E-02 -5.40088E+00 -9.46795E+00 -9.47497E+00  5.25026E-01
  4.31921E-02 -5.40096E+00 -9.56182E+00 -9.56885E+00  4.31155E-01
  4.31940E-02 -5.85914E+00 -9.48030E+00 -9.48733E+00  5.12665E-01
  4.31959E-02 -5.40125E+00 -9.40291E+00 -9.40993E+00  5.90068E-01
  4.31964E-02 -5.40130E+00 -9.45701E+00 -9.46404E+00  5.35960E-01
  4.31970E-02 -5.40135E+00 -9.51939E+00 -9.52642E+00  4.73583E-01
  4.31989E-02 -5.78834E+00 -9.47160E+00 -9.47862E+00  5.21379E-01
  4.32008E-02 -5.40164E+00 -9.42771E+00 -9.43473E+00  5.65269E-01
  4.32010E-02 -5.40166E+00 -9.45099E+00 -9.45802E+00  5.41975E-01
  4.32012E-02 -5.40168E+00 -9.47395E+00 -9.48097E+00  5.19028E-01
  4.32031E-02 -5.73154E+00 -9.44975E+00 -9.45677E+00  5.43229E-01
  4.32050E-02 -5.40197E+00 -9.40161E+00 -9.40863E+00  5.91366E-01
  4.32067E-02 -5.40211E+00 -9.50612E+00 -9.51315E+00  4.86851E-01
  4.32085E-02 -5.40225E+00 -9.63453E+00 -9.64156E+00  3.58438E-01
  4.32104E-02 -5.92921E+00 -9.50929E+00 -9.51632E+00  4.83676E-01
  4.32122E-02 -5.40255E+00 -9.40503E+00 -9.41206E+00  5.87936E-01
  4.32128E-02 -5.40259E+00 -9.47312E+00 -9.48014E+00  5.19863E-01
  4.32133E-02 -5.40264E+00 -9.52955E+00 -9.53657E+00  4.63425E-01
  4.32152E-02 -5.80048E+00 -9.48170E+00 -9.48873E+00  5.11274E-01
  4.32170E-02 -5.40293E+00 -9.43717E+00 -9.44419E+00  5.55813E-01
  4.32174E-02 -5.40296E+00 -9.47944E+00 -9.48647E+00  5.13535E-01
  4.32178E-02 -5.40299E+00 -9.52470E+00 -9.53173E+00  4.68266E-01
  4.32196E-02 -5.83832E+00 -9.46448E+00 -9.47150E+00  5.28500E-01
  4.32215E-02 -5.40328E+00 -9.39917E+00 -9.40620E+00  5.93803E-01
  4.32218E-02 -5.40330E+00 -9.43492E+00 -9.44195E+00  5.58048E-01
  4.32220E-02 -5.40332E+00 -9.45899E+00 -9.46602E+00  5.33977E-01
  4.32239E-02 -5.73465E+00 -9.43504E+00 -9.44206E+00  5.57942E-01
  4.32257E-02 -5.40362E+00 -9.39703E+00 -9.40406E+00  5.95944E-01
  4.32259E-02 -5.40363E+00 -9.41272E+00 -9.41975E+00  5.80245E-01
  4.32261E-02 -5.40365E+00 -9.43027E+00 -9.43729E+00  5.62706E-01
  4.32279E-02 -5.60979E+00 -9.43685E+00 -9.44388E+00  5.56125E-01
  4.32298E-02 -5.40394E+00 -9.41683E+00 -9.42386E+00  5.76142E-01
  4.32310E-02 -5.40404E+00 -9.45132E+00 -9.45835E+00  5.41654E-01
  4.32320E-02 -5.40411E+00 -9.46719E+00 -9.47422E+00  5.25778E-01
  4.32330E-02 -5.41639E+00 -9.47790E+00 -9.48493E+00  5.15070E-01
  4.32340E-02 -5.45744E+00 -9.48569E+00 -9.49272E+00  5.07280E-01
  4.32350E-02 -5.49865E+00 -9.49161E+00 -9.49864E+00  5.01361E-01
  4.32360E-02 -5.54032E+00 -9.49623E+00 -9.50326E+00  4.96743E-01
  4.32370E-02 -5.56536E+00 -9.49989E+00 -9.50692E+00  4.93083E-01
  4.32380E-02 -5.56546E+00 -9.50282E+00 -9.50984E+00  4.90159E-01
  4.32390E-02 -5.56556E+00 -9.50516E+00 -9.51218E+00  4.87818E-01
  4.32410E-02 -5.56575E+00 -9.50850E+00 -9.51553E+00  4.84474E-01
  4.32450E-02 -5.56614E+00 -9.51154E+00 -9.51856E+00  4.81439E-01
  4.32520E-02 -5.56682E+00 -9.50179E+00 -9.50882E+00  4.91177E-01
  4.32600E-02 -5.56759E+00 -9.49600E+00 -9.50302E+00  4.96978E-01
  4.32670E-02 -5.56827E+00 -9.49267E+00 -9.49970E+00  5.00303E-01
  4.32750E-02 -5.56904E+00 -9.48978E+00 -9.49680E+00  5.03198E-01
  4.32900E-02 -5.57049E+00 -9.48567E+00 -9.49269E+00  5.07311E-01
  4.33200E-02 -5.57340E+00 -9.47947E+00 -9.48650E+00  5.13495E-01
  4.33600E-02 -5.57727E+00 -9.47272E+00 -9.47974E+00  5.20261E-01
  4.34300E-02 -5.58404E+00 -9.46213E+00 -9.46916E+00  5.30837E-01
  4.35000E-02 -5.59081E+00 -9.45207E+00 -9.45910E+00  5.40895E-01
  4.36000E-02 -5.60048E+00 -9.43801E+00 -9.44503E+00  5.54970E-01
  4.37000E-02 -5.61014E+00 -9.42413E+00 -9.43116E+00  5.68839E-01
  4.39000E-02 -5.62944E+00 -9.39649E+00 -9.40351E+00  5.96489E-01
  4.41000E-02 -5.64872E+00 -9.36857E+00 -9.37560E+00  6.24397E-01
  4.45000E-02 -5.68557E+00 -9.31287E+00 -9.31989E+00  6.80112E-01
  4.50000E-02 -5.73149E+00 -9.24294E+00 -9.24996E+00  7.50039E-01
  4.60000E-02 -5.81749E+00 -9.10304E+00 -9.11006E+00  8.89942E-01
  4.70000E-02 -5.89948E+00 -8.96261E+00 -8.96964E+00  1.03036E+00
  4.77000E-02 -5.95295E+00 -8.86454E+00 -8.87156E+00  1.12844E+00
  4.85000E-02 -6.01368E+00 -8.75141E+00 -8.75843E+00  1.24157E+00
  5.00000E-02 -6.11683E+00 -8.53710E+00 -8.54413E+00  1.45587E+00
  5.10000E-02 -6.17830E+00 -8.39501E+00 -8.40204E+00  1.59796E+00
  5.20000E-02 -6.23616E+00 -8.25242E+00 -8.25945E+00  1.74055E+00
  5.32000E-02 -6.30024E+00 -8.08235E+00 -8.08938E+00  1.91062E+00
  5.43000E-02 -6.35260E+00 -7.92607E+00 -7.93310E+00  2.06690E+00
  5.57000E-02 -6.41104E+00 -7.72967E+00 -7.73669E+00  2.26331E+00
  5.70000E-02 -6.45858E+00 -7.54698E+00 -7.55400E+00  2.44600E+00
  5.85000E-02 -6.50513E+00 -7.33958E+00 -7.34661E+00  2.65339E+00
  5.92000E-02 -6.52375E+00 -7.24375E+00 -7.25077E+00  2.74923E+00
  6.00000E-02 -6.54281E+00 -7.13416E+00 -7.14118E+00  2.85882E+00
  6.15000E-02 -6.57203E+00 -6.93391E+00 -6.94093E+00  3.05907E+00
  6.30000E-02 -6.59279E+00 -6.73347E+00 -6.74050E+00  3.25950E+00
  6.40000E-02 -6.60235E+00 -6.60347E+00 -6.61050E+00  3.38950E+00
  6.50000E-02 -6.60866E+00 -6.47341E+00 -6.48043E+00  3.51957E+00
  6.65000E-02 -6.61237E+00 -6.28588E+00 -6.29290E+00  3.70710E+00
  6.80000E-02 -6.60951E+00 -6.09824E+00 -6.10526E+00  3.89474E+00
  6.90000E-02 -6.60415E+00 -5.97654E+00 -5.98357E+00  4.01643E+00
  7.00000E-02 -6.59616E+00 -5.85682E+00 -5.86385E+00  4.13615E+00
  7.15000E-02 -6.57946E+00 -5.68160E+00 -5.68863E+00  4.31137E+00
  7.30000E-02 -6.55743E+00 -5.51102E+00 -5.51805E+00  4.48195E+00
  7.40000E-02 -6.53994E+00 -5.39956E+00 -5.40659E+00  4.59341E+00
  7.50000E-02 -6.52037E+00 -5.29027E+00 -5.29729E+00  4.70271E+00
  7.65000E-02 -6.48529E+00 -5.13091E+00 -5.13793E+00  4.86207E+00
  7.80000E-02 -6.45021E+00 -4.97619E+00 -4.98322E+00  5.01678E+00
  7.90000E-02 -6.42265E+00 -4.87612E+00 -4.88314E+00  5.11686E+00
  8.00000E-02 -6.39509E+00 -4.77787E+00 -4.78490E+00  5.21510E+00
  8.15000E-02 -6.34858E+00 -4.63569E+00 -4.64272E+00  5.35728E+00
  8.30000E-02 -6.30207E+00 -4.49836E+00 -4.50538E+00  5.49462E+00
  8.40000E-02 -6.26816E+00 -4.40865E+00 -4.41568E+00  5.58432E+00
  8.50000E-02 -6.23424E+00 -4.32113E+00 -4.32816E+00  5.67184E+00
  8.65000E-02 -6.17979E+00 -4.19474E+00 -4.20177E+00  5.79823E+00
  8.80000E-02 -6.12534E+00 -4.07299E+00 -4.08002E+00  5.91998E+00
  8.90000E-02 -6.08707E+00 -3.99367E+00 -4.00069E+00  5.99931E+00
  9.00000E-02 -6.04880E+00 -3.91641E+00 -3.92344E+00  6.07656E+00
  9.15000E-02 -5.98909E+00 -3.80503E+00 -3.81206E+00  6.18794E+00
  9.30000E-02 -5.92939E+00 -3.69802E+00 -3.70504E+00  6.29496E+00
  9.40000E-02 -5.88844E+00 -3.62849E+00 -3.63551E+00  6.36449E+00
  9.50000E-02 -5.84749E+00 -3.56087E+00 -3.56790E+00  6.43210E+00
  9.65000E-02 -5.78467E+00 -3.46349E+00 -3.47052E+00  6.52948E+00
  9.80000E-02 -5.72184E+00 -3.37022E+00 -3.37725E+00  6.62275E+00
  9.90000E-02 -5.67996E+00 -3.30945E+00 -3.31648E+00  6.68352E+00
  1.00000E-01 -5.63808E+00 -3.25051E+00 -3.25754E+00  6.74246E+00
  1.01000E-01 -5.59574E+00 -3.19349E+00 -3.20052E+00  6.79948E+00
  1.02000E-01 -5.55340E+00 -3.13795E+00 -3.14498E+00  6.85502E+00
  1.04000E-01 -5.46872E+00 -3.03139E+00 -3.03842E+00  6.96158E+00
  1.05000E-01 -5.42643E+00 -2.98030E+00 -2.98732E+00  7.01268E+00
  1.06000E-01 -5.38413E+00 -2.93060E+00 -2.93763E+00  7.06237E+00
  1.07300E-01 -5.32915E+00 -2.86809E+00 -2.87511E+00  7.12489E+00
  1.07900E-01 -5.30377E+00 -2.83990E+00 -2.84692E+00  7.15308E+00
  1.08500E-01 -5.27839E+00 -2.81191E+00 -2.81894E+00  7.18106E+00
  1.09800E-01 -5.22452E+00 -2.75431E+00 -2.76134E+00  7.23866E+00
  1.11000E-01 -5.17479E+00 -2.70314E+00 -2.71017E+00  7.28983E+00
  1.12500E-01 -5.11263E+00 -2.64035E+00 -2.64737E+00  7.35263E+00
  1.14000E-01 -5.05047E+00 -2.58097E+00 -2.58800E+00  7.41200E+00
  1.15500E-01 -4.99036E+00 -2.52342E+00 -2.53045E+00  7.46955E+00
  1.17000E-01 -4.93025E+00 -2.46915E+00 -2.47617E+00  7.52383E+00
  1.18000E-01 -4.89017E+00 -2.43432E+00 -2.44135E+00  7.55865E+00
  1.19000E-01 -4.85010E+00 -2.40002E+00 -2.40705E+00  7.59295E+00
  1.20500E-01 -4.79170E+00 -2.35045E+00 -2.35748E+00  7.64252E+00
  1.22000E-01 -4.73330E+00 -2.30299E+00 -2.31002E+00  7.68998E+00
  1.23000E-01 -4.69491E+00 -2.27245E+00 -2.27948E+00  7.72052E+00
  1.24000E-01 -4.65651E+00 -2.24298E+00 -2.25001E+00  7.74999E+00
  1.25500E-01 -4.60068E+00 -2.20033E+00 -2.20736E+00  7.79264E+00
  1.27000E-01 -4.54485E+00 -2.15881E+00 -2.16584E+00  7.83416E+00
  1.28500E-01 -4.49062E+00 -2.11970E+00 -2.12672E+00  7.87328E+00
  1.30000E-01 -4.43640E+00 -2.08189E+00 -2.08891E+00  7.91109E+00
  1.31500E-01 -4.38352E+00 -2.04557E+00 -2.05259E+00  7.94741E+00
  1.33000E-01 -4.33064E+00 -2.01084E+00 -2.01787E+00  7.98213E+00
  1.35000E-01 -4.26188E+00 -1.96656E+00 -1.97359E+00  8.02641E+00
  1.38000E-01 -4.16092E+00 -1.90527E+00 -1.91229E+00  8.08771E+00
  1.40000E-01 -4.09613E+00 -1.86697E+00 -1.87400E+00  8.12600E+00
  1.43000E-01 -4.00052E+00 -1.81348E+00 -1.82050E+00  8.17950E+00
  1.45000E-01 -3.93911E+00 -1.78009E+00 -1.78712E+00  8.21288E+00
  1.48000E-01 -3.84862E+00 -1.73337E+00 -1.74040E+00  8.25960E+00
  1.50000E-01 -3.79044E+00 -1.70408E+00 -1.71111E+00  8.28889E+00
  1.53000E-01 -3.70436E+00 -1.66329E+00 -1.67032E+00  8.32968E+00
  1.55000E-01 -3.64897E+00 -1.63821E+00 -1.64523E+00  8.35477E+00
  1.58000E-01 -3.56872E+00 -1.60251E+00 -1.60954E+00  8.39046E+00
  1.60000E-01 -3.51592E+00 -1.58009E+00 -1.58711E+00  8.41289E+00
  1.63000E-01 -3.43936E+00 -1.54916E+00 -1.55619E+00  8.44381E+00
  1.65000E-01 -3.39001E+00 -1.52961E+00 -1.53664E+00  8.46336E+00
  1.68000E-01 -3.31819E+00 -1.50226E+00 -1.50929E+00  8.49071E+00
  1.70000E-01 -3.27031E+00 -1.48535E+00 -1.49238E+00  8.50762E+00
  1.72000E-01 -3.22477E+00 -1.46905E+00 -1.47607E+00  8.52393E+00
  1.74000E-01 -3.17923E+00 -1.45357E+00 -1.46059E+00  8.53941E+00
  1.77000E-01 -3.11336E+00 -1.43223E+00 -1.43925E+00  8.56075E+00
  1.80000E-01 -3.04992E+00 -1.41226E+00 -1.41928E+00  8.58072E+00
  1.83300E-01 -2.98182E+00 -1.39202E+00 -1.39905E+00  8.60095E+00
  1.86000E-01 -2.92794E+00 -1.37673E+00 -1.38376E+00  8.61624E+00
  1.88000E-01 -2.88893E+00 -1.36621E+00 -1.37324E+00  8.62676E+00
  1.92000E-01 -2.81335E+00 -1.34673E+00 -1.35375E+00  8.64625E+00
  1.96000E-01 -2.74081E+00 -1.32923E+00 -1.33626E+00  8.66374E+00
  1.98000E-01 -2.70557E+00 -1.32123E+00 -1.32826E+00  8.67174E+00
  2.00000E-01 -2.67113E+00 -1.31356E+00 -1.32058E+00  8.67942E+00
  2.05000E-01 -2.58740E+00 -1.29643E+00 -1.30345E+00  8.69655E+00
  2.10000E-01 -2.50780E+00 -1.28144E+00 -1.28846E+00  8.71154E+00
  2.15000E-01 -2.43185E+00 -1.26878E+00 -1.27580E+00  8.72420E+00
  2.20000E-01 -2.35913E+00 -1.25803E+00 -1.26506E+00  8.73494E+00
  2.25000E-01 -2.28972E+00 -1.24892E+00 -1.25595E+00  8.74405E+00
  2.30000E-01 -2.22355E+00 -1.24141E+00 -1.24843E+00  8.75157E+00
  2.35000E-01 -2.15979E+00 -1.23532E+00 -1.24235E+00  8.75765E+00
  2.40000E-01 -2.09915E+00 -1.23054E+00 -1.23757E+00  8.76243E+00
  2.45000E-01 -2.04061E+00 -1.22693E+00 -1.23396E+00  8.76604E+00
  2.50000E-01 -1.98484E+00 -1.22441E+00 -1.23143E+00  8.76857E+00
  2.55000E-01 -1.93091E+00 -1.22290E+00 -1.22992E+00  8.77008E+00
  2.60000E-01 -1.87945E+00 -1.22250E+00 -1.22953E+00  8.77047E+00
  2.64000E-01 -1.83995E+00 -1.22275E+00 -1.22978E+00  8.77022E+00
  2.68000E-01 -1.80135E+00 -1.22299E+00 -1.23002E+00  8.76998E+00
  2.73000E-01 -1.75480E+00 -1.22480E+00 -1.23183E+00  8.76817E+00
  2.77000E-01 -1.71902E+00 -1.22626E+00 -1.23329E+00  8.76671E+00
  2.80000E-01 -1.69299E+00 -1.22779E+00 -1.23482E+00  8.76518E+00
  2.83000E-01 -1.66735E+00 -1.22932E+00 -1.23635E+00  8.76365E+00
  2.89000E-01 -1.61800E+00 -1.23335E+00 -1.24037E+00  8.75963E+00
  2.95000E-01 -1.57078E+00 -1.23798E+00 -1.24501E+00  8.75499E+00
  2.98000E-01 -1.54800E+00 -1.24059E+00 -1.24762E+00  8.75238E+00
  3.00000E-01 -1.53313E+00 -1.24233E+00 -1.24936E+00  8.75064E+00
  3.05000E-01 -1.49652E+00 -1.24740E+00 -1.25443E+00  8.74557E+00
  3.10000E-01 -1.46137E+00 -1.25248E+00 -1.25950E+00  8.74050E+00
  3.15000E-01 -1.42759E+00 -1.25827E+00 -1.26529E+00  8.73471E+00
  3.20000E-01 -1.39510E+00 -1.26405E+00 -1.27108E+00  8.72892E+00
  3.28000E-01 -1.34495E+00 -1.27462E+00 -1.28165E+00  8.71835E+00
  3.35000E-01 -1.30350E+00 -1.28387E+00 -1.29090E+00  8.70910E+00
  3.43000E-01 -1.25868E+00 -1.29562E+00 -1.30265E+00  8.69735E+00
  3.50000E-01 -1.22154E+00 -1.30591E+00 -1.31294E+00  8.68706E+00
  3.55000E-01 -1.19584E+00 -1.31370E+00 -1.32073E+00  8.67927E+00
  3.60000E-01 -1.17103E+00 -1.32150E+00 -1.32853E+00  8.67147E+00
  3.65000E-01 -1.14707E+00 -1.32967E+00 -1.33670E+00  8.66330E+00
  3.70000E-01 -1.12391E+00 -1.33784E+00 -1.34487E+00  8.65513E+00
  3.76000E-01 -1.09690E+00 -1.34828E+00 -1.35531E+00  8.64469E+00
  3.81000E-01 -1.07520E+00 -1.35699E+00 -1.36402E+00  8.63598E+00
  3.86000E-01 -1.05420E+00 -1.36570E+00 -1.37273E+00  8.62727E+00
  3.91400E-01 -1.03227E+00 -1.37510E+00 -1.38213E+00  8.61787E+00
  3.91900E-01 -1.03028E+00 -1.37601E+00 -1.38303E+00  8.61697E+00
  3.92400E-01 -1.02830E+00 -1.37692E+00 -1.38394E+00  8.61606E+00
  3.93400E-01 -1.02435E+00 -1.37873E+00 -1.38576E+00  8.61424E+00
  3.97000E-01 -1.01033E+00 -1.38530E+00 -1.39233E+00  8.60767E+00
  4.00000E-01 -9.98889E-01 -1.39078E+00 -1.39781E+00  8.60219E+00
  4.05000E-01 -9.80193E-01 -1.40024E+00 -1.40727E+00  8.59273E+00
  4.10000E-01 -9.62070E-01 -1.40970E+00 -1.41673E+00  8.58327E+00
  4.15000E-01 -9.44496E-01 -1.41916E+00 -1.42619E+00  8.57381E+00
  4.20000E-01 -9.27448E-01 -1.42863E+00 -1.43566E+00  8.56434E+00
  4.28000E-01 -9.01020E-01 -1.44475E+00 -1.45178E+00  8.54822E+00
  4.35000E-01 -8.78901E-01 -1.45886E+00 -1.46589E+00  8.53411E+00
  4.42000E-01 -8.57665E-01 -1.47297E+00 -1.48000E+00  8.52000E+00
  4.49286E-01 -8.36446E-01 -1.48767E+00 -1.49470E+00  8.50530E+00
  4.55000E-01 -8.20302E-01 -1.49992E+00 -1.50695E+00  8.49305E+00
  4.60000E-01 -8.06579E-01 -1.51064E+00 -1.51767E+00  8.48233E+00
  4.65000E-01 -7.93230E-01 -1.52136E+00 -1.52839E+00  8.47161E+00
  4.70000E-01 -7.80242E-01 -1.53209E+00 -1.53912E+00  8.46088E+00
  4.78000E-01 -7.60176E-01 -1.55037E+00 -1.55740E+00  8.44260E+00
  4.85000E-01 -7.43306E-01 -1.56637E+00 -1.57340E+00  8.42660E+00
  4.93000E-01 -7.24768E-01 -1.58468E+00 -1.59171E+00  8.40829E+00
  5.00000E-01 -7.09165E-01 -1.60070E+00 -1.60773E+00  8.39227E+00
  5.06000E-01 -6.96092E-01 -1.61518E+00 -1.62221E+00  8.37779E+00
  5.12000E-01 -6.83410E-01 -1.62967E+00 -1.63669E+00  8.36331E+00
  5.18000E-01 -6.71103E-01 -1.64473E+00 -1.65176E+00  8.34824E+00
  5.24900E-01 -6.57393E-01 -1.66207E+00 -1.66910E+00  8.33090E+00
  5.32000E-01 -6.43759E-01 -1.68067E+00 -1.68770E+00  8.31230E+00
  5.40000E-01 -6.28945E-01 -1.70165E+00 -1.70867E+00  8.29133E+00
  5.50000E-01 -6.11199E-01 -1.72932E+00 -1.73635E+00  8.26365E+00
  5.60000E-01 -5.94098E-01 -1.75703E+00 -1.76406E+00  8.23594E+00
  5.70000E-01 -5.77766E-01 -1.78629E+00 -1.79332E+00  8.20668E+00
  5.80000E-01 -5.62155E-01 -1.81665E+00 -1.82368E+00  8.17632E+00
  5.90000E-01 -5.47151E-01 -1.84822E+00 -1.85524E+00  8.14476E+00
  6.00000E-01 -5.32790E-01 -1.88109E+00 -1.88812E+00  8.11188E+00
  6.10000E-01 -5.18861E-01 -1.91545E+00 -1.92247E+00  8.07753E+00
  6.20000E-01 -5.05514E-01 -1.95150E+00 -1.95852E+00  8.04148E+00
  6.30000E-01 -4.92706E-01 -1.98934E+00 -1.99637E+00  8.00363E+00
  6.40000E-01 -4.80416E-01 -2.02913E+00 -2.03616E+00  7.96384E+00
  6.50000E-01 -4.68616E-01 -2.07111E+00 -2.07814E+00  7.92186E+00
  6.60000E-01 -4.57266E-01 -2.11552E+00 -2.12254E+00  7.87746E+00
  6.68000E-01 -4.48504E-01 -2.15295E+00 -2.15997E+00  7.84003E+00
  6.76800E-01 -4.39173E-01 -2.19630E+00 -2.20333E+00  7.79667E+00
  6.82000E-01 -4.33806E-01 -2.22309E+00 -2.23011E+00  7.76989E+00
  6.88000E-01 -4.27744E-01 -2.25517E+00 -2.26219E+00  7.73781E+00
  6.94000E-01 -4.21818E-01 -2.28859E+00 -2.29561E+00  7.70439E+00
  6.97000E-01 -4.18922E-01 -2.30585E+00 -2.31288E+00  7.68712E+00
  7.00000E-01 -4.16025E-01 -2.32345E+00 -2.33047E+00  7.66953E+00
  7.08000E-01 -4.08452E-01 -2.37244E+00 -2.37947E+00  7.62053E+00
  7.15000E-01 -4.01826E-01 -2.41797E+00 -2.42500E+00  7.57500E+00
  7.22000E-01 -3.95557E-01 -2.46625E+00 -2.47327E+00  7.52673E+00
  7.30000E-01 -3.88393E-01 -2.52512E+00 -2.53215E+00  7.46785E+00
  7.35000E-01 -3.84103E-01 -2.56419E+00 -2.57121E+00  7.42879E+00
  7.40000E-01 -3.79812E-01 -2.60516E+00 -2.61219E+00  7.38781E+00
  7.45000E-01 -3.75672E-01 -2.64825E+00 -2.65527E+00  7.34473E+00
  7.50000E-01 -3.71533E-01 -2.69362E+00 -2.70065E+00  7.29935E+00
  7.54000E-01 -3.68359E-01 -2.73175E+00 -2.73878E+00  7.26122E+00
  7.58000E-01 -3.65185E-01 -2.77164E+00 -2.77867E+00  7.22133E+00
  7.62000E-01 -3.62011E-01 -2.81346E+00 -2.82048E+00  7.17952E+00
  7.65000E-01 -3.59631E-01 -2.84617E+00 -2.85319E+00  7.14681E+00
  7.69000E-01 -3.56618E-01 -2.89179E+00 -2.89882E+00  7.10118E+00
  7.73000E-01 -3.53604E-01 -2.93985E+00 -2.94688E+00  7.05312E+00
  7.77000E-01 -3.50591E-01 -2.99063E+00 -2.99766E+00  7.00234E+00
  7.80000E-01 -3.48331E-01 -3.03069E+00 -3.03771E+00  6.96229E+00
  7.85000E-01 -3.44721E-01 -3.10161E+00 -3.10864E+00  6.89136E+00
  7.90000E-01 -3.41111E-01 -3.17846E+00 -3.18549E+00  6.81451E+00
  7.93000E-01 -3.39016E-01 -3.22777E+00 -3.23480E+00  6.76520E+00
  7.95000E-01 -3.37620E-01 -3.26215E+00 -3.26918E+00  6.73082E+00
  7.98000E-01 -3.35525E-01 -3.31618E+00 -3.32320E+00  6.67680E+00
  8.00000E-01 -3.34129E-01 -3.35396E+00 -3.36099E+00  6.63901E+00
  8.04000E-01 -3.31405E-01 -3.43431E+00 -3.44133E+00  6.55867E+00
  8.08000E-01 -3.28682E-01 -3.52194E+00 -3.52897E+00  6.47103E+00
  8.12000E-01 -3.25958E-01 -3.61816E+00 -3.62519E+00  6.37481E+00
  8.15000E-01 -3.23915E-01 -3.69698E+00 -3.70401E+00  6.29599E+00
  8.17000E-01 -3.22619E-01 -3.75319E+00 -3.76021E+00  6.23979E+00
  8.19000E-01 -3.21322E-01 -3.81271E+00 -3.81973E+00  6.18027E+00
  8.21000E-01 -3.20026E-01 -3.87590E+00 -3.88293E+00  6.11707E+00
  8.23000E-01 -3.18729E-01 -3.94329E+00 -3.95032E+00  6.04968E+00
  8.24500E-01 -3.17757E-01 -3.99686E+00 -4.00389E+00  5.99611E+00
  8.26000E-01 -3.16785E-01 -4.05341E+00 -4.06043E+00  5.93957E+00
  8.28000E-01 -3.15488E-01 -4.13385E+00 -4.14088E+00  5.85912E+00
  8.30000E-01 -3.14192E-01 -4.22097E+00 -4.22799E+00  5.77201E+00
  8.31500E-01 -3.13262E-01 -4.29138E+00 -4.29841E+00  5.70159E+00
  8.33000E-01 -3.12332E-01 -4.36680E+00 -4.37382E+00  5.62618E+00
  8.35000E-01 -3.11092E-01 -4.47638E+00 -4.48340E+00  5.51660E+00
  8.37000E-01 -3.09852E-01 -4.59840E+00 -4.60543E+00  5.39457E+00
  8.38500E-01 -3.08922E-01 -4.69986E+00 -4.70689E+00  5.29311E+00
  8.40000E-01 -3.07992E-01 -4.81176E+00 -4.81879E+00  5.18121E+00
  8.41500E-01 -3.07062E-01 -4.93641E+00 -4.94344E+00  5.05656E+00
  8.42300E-01 -3.06566E-01 -5.00910E+00 -5.01612E+00  4.98388E+00
  8.43000E-01 -3.06132E-01 -5.07689E+00 -5.08391E+00  4.91609E+00
  8.43800E-01 -3.05656E-01 -5.15983E+00 -5.16686E+00  4.83314E+00
  8.44500E-01 -3.05239E-01 -5.23787E+00 -5.24489E+00  4.75511E+00
  8.45300E-01 -3.04762E-01 -5.33427E+00 -5.34129E+00  4.65871E+00
  8.46000E-01 -3.04345E-01 -5.42608E+00 -5.43311E+00  4.56689E+00
  8.46700E-01 -3.03928E-01 -5.52605E+00 -5.53307E+00  4.46693E+00
  8.47500E-01 -3.03452E-01 -5.65236E+00 -5.65939E+00  4.34061E+00
  8.48300E-01 -3.02976E-01 -5.79462E+00 -5.80164E+00  4.19836E+00
  8.49000E-01 -3.02559E-01 -5.93567E+00 -5.94270E+00  4.05730E+00
  8.49800E-01 -3.02082E-01 -6.12168E+00 -6.12871E+00  3.87129E+00
  8.50500E-01 -3.01665E-01 -6.31361E+00 -6.32064E+00  3.67936E+00
  8.50900E-01 -3.01427E-01 -6.43957E+00 -6.44659E+00  3.55341E+00
  8.51300E-01 -3.01189E-01 -6.58081E+00 -6.58783E+00  3.41217E+00
  8.51700E-01 -3.00951E-01 -6.74145E+00 -6.74848E+00  3.25152E+00
  8.52000E-01 -3.00772E-01 -6.87805E+00 -6.88507E+00  3.11493E+00
  8.52500E-01 -3.00474E-01 -7.14707E+00 -7.15410E+00  2.84590E+00
  8.53000E-01 -3.00176E-01 -7.49187E+00 -7.49889E+00  2.50111E+00
  8.53500E-01 -2.99879E-01 -7.96473E+00 -7.97175E+00  2.02825E+00
  8.54000E-01 -2.99581E-01 -8.68997E+00 -8.69699E+00  1.30301E+00
  8.54400E-01 -2.99343E-01 -9.69302E+00 -9.70004E+00  2.99958E-01
  8.54700E-01 -2.99164E-01 -1.11140E+01 -1.11211E+01 -1.12106E+00
  8.55000E-01 -2.98985E-01 -1.46444E+01 -1.46514E+01 -4.65142E+00
  8.55343E-01 -2.98781E-01 -1.52999E+02 -1.53006E+02 -1.43006E+02
  8.55361E-01 -4.59832E+02 -7.60783E+00 -7.61486E+00  2.38514E+00
  8.55379E-01 -2.98759E-01  1.37783E+02  1.37776E+02  1.47776E+02
  8.55500E-01 -2.98689E-01  1.13064E+01  1.12994E+01  2.12994E+01
  8.55700E-01 -2.98572E-01 -1.73342E-01 -1.80362E-01  9.81964E+00
  8.55900E-01 -2.98456E-01 -3.37147E+00 -3.37850E+00  6.62150E+00
  8.56121E-01 -2.98327E-01 -5.24959E+00 -5.25662E+00  4.74338E+00
  8.56300E-01 -2.98223E-01 -6.45001E+00 -6.45704E+00  3.54296E+00
  8.56400E-01 -2.98165E-01 -7.14982E+00 -7.15685E+00  2.84315E+00
  8.56500E-01 -2.98106E-01 -7.97890E+00 -7.98592E+00  2.01408E+00
  8.56600E-01 -2.98048E-01 -9.12645E+00 -9.13348E+00  8.66524E-01
  8.56700E-01 -2.97990E-01 -1.11649E+01 -1.11719E+01 -1.17194E+00
  8.56780E-01 -2.97943E-01 -1.52396E+01 -1.52467E+01 -5.24666E+00
  8.56863E-01 -2.97895E-01 -5.33694E+01 -5.33765E+01 -4.33765E+01
  8.56881E-01 -1.49967E+02 -6.15951E+00 -6.16654E+00  3.83346E+00
  8.56899E-01 -2.97874E-01  4.00455E+01  4.00385E+01  5.00385E+01
  8.57030E-01 -2.97798E-01 -1.89095E+00 -1.89798E+00  8.10202E+00
  8.57090E-01 -2.97763E-01 -3.88292E+00 -3.88995E+00  6.11005E+00
  8.57160E-01 -2.97722E-01 -5.40716E+00 -5.41419E+00  4.58581E+00
  8.57220E-01 -2.97687E-01 -6.53099E+00 -6.53802E+00  3.46198E+00
  8.57290E-01 -2.97647E-01 -8.05090E+00 -8.05792E+00  1.94208E+00
  8.57360E-01 -2.97606E-01 -1.09494E+01 -1.09564E+01 -9.56403E-01
  8.57421E-01 -2.97571E-01 -2.76112E+01 -2.76182E+01 -1.76182E+01
  8.57439E-01 -6.68086E+01 -6.77661E+00 -6.78363E+00  3.21637E+00
  8.57457E-01 -2.97550E-01  1.40518E+01  1.40448E+01  2.40448E+01
  8.57510E-01 -2.97519E-01 -2.09081E+00 -2.09784E+00  7.90216E+00
  8.57572E-01 -2.97483E-01 -5.50718E+00 -5.51421E+00  4.48579E+00
  8.57630E-01 -2.97450E-01 -7.97733E+00 -7.98436E+00  2.01564E+00
  8.57688E-01 -2.97416E-01 -1.74138E+01 -1.74208E+01 -7.42082E+00
  8.57706E-01 -3.54657E+01 -6.62690E+00 -6.63393E+00  3.36607E+00
  8.57724E-01 -2.97395E-01  4.14228E+00  4.13526E+00  1.41353E+01
  8.57750E-01 -2.97380E-01 -2.87876E+00 -2.88579E+00  7.11421E+00
  8.57780E-01 -2.97362E-01 -5.58276E+00 -5.58979E+00  4.41021E+00
  8.57810E-01 -2.97345E-01 -7.84891E+00 -7.85593E+00  2.14407E+00
  8.57837E-01 -2.97329E-01 -1.25710E+01 -1.25780E+01 -2.57799E+00
  8.57855E-01 -2.10977E+01 -6.53957E+00 -6.54659E+00  3.45341E+00
  8.57873E-01 -2.97308E-01 -5.53260E-01 -5.60290E-01  9.43971E+00
  8.57900E-01 -2.97293E-01 -5.61574E+00 -5.62277E+00  4.37723E+00
  8.57928E-01 -2.97277E-01 -9.80438E+00 -9.81141E+00  1.88585E-01
  8.57946E-01 -1.36026E+01 -6.44877E+00 -6.45580E+00  3.54420E+00
  8.57964E-01 -2.97256E-01 -3.19029E+00 -3.19732E+00  6.80268E+00
  8.57976E-01 -2.97249E-01 -5.69314E+00 -5.70016E+00  4.29984E+00
  8.57988E-01 -2.97242E-01 -7.92452E+00 -7.93155E+00  2.06845E+00
  8.58006E-01 -9.31634E+00 -6.31827E+00 -6.32530E+00  3.67470E+00
  8.58024E-01 -2.97221E-01 -4.77693E+00 -4.78395E+00  5.21605E+00
  8.58033E-01 -2.97216E-01 -6.61595E+00 -6.62298E+00  3.37702E+00
  8.58042E-01 -2.97211E-01 -8.45622E+00 -8.46325E+00  1.53675E+00
  8.58060E-01 -1.13849E+01 -6.14062E+00 -6.14765E+00  3.85235E+00
  8.58078E-01 -2.97190E-01 -3.89302E+00 -3.90005E+00  6.09995E+00
  8.58086E-01 -2.97185E-01 -5.68468E+00 -5.69171E+00  4.30829E+00
  8.58094E-01 -2.97180E-01 -7.35653E+00 -7.36353E+00  2.63647E+00
  8.58112E-01 -8.76211E+00 -6.18669E+00 -6.19379E+00  3.80621E+00
  8.58131E-01 -2.97159E-01 -5.11029E+00 -5.11729E+00  4.88271E+00
  8.58133E-01 -2.97158E-01 -5.62529E+00 -5.63229E+00  4.36771E+00
  8.58136E-01 -2.97156E-01 -6.36478E+00 -6.37178E+00  3.62822E+00
  8.58145E-01 -3.72576E+00 -6.27989E+00 -6.28699E+00  3.71301E+00
  8.58154E-01 -7.15436E+00 -5.99705E+00 -6.00405E+00  3.99595E+00
  8.58161E-01 -3.46201E+00 -5.77705E+00 -5.78405E+00  4.21595E+00
  8.58167E-01 -2.97138E-01 -5.70312E+00 -5.71012E+00  4.28988E+00
  8.58170E-01 -2.97137E-01 -5.30868E+00 -5.31568E+00  4.68432E+00
  8.58172E-01 -2.97135E-01 -5.06533E+00 -5.07233E+00  4.92767E+00
  8.58185E-01 -4.35493E+00 -5.80263E+00 -5.80963E+00  4.19037E+00
  8.58203E-01 -8.57770E-01 -6.36485E+00 -6.37185E+00  3.62815E+00
  8.58217E-01 -2.04352E+00 -7.43500E+00 -7.44200E+00  2.55800E+00
  8.58230E-01 -3.64417E+00 -7.53012E+00 -7.53722E+00  2.46278E+00
  8.58240E-01 -3.64476E+00 -7.15891E+00 -7.16591E+00  2.83409E+00
  8.58250E-01 -3.64535E+00 -6.75367E+00 -6.76067E+00  3.23933E+00
  8.58260E-01 -3.64594E+00 -6.65255E+00 -6.65955E+00  3.34045E+00
  8.58270E-01 -3.64653E+00 -6.58476E+00 -6.59176E+00  3.40824E+00
  8.58285E-01 -3.64742E+00 -6.51590E+00 -6.52290E+00  3.47710E+00
  8.58300E-01 -3.64831E+00 -6.46950E+00 -6.47660E+00  3.52340E+00
  8.58310E-01 -3.64890E+00 -6.44537E+00 -6.45247E+00  3.54753E+00
  8.58320E-01 -3.64949E+00 -6.42508E+00 -6.43218E+00  3.56782E+00
  8.58335E-01 -3.65038E+00 -6.40017E+00 -6.40717E+00  3.59283E+00
  8.58350E-01 -3.65127E+00 -6.38036E+00 -6.38738E+00  3.61262E+00
  8.58360E-01 -3.65186E+00 -6.36870E+00 -6.37573E+00  3.62427E+00
  8.58370E-01 -3.65245E+00 -6.35822E+00 -6.36525E+00  3.63475E+00
  8.58385E-01 -3.65334E+00 -6.34432E+00 -6.35134E+00  3.64866E+00
  8.58400E-01 -3.65423E+00 -6.33245E+00 -6.33948E+00  3.66052E+00
  8.58420E-01 -3.65542E+00 -6.31849E+00 -6.32552E+00  3.67448E+00
  8.58450E-01 -3.65719E+00 -6.30024E+00 -6.30727E+00  3.69273E+00
  8.58470E-01 -3.65838E+00 -6.28987E+00 -6.29690E+00  3.70310E+00
  8.58500E-01 -3.66016E+00 -6.27567E+00 -6.28270E+00  3.71730E+00
  8.58520E-01 -3.66135E+00 -6.26730E+00 -6.27432E+00  3.72568E+00
  8.58550E-01 -3.66313E+00 -6.25562E+00 -6.26265E+00  3.73735E+00
  8.58570E-01 -3.66432E+00 -6.24826E+00 -6.25529E+00  3.74471E+00
  8.58600E-01 -3.66610E+00 -6.23805E+00 -6.24507E+00  3.75493E+00
  8.58630E-01 -3.66789E+00 -6.22830E+00 -6.23533E+00  3.76467E+00
  8.58670E-01 -3.67027E+00 -6.21627E+00 -6.22329E+00  3.77671E+00
  8.58710E-01 -3.67265E+00 -6.20492E+00 -6.21194E+00  3.78806E+00
  8.58750E-01 -3.67503E+00 -6.19412E+00 -6.20114E+00  3.79886E+00
  8.58780E-01 -3.67682E+00 -6.18633E+00 -6.19336E+00  3.80664E+00
  8.58820E-01 -3.67920E+00 -6.17623E+00 -6.18325E+00  3.81675E+00
  8.58900E-01 -3.68397E+00 -6.15677E+00 -6.16380E+00  3.83620E+00
  8.58970E-01 -3.68779E+00 -6.14043E+00 -6.14745E+00  3.85255E+00
  8.59050E-01 -3.69215E+00 -6.12270E+00 -6.12973E+00  3.87027E+00
  8.59120E-01 -3.69596E+00 -6.10773E+00 -6.11476E+00  3.88524E+00
  8.59200E-01 -3.70032E+00 -6.09100E+00 -6.09802E+00  3.90198E+00
  8.59300E-01 -3.70579E+00 -6.07075E+00 -6.07777E+00  3.92223E+00
  8.59400E-01 -3.71127E+00 -6.05089E+00 -6.05792E+00  3.94208E+00
  8.59500E-01 -3.71674E+00 -6.03135E+00 -6.03838E+00  3.96162E+00
  8.59600E-01 -3.72221E+00 -6.01183E+00 -6.01886E+00  3.98114E+00
  8.59700E-01 -3.72689E+00 -5.99268E+00 -5.99971E+00  4.00029E+00
  8.59800E-01 -3.73157E+00 -5.97414E+00 -5.98116E+00  4.01884E+00
  8.59900E-01 -3.73625E+00 -5.95602E+00 -5.96305E+00  4.03695E+00
  8.60000E-01 -3.74092E+00 -5.93823E+00 -5.94526E+00  4.05474E+00
  8.60150E-01 -3.74794E+00 -5.91191E+00 -5.91894E+00  4.08106E+00
  8.60300E-01 -3.75496E+00 -5.88584E+00 -5.89286E+00  4.10714E+00
  8.60500E-01 -3.76343E+00 -5.85190E+00 -5.85893E+00  4.14107E+00
  8.60700E-01 -3.77191E+00 -5.81904E+00 -5.82607E+00  4.17393E+00
  8.60850E-01 -3.77826E+00 -5.79478E+00 -5.80180E+00  4.19820E+00
  8.61000E-01 -3.78462E+00 -5.77050E+00 -5.77753E+00  4.22247E+00
  8.61200E-01 -3.79191E+00 -5.73890E+00 -5.74593E+00  4.25407E+00
  8.61400E-01 -3.79920E+00 -5.70838E+00 -5.71540E+00  4.28460E+00
  8.61600E-01 -3.80649E+00 -5.67848E+00 -5.68551E+00  4.31449E+00
  8.61800E-01 -3.81378E+00 -5.64888E+00 -5.65590E+00  4.34410E+00
  8.62100E-01 -3.82359E+00 -5.60558E+00 -5.61260E+00  4.38740E+00
  8.62500E-01 -3.83666E+00 -5.54979E+00 -5.55681E+00  4.44319E+00
  8.62800E-01 -3.84547E+00 -5.50903E+00 -5.51605E+00  4.48395E+00
  8.63200E-01 -3.85721E+00 -5.45639E+00 -5.46342E+00  4.53658E+00
  8.63600E-01 -3.86753E+00 -5.40539E+00 -5.41242E+00  4.58758E+00
  8.64000E-01 -3.87785E+00 -5.35600E+00 -5.36303E+00  4.63697E+00
  8.64300E-01 -3.88466E+00 -5.31987E+00 -5.32690E+00  4.67310E+00
  8.64700E-01 -3.89374E+00 -5.27310E+00 -5.28013E+00  4.71987E+00
  8.65100E-01 -3.90189E+00 -5.22770E+00 -5.23473E+00  4.76527E+00
  8.65500E-01 -3.91004E+00 -5.18356E+00 -5.19058E+00  4.80942E+00
  8.65900E-01 -3.91694E+00 -5.14059E+00 -5.14761E+00  4.85239E+00
  8.66300E-01 -3.92384E+00 -5.09921E+00 -5.10623E+00  4.89377E+00
  8.67000E-01 -3.93592E+00 -5.02922E+00 -5.03625E+00  4.96375E+00
  8.67500E-01 -3.94321E+00 -4.98078E+00 -4.98780E+00  5.01220E+00
  8.68000E-01 -3.95050E+00 -4.93389E+00 -4.94091E+00  5.05909E+00
  8.68500E-01 -3.95690E+00 -4.88839E+00 -4.89541E+00  5.10459E+00
  8.69000E-01 -3.96329E+00 -4.84414E+00 -4.85117E+00  5.14883E+00
  8.69700E-01 -3.97091E+00 -4.78442E+00 -4.79145E+00  5.20855E+00
  8.70500E-01 -3.97962E+00 -4.71890E+00 -4.72592E+00  5.27408E+00
  8.71300E-01 -3.98685E+00 -4.65600E+00 -4.66302E+00  5.33698E+00
  8.72000E-01 -3.99317E+00 -4.60297E+00 -4.60999E+00  5.39001E+00
  8.72800E-01 -3.99919E+00 -4.54452E+00 -4.55155E+00  5.44845E+00
  8.73500E-01 -4.00445E+00 -4.49514E+00 -4.50217E+00  5.49783E+00
  8.74300E-01 -4.00951E+00 -4.44057E+00 -4.44759E+00  5.55241E+00
  8.75000E-01 -4.01393E+00 -4.39423E+00 -4.40126E+00  5.59874E+00
  8.76500E-01 -4.02139E+00 -4.29997E+00 -4.30699E+00  5.69301E+00
  8.78000E-01 -4.02885E+00 -4.21102E+00 -4.21805E+00  5.78195E+00
  8.79000E-01 -4.03268E+00 -4.15415E+00 -4.16118E+00  5.83882E+00
  8.80000E-01 -4.03650E+00 -4.09927E+00 -4.10630E+00  5.89370E+00
  8.81500E-01 -4.04097E+00 -4.02049E+00 -4.02752E+00  5.97248E+00
  8.83000E-01 -4.04544E+00 -3.94527E+00 -3.95230E+00  6.04770E+00
  8.84000E-01 -4.04773E+00 -3.89680E+00 -3.90383E+00  6.09617E+00
  8.85000E-01 -4.05002E+00 -3.84959E+00 -3.85662E+00  6.14338E+00
  8.86500E-01 -4.05227E+00 -3.78137E+00 -3.78839E+00  6.21161E+00
  8.88000E-01 -4.05451E+00 -3.71611E+00 -3.72313E+00  6.27687E+00
  8.90000E-01 -4.05751E+00 -3.63208E+00 -3.63910E+00  6.36090E+00
  8.93000E-01 -4.05911E+00 -3.51296E+00 -3.51999E+00  6.48001E+00
  8.95000E-01 -4.06018E+00 -3.43738E+00 -3.44440E+00  6.55560E+00
  8.98000E-01 -4.05926E+00 -3.32938E+00 -3.33641E+00  6.66359E+00
  9.00000E-01 -4.05865E+00 -3.26035E+00 -3.26737E+00  6.73263E+00
  9.03000E-01 -4.05533E+00 -3.16117E+00 -3.16819E+00  6.83181E+00
  9.05000E-01 -4.05312E+00 -3.09744E+00 -3.10447E+00  6.89553E+00
  9.08000E-01 -4.04746E+00 -3.00556E+00 -3.01259E+00  6.98741E+00
  9.10000E-01 -4.04369E+00 -2.94636E+00 -2.95339E+00  7.04661E+00
  9.13000E-01 -4.03589E+00 -2.86080E+00 -2.86783E+00  7.13217E+00
  9.15000E-01 -4.03069E+00 -2.80553E+00 -2.81256E+00  7.18744E+00
  9.17000E-01 -4.02413E+00 -2.75168E+00 -2.75871E+00  7.24129E+00
  9.20000E-01 -4.01430E+00 -2.67359E+00 -2.68061E+00  7.31939E+00
  9.24000E-01 -3.99812E+00 -2.57451E+00 -2.58154E+00  7.41846E+00
  9.28000E-01 -3.98193E+00 -2.48029E+00 -2.48732E+00  7.51268E+00
  9.32000E-01 -3.96268E+00 -2.39049E+00 -2.39751E+00  7.60249E+00
  9.35000E-01 -3.94824E+00 -2.32595E+00 -2.33298E+00  7.66702E+00
  9.39000E-01 -3.92659E+00 -2.24377E+00 -2.25080E+00  7.74920E+00
  9.43000E-01 -3.90494E+00 -2.16567E+00 -2.17269E+00  7.82731E+00
  9.47000E-01 -3.88152E+00 -2.09124E+00 -2.09826E+00  7.90174E+00
  9.50000E-01 -3.86395E+00 -2.03780E+00 -2.04482E+00  7.95518E+00
  9.53000E-01 -3.84538E+00 -1.98624E+00 -1.99327E+00  8.00673E+00
  9.55000E-01 -3.83299E+00 -1.95296E+00 -1.95999E+00  8.04001E+00
  9.58000E-01 -3.81442E+00 -1.90458E+00 -1.91161E+00  8.08839E+00
  9.60000E-01 -3.80204E+00 -1.87321E+00 -1.88024E+00  8.11976E+00
  9.63000E-01 -3.78288E+00 -1.82770E+00 -1.83473E+00  8.16527E+00
  9.65000E-01 -3.77011E+00 -1.79845E+00 -1.80548E+00  8.19452E+00
  9.68000E-01 -3.75094E+00 -1.75585E+00 -1.76287E+00  8.23713E+00
  9.70000E-01 -3.73817E+00 -1.72810E+00 -1.73512E+00  8.26488E+00
  9.74000E-01 -3.71311E+00 -1.67467E+00 -1.68169E+00  8.31831E+00
  9.78000E-01 -3.68805E+00 -1.62400E+00 -1.63103E+00  8.36897E+00
  9.82000E-01 -3.66299E+00 -1.57562E+00 -1.58265E+00  8.41735E+00
  9.85000E-01 -3.64419E+00 -1.54068E+00 -1.54771E+00  8.45229E+00
  9.89000E-01 -3.61913E+00 -1.49590E+00 -1.50292E+00  8.49708E+00
  9.93000E-01 -3.59407E+00 -1.45314E+00 -1.46017E+00  8.53983E+00
  9.97000E-01 -3.56901E+00 -1.41222E+00 -1.41924E+00  8.58076E+00
  1.00000E+00 -3.55021E+00 -1.38267E+00 -1.38970E+00  8.61030E+00
  1.00200E+00 -3.53855E+00 -1.36347E+00 -1.37050E+00  8.62950E+00
  1.00500E+00 -3.52106E+00 -1.33527E+00 -1.34230E+00  8.65770E+00
  1.01000E+00 -3.49191E+00 -1.29003E+00 -1.29706E+00  8.70294E+00
  1.01500E+00 -3.46399E+00 -1.24721E+00 -1.25423E+00  8.74577E+00
  1.02000E+00 -3.43606E+00 -1.20635E+00 -1.21338E+00  8.78662E+00
  1.02500E+00 -3.40931E+00 -1.16697E+00 -1.17399E+00  8.82601E+00
  1.03000E+00 -3.38256E+00 -1.12958E+00 -1.13660E+00  8.86340E+00
  1.03600E+00 -3.35252E+00 -1.08653E+00 -1.09356E+00  8.90644E+00
  1.03900E+00 -3.33770E+00 -1.06551E+00 -1.07254E+00  8.92746E+00
  1.04100E+00 -3.32782E+00 -1.05173E+00 -1.05876E+00  8.94124E+00
  1.04500E+00 -3.30881E+00 -1.02482E+00 -1.03184E+00  8.96816E+00
  1.04800E+00 -3.29456E+00 -1.00522E+00 -1.01225E+00  8.98775E+00
  1.05200E+00 -3.27555E+00 -9.80118E-01 -9.87138E-01  9.01286E+00
  1.05500E+00 -3.26130E+00 -9.61419E-01 -9.68445E-01  9.03155E+00
  1.06300E+00 -3.22564E+00 -9.12923E-01 -9.19949E-01  9.08005E+00
  1.07000E+00 -3.19444E+00 -8.72548E-01 -8.79573E-01  9.12043E+00
  1.07700E+00 -3.16521E+00 -8.33749E-01 -8.40775E-01  9.15922E+00
  1.08500E+00 -3.13180E+00 -7.90786E-01 -7.97811E-01  9.20219E+00
  1.09300E+00 -3.09981E+00 -7.49715E-01 -7.56741E-01  9.24326E+00
  1.10000E+00 -3.07182E+00 -7.14875E-01 -7.21901E-01  9.27810E+00
  1.10800E+00 -3.04093E+00 -6.76312E-01 -6.83337E-01  9.31666E+00
  1.11500E+00 -3.01391E+00 -6.43625E-01 -6.50651E-01  9.34935E+00
  1.12300E+00 -2.98386E+00 -6.07651E-01 -6.14677E-01  9.38532E+00
  1.13000E+00 -2.95756E+00 -5.77246E-01 -5.84272E-01  9.41573E+00
  1.13500E+00 -2.93947E+00 -5.56079E-01 -5.63105E-01  9.43689E+00
  1.14000E+00 -2.92138E+00 -5.35338E-01 -5.42364E-01  9.45764E+00
  1.14500E+00 -2.90328E+00 -5.14972E-01 -5.21998E-01  9.47800E+00
  1.15000E+00 -2.88519E+00 -4.94783E-01 -5.01808E-01  9.49819E+00
  1.15500E+00 -2.86721E+00 -4.75035E-01 -4.82061E-01  9.51794E+00
  1.16000E+00 -2.84924E+00 -4.55998E-01 -4.63023E-01  9.53698E+00
  1.16500E+00 -2.83126E+00 -4.37474E-01 -4.44500E-01  9.55550E+00
  1.17000E+00 -2.81328E+00 -4.19405E-01 -4.26431E-01  9.57357E+00
  1.17800E+00 -2.78568E+00 -3.91315E-01 -3.98341E-01  9.60166E+00
  1.18500E+00 -2.76153E+00 -3.67456E-01 -3.74481E-01  9.62552E+00
  1.19200E+00 -2.73738E+00 -3.43918E-01 -3.50943E-01  9.64906E+00
  1.20000E+00 -2.70978E+00 -3.18325E-01 -3.25351E-01  9.67465E+00
  1.20700E+00 -2.68657E+00 -2.96889E-01 -3.03915E-01  9.69609E+00
  1.21500E+00 -2.66004E+00 -2.73296E-01 -2.80322E-01  9.71968E+00
  1.22300E+00 -2.63352E+00 -2.50546E-01 -2.57571E-01  9.74243E+00
  1.23000E+00 -2.61031E+00 -2.31147E-01 -2.38172E-01  9.76183E+00
  1.23600E+00 -2.59087E+00 -2.15006E-01 -2.22032E-01  9.77797E+00
  1.24200E+00 -2.57143E+00 -1.99479E-01 -2.06505E-01  9.79349E+00
  1.24800E+00 -2.55246E+00 -1.84427E-01 -1.91453E-01  9.80855E+00
  1.25400E+00 -2.53350E+00 -1.69824E-01 -1.76850E-01  9.82315E+00
  1.26200E+00 -2.50893E+00 -1.50984E-01 -1.58009E-01  9.84199E+00
  1.27000E+00 -2.48435E+00 -1.32778E-01 -1.39804E-01  9.86020E+00
  1.27500E+00 -2.46944E+00 -1.21726E-01 -1.28752E-01  9.87125E+00
  1.28000E+00 -2.45453E+00 -1.10971E-01 -1.17996E-01  9.88200E+00
  1.28500E+00 -2.43961E+00 -1.00462E-01 -1.07488E-01  9.89251E+00
  1.29000E+00 -2.42470E+00 -9.02038E-02 -9.72297E-02  9.90277E+00
  1.29800E+00 -2.40167E+00 -7.42768E-02 -8.13025E-02  9.91870E+00
  1.30500E+00 -2.38151E+00 -6.08062E-02 -6.78320E-02  9.93217E+00
  1.31300E+00 -2.35914E+00 -4.59105E-02 -5.29362E-02  9.94706E+00
  1.32000E+00 -2.33957E+00 -3.32977E-02 -4.03234E-02  9.95968E+00
  1.32700E+00 -2.32056E+00 -2.10518E-02 -2.80775E-02  9.97192E+00
  1.33500E+00 -2.29884E+00 -7.50345E-03 -1.45292E-02  9.98547E+00
  1.34300E+00 -2.27773E+00  5.59517E-03 -1.43057E-03  9.99857E+00
  1.35000E+00 -2.25925E+00  1.66829E-02  9.65720E-03  1.00097E+01
  1.35800E+00 -2.23878E+00  2.89815E-02  2.19557E-02  1.00220E+01
  1.36500E+00 -2.22087E+00  3.94451E-02  3.24194E-02  1.00324E+01
  1.37300E+00 -2.20097E+00  5.10625E-02  4.40368E-02  1.00440E+01
  1.38000E+00 -2.18356E+00  6.09413E-02  5.39156E-02  1.00539E+01
  1.38800E+00 -2.16444E+00  7.19231E-02  6.48973E-02  1.00649E+01
  1.39500E+00 -2.14771E+00  8.12749E-02  7.42491E-02  1.00742E+01
  1.40300E+00 -2.12859E+00  9.16998E-02  8.46741E-02  1.00847E+01
  1.41000E+00 -2.11186E+00  1.00548E-01  9.35219E-02  1.00935E+01
  1.41800E+00 -2.09371E+00  1.10375E-01  1.03349E-01  1.01033E+01
  1.42500E+00 -2.07782E+00  1.18745E-01  1.11719E-01  1.01117E+01
  1.43300E+00 -2.05967E+00  1.28049E-01  1.21023E-01  1.01210E+01
  1.44000E+00 -2.04378E+00  1.35993E-01  1.28967E-01  1.01290E+01
  1.44700E+00 -2.02860E+00  1.43785E-01  1.36759E-01  1.01368E+01
  1.45500E+00 -2.01125E+00  1.52555E-01  1.45529E-01  1.01455E+01
  1.46200E+00 -1.99608E+00  1.59926E-01  1.52900E-01  1.01529E+01
  1.47000E+00 -1.97873E+00  1.68096E-01  1.61071E-01  1.01611E+01
  1.48500E+00 -1.94734E+00  1.82802E-01  1.75777E-01  1.01758E+01
  1.49300E+00 -1.93103E+00  1.90379E-01  1.83354E-01  1.01834E+01
  1.50000E+00 -1.91676E+00  1.96964E-01  1.89938E-01  1.01899E+01
  1.51500E+00 -1.88630E+00  2.10342E-01  2.03316E-01  1.02033E+01
  1.53000E+00 -1.85663E+00  2.22737E-01  2.15711E-01  1.02157E+01
  1.55000E+00 -1.81822E+00  2.38138E-01  2.31112E-01  1.02311E+01
  1.56000E+00 -1.79966E+00  2.45449E-01  2.38423E-01  1.02384E+01
  1.57000E+00 -1.78109E+00  2.52619E-01  2.45593E-01  1.02456E+01
  1.58000E+00 -1.76280E+00  2.59511E-01  2.52486E-01  1.02525E+01
  1.59000E+00 -1.74450E+00  2.65990E-01  2.58964E-01  1.02590E+01
  1.60000E+00 -1.72680E+00  2.72165E-01  2.65139E-01  1.02651E+01
  1.61000E+00 -1.70910E+00  2.78075E-01  2.71049E-01  1.02710E+01
  1.63000E+00 -1.67484E+00  2.89181E-01  2.82155E-01  1.02822E+01
  1.65000E+00 -1.64168E+00  2.99515E-01  2.92489E-01  1.02925E+01
  1.67000E+00 -1.60926E+00  3.09021E-01  3.01995E-01  1.03020E+01
  1.69000E+00 -1.57786E+00  3.17662E-01  3.10636E-01  1.03106E+01
  1.71000E+00 -1.54743E+00  3.25590E-01  3.18564E-01  1.03186E+01
  1.73000E+00 -1.51793E+00  3.32911E-01  3.25885E-01  1.03259E+01
  1.75000E+00 -1.48922E+00  3.39645E-01  3.32619E-01  1.03326E+01
  1.77000E+00 -1.46138E+00  3.45810E-01  3.38784E-01  1.03388E+01
  1.78500E+00 -1.44127E+00  3.50114E-01  3.43088E-01  1.03431E+01
  1.80000E+00 -1.42115E+00  3.54204E-01  3.47178E-01  1.03472E+01
  1.82000E+00 -1.39514E+00  3.59249E-01  3.52223E-01  1.03522E+01
  1.85000E+00 -1.35753E+00  3.65950E-01  3.58924E-01  1.03589E+01
  1.87000E+00 -1.33335E+00  3.69955E-01  3.62930E-01  1.03629E+01
  1.90000E+00 -1.29835E+00  3.75446E-01  3.68420E-01  1.03684E+01
  1.92000E+00 -1.27560E+00  3.78752E-01  3.71726E-01  1.03717E+01
  1.95000E+00 -1.24266E+00  3.83113E-01  3.76087E-01  1.03761E+01
  1.97000E+00 -1.22128E+00  3.85691E-01  3.78665E-01  1.03787E+01
  2.00000E+00 -1.19029E+00  3.89113E-01  3.82087E-01  1.03821E+01
  2.03000E+00 -1.16006E+00  3.91918E-01  3.84893E-01  1.03849E+01
  2.07000E+00 -1.12160E+00  3.94570E-01  3.87545E-01  1.03875E+01
  2.11000E+00 -1.08512E+00  3.96371E-01  3.89345E-01  1.03893E+01
  2.15000E+00 -1.05047E+00  3.97575E-01  3.90549E-01  1.03905E+01
  2.18000E+00 -1.02538E+00  3.98080E-01  3.91054E-01  1.03911E+01
  2.22000E+00 -9.93362E-01  3.98138E-01  3.91112E-01  1.03911E+01
  2.26000E+00 -9.62890E-01  3.97695E-01  3.90670E-01  1.03907E+01
  2.30000E+00 -9.33863E-01  3.96899E-01  3.89873E-01  1.03899E+01
  2.32000E+00 -9.19780E-01  3.96304E-01  3.89278E-01  1.03893E+01
  2.35000E+00 -8.99271E-01  3.95413E-01  3.88387E-01  1.03884E+01
  2.37000E+00 -8.85995E-01  3.94624E-01  3.87598E-01  1.03876E+01
  2.40000E+00 -8.66649E-01  3.93440E-01  3.86414E-01  1.03864E+01
  2.42000E+00 -8.54027E-01  3.92496E-01  3.85470E-01  1.03855E+01
  2.45000E+00 -8.35627E-01  3.91082E-01  3.84056E-01  1.03841E+01
  2.48000E+00 -8.17841E-01  3.89470E-01  3.82445E-01  1.03824E+01
  2.50000E+00 -8.06310E-01  3.88396E-01  3.81371E-01  1.03814E+01
  2.53000E+00 -7.89320E-01  3.86570E-01  3.79545E-01  1.03795E+01
  2.56000E+00 -7.72882E-01  3.84745E-01  3.77720E-01  1.03777E+01
  2.59000E+00 -7.56971E-01  3.82698E-01  3.75673E-01  1.03757E+01
  2.62100E+00 -7.41061E-01  3.80585E-01  3.73559E-01  1.03736E+01
  2.62200E+00 -7.40557E-01  3.80514E-01  3.73488E-01  1.03735E+01
  2.62300E+00 -7.40053E-01  3.80444E-01  3.73418E-01  1.03734E+01
  2.67000E+00 -7.16868E-01  3.77023E-01  3.69997E-01  1.03700E+01
  2.71000E+00 -6.97918E-01  3.74114E-01  3.67088E-01  1.03671E+01
  2.75000E+00 -6.79736E-01  3.70959E-01  3.63933E-01  1.03639E+01
  2.80000E+00 -6.58025E-01  3.67018E-01  3.59993E-01  1.03600E+01
  2.85000E+00 -6.37242E-01  3.62896E-01  3.55871E-01  1.03559E+01
  2.90000E+00 -6.17459E-01  3.58777E-01  3.51751E-01  1.03518E+01
  2.95000E+00 -5.98618E-01  3.54602E-01  3.47576E-01  1.03476E+01
  2.98000E+00 -5.87738E-01  3.52097E-01  3.45072E-01  1.03451E+01
  3.00000E+00 -5.80654E-01  3.50428E-01  3.43403E-01  1.03434E+01
  3.03000E+00 -5.70128E-01  3.47876E-01  3.40851E-01  1.03409E+01
  3.07000E+00 -5.56546E-01  3.44473E-01  3.37448E-01  1.03374E+01
  3.11000E+00 -5.43457E-01  3.41072E-01  3.34047E-01  1.03340E+01
  3.15000E+00 -5.30837E-01  3.37672E-01  3.30646E-01  1.03306E+01
  3.18000E+00 -5.21669E-01  3.35122E-01  3.28097E-01  1.03281E+01
  3.22000E+00 -5.09820E-01  3.31724E-01  3.24698E-01  1.03247E+01
  3.26000E+00 -4.98382E-01  3.28326E-01  3.21300E-01  1.03213E+01
  3.30000E+00 -4.87335E-01  3.24929E-01  3.17903E-01  1.03179E+01
  3.35000E+00 -4.73891E-01  3.20792E-01  3.13766E-01  1.03138E+01
  3.40000E+00 -4.61009E-01  3.16657E-01  3.09631E-01  1.03096E+01
  3.45000E+00 -4.48658E-01  3.12522E-01  3.05496E-01  1.03055E+01
  3.50000E+00 -4.36808E-01  3.08388E-01  3.01362E-01  1.03014E+01
  3.53000E+00 -4.29884E-01  3.05978E-01  2.98952E-01  1.02990E+01
  3.57000E+00 -4.20911E-01  3.02764E-01  2.95738E-01  1.02957E+01
  3.61000E+00 -4.12222E-01  2.99551E-01  2.92525E-01  1.02925E+01
  3.65000E+00 -4.03804E-01  2.96339E-01  2.89313E-01  1.02893E+01
  3.68000E+00 -3.97663E-01  2.94025E-01  2.86999E-01  1.02870E+01
  3.72000E+00 -3.89696E-01  2.90942E-01  2.83916E-01  1.02839E+01
  3.76000E+00 -3.81970E-01  2.87859E-01  2.80833E-01  1.02808E+01
  3.80000E+00 -3.74477E-01  2.84776E-01  2.77750E-01  1.02777E+01
  3.85000E+00 -3.65354E-01  2.81074E-01  2.74048E-01  1.02740E+01
  3.90000E+00 -3.56567E-01  2.77374E-01  2.70348E-01  1.02703E+01
  3.95000E+00 -3.48099E-01  2.73792E-01  2.66766E-01  1.02668E+01
  4.00000E+00 -3.39935E-01  2.70212E-01  2.63186E-01  1.02632E+01
  4.02000E+00 -3.36717E-01  2.68817E-01  2.61791E-01  1.02618E+01
  4.04000E+00 -3.33546E-01  2.67423E-01  2.60397E-01  1.02604E+01
  4.06000E+00 -3.30419E-01  2.66032E-01  2.59006E-01  1.02590E+01
  4.08600E+00 -3.26421E-01  2.64223E-01  2.57198E-01  1.02572E+01
  4.14000E+00 -3.18350E-01  2.60608E-01  2.53583E-01  1.02536E+01
  4.19000E+00 -3.11145E-01  2.57261E-01  2.50236E-01  1.02502E+01
  4.25000E+00 -3.02821E-01  2.53246E-01  2.46220E-01  1.02462E+01
  4.30000E+00 -2.96142E-01  2.49900E-01  2.42874E-01  1.02429E+01
  4.35000E+00 -2.89650E-01  2.46727E-01  2.39701E-01  1.02397E+01
  4.40000E+00 -2.83371E-01  2.43554E-01  2.36528E-01  1.02365E+01
  4.45000E+00 -2.77298E-01  2.40485E-01  2.33459E-01  1.02335E+01
  4.50000E+00 -2.71420E-01  2.37417E-01  2.30391E-01  1.02304E+01
  4.58000E+00 -2.62357E-01  2.32705E-01  2.25679E-01  1.02257E+01
  4.65000E+00 -2.54799E-01  2.28583E-01  2.21557E-01  1.02216E+01
  4.73000E+00 -2.46559E-01  2.24114E-01  2.17088E-01  1.02171E+01
  4.80000E+00 -2.39676E-01  2.20204E-01  2.13178E-01  1.02132E+01
  4.85000E+00 -2.34905E-01  2.17535E-01  2.10509E-01  1.02105E+01
  4.90000E+00 -2.30277E-01  2.14867E-01  2.07841E-01  1.02078E+01
  4.95000E+00 -2.25785E-01  2.12288E-01  2.05262E-01  1.02053E+01
  5.00000E+00 -2.21425E-01  2.09710E-01  2.02684E-01  1.02027E+01
  5.05000E+00 -2.17162E-01  2.07214E-01  2.00188E-01  1.02002E+01
  5.10000E+00 -2.13021E-01  2.04720E-01  1.97694E-01  1.01977E+01
  5.15000E+00 -2.08999E-01  2.02298E-01  1.95272E-01  1.01953E+01
  5.20000E+00 -2.05091E-01  1.99876E-01  1.92850E-01  1.01928E+01
  5.26000E+00 -2.00545E-01  1.97123E-01  1.90097E-01  1.01901E+01
  5.31000E+00 -1.96870E-01  1.94830E-01  1.87804E-01  1.01878E+01
  5.36000E+00 -1.93285E-01  1.92536E-01  1.85510E-01  1.01855E+01
  5.41472E+00 -1.89474E-01  1.90027E-01  1.83001E-01  1.01830E+01
  5.49000E+00 -1.84414E-01  1.86785E-01  1.79759E-01  1.01798E+01
  5.56000E+00 -1.79866E-01  1.83770E-01  1.76744E-01  1.01767E+01
  5.63000E+00 -1.75481E-01  1.80882E-01  1.73857E-01  1.01739E+01
  5.70000E+00 -1.71255E-01  1.77994E-01  1.70969E-01  1.01710E+01
  5.78000E+00 -1.66610E-01  1.74847E-01  1.67822E-01  1.01678E+01
  5.85000E+00 -1.62700E-01  1.72094E-01  1.65068E-01  1.01651E+01
  5.92000E+00 -1.58926E-01  1.69485E-01  1.62459E-01  1.01625E+01
  6.00000E+00 -1.54773E-01  1.66503E-01  1.59478E-01  1.01595E+01
  6.05000E+00 -1.52236E-01  1.64740E-01  1.57715E-01  1.01577E+01
  6.10000E+00 -1.49761E-01  1.62977E-01  1.55952E-01  1.01560E+01
  6.20000E+00 -1.44989E-01  1.59451E-01  1.52426E-01  1.01524E+01
  6.30000E+00 -1.40441E-01  1.56132E-01  1.49107E-01  1.01491E+01
  6.35000E+00 -1.38248E-01  1.54473E-01  1.47447E-01  1.01474E+01
  6.40384E+00 -1.35942E-01  1.52686E-01  1.45660E-01  1.01457E+01
  6.48000E+00 -1.32779E-01  1.50354E-01  1.43328E-01  1.01433E+01
  6.55000E+00 -1.29955E-01  1.48210E-01  1.41185E-01  1.01412E+01
  6.63000E+00 -1.26832E-01  1.45761E-01  1.38735E-01  1.01387E+01
  6.70000E+00 -1.24191E-01  1.43617E-01  1.36592E-01  1.01366E+01
  6.78000E+00 -1.21272E-01  1.41326E-01  1.34300E-01  1.01343E+01
  6.85000E+00 -1.18801E-01  1.39320E-01  1.32294E-01  1.01323E+01
  6.92000E+00 -1.16405E-01  1.37410E-01  1.30384E-01  1.01304E+01
  7.00000E+00 -1.13754E-01  1.35227E-01  1.28201E-01  1.01282E+01
  7.07000E+00 -1.11491E-01  1.33437E-01  1.26411E-01  1.01264E+01
  7.15000E+00 -1.08986E-01  1.31390E-01  1.24364E-01  1.01244E+01
  7.22000E+00 -1.06862E-01  1.29600E-01  1.22574E-01  1.01226E+01
  7.30000E+00 -1.04510E-01  1.27554E-01  1.20528E-01  1.01205E+01
  7.40000E+00 -1.01677E-01  1.25173E-01  1.18148E-01  1.01181E+01
  7.50000E+00 -9.89569E-02  1.22793E-01  1.15768E-01  1.01158E+01
  7.57000E+00 -9.71093E-02  1.21241E-01  1.14216E-01  1.01142E+01
  7.65000E+00 -9.50602E-02  1.19466E-01  1.12441E-01  1.01124E+01
  7.72000E+00 -9.33198E-02  1.17914E-01  1.10889E-01  1.01109E+01
  7.80000E+00 -9.13883E-02  1.16140E-01  1.09115E-01  1.01091E+01
  7.90000E+00 -8.90568E-02  1.14076E-01  1.07051E-01  1.01071E+01
  8.00000E+00 -8.68129E-02  1.12013E-01  1.04987E-01  1.01050E+01
  8.02000E+00 -8.63712E-02  1.11614E-01  1.04588E-01  1.01046E+01
  8.04778E+00 -8.57632E-02  1.11061E-01  1.04035E-01  1.01040E+01
  8.17000E+00 -8.31626E-02  1.08715E-01  1.01689E-01  1.01017E+01
  8.30000E+00 -8.05233E-02  1.06220E-01  9.91945E-02  1.00992E+01
  8.40000E+00 -7.85770E-02  1.04413E-01  9.73872E-02  1.00974E+01
  8.50000E+00 -7.67000E-02  1.02605E-01  9.55800E-02  1.00956E+01
  8.65000E+00 -7.39980E-02  1.00065E-01  9.30392E-02  1.00930E+01
  8.80000E+00 -7.14352E-02  9.75243E-02  9.04986E-02  1.00905E+01
  8.90000E+00 -6.97994E-02  9.59374E-02  8.89117E-02  1.00889E+01
  9.00000E+00 -6.82186E-02  9.43506E-02  8.73248E-02  1.00873E+01
  9.15000E+00 -6.59340E-02  9.21138E-02  8.50880E-02  1.00851E+01
  9.30000E+00 -6.37612E-02  8.98772E-02  8.28514E-02  1.00829E+01
  9.40000E+00 -6.23713E-02  8.84754E-02  8.14496E-02  1.00814E+01
  9.50000E+00 -6.10259E-02  8.70737E-02  8.00480E-02  1.00800E+01
  9.65000E+00 -5.90786E-02  8.50930E-02  7.80673E-02  1.00781E+01
  9.80000E+00 -5.72222E-02  8.31124E-02  7.60867E-02  1.00761E+01
  9.90000E+00 -5.60321E-02  8.18695E-02  7.48438E-02  1.00748E+01
  1.00000E+01 -5.48783E-02  8.06266E-02  7.36009E-02  1.00736E+01
  1.01500E+01 -5.32004E-02  7.88639E-02  7.18381E-02  1.00718E+01
  1.03000E+01 -5.15972E-02  7.71013E-02  7.00755E-02  1.00701E+01
  1.04500E+01 -5.00645E-02  7.54499E-02  6.84242E-02  1.00684E+01
  1.06000E+01 -4.85982E-02  7.37986E-02  6.67729E-02  1.00668E+01
  1.07500E+01 -4.71946E-02  7.22557E-02  6.52300E-02  1.00652E+01
  1.09000E+01 -4.58456E-02  7.07128E-02  6.36871E-02  1.00637E+01
  1.11000E+01 -4.41310E-02  6.87846E-02  6.17588E-02  1.00618E+01
  1.11600E+01 -4.36351E-02  6.82062E-02  6.11804E-02  1.00612E+01
  1.12200E+01 -4.31474E-02  6.76278E-02  6.06020E-02  1.00606E+01
  1.13600E+01 -4.20402E-02  6.63867E-02  5.93610E-02  1.00594E+01
  1.15000E+01 -4.09744E-02  6.51458E-02  5.81201E-02  1.00581E+01
  1.16000E+01 -4.02352E-02  6.42594E-02  5.72337E-02  1.00572E+01
  1.17000E+01 -3.95154E-02  6.33731E-02  5.63474E-02  1.00563E+01
  1.19000E+01 -3.81317E-02  6.17523E-02  5.47265E-02  1.00547E+01
  1.20000E+01 -3.74665E-02  6.09419E-02  5.39161E-02  1.00539E+01
  1.21000E+01 -3.68183E-02  6.01315E-02  5.31057E-02  1.00531E+01
  1.22500E+01 -3.58766E-02  5.90202E-02  5.19944E-02  1.00520E+01
  1.24000E+01 -3.49674E-02  5.79089E-02  5.08832E-02  1.00509E+01
  1.25000E+01 -3.43791E-02  5.71681E-02  5.01423E-02  1.00501E+01
  1.26000E+01 -3.38053E-02  5.64272E-02  4.94015E-02  1.00494E+01
  1.28000E+01 -3.26992E-02  5.50680E-02  4.80423E-02  1.00480E+01
  1.29000E+01 -3.21661E-02  5.43885E-02  4.73628E-02  1.00474E+01
  1.30000E+01 -3.16457E-02  5.37089E-02  4.66832E-02  1.00467E+01
  1.31500E+01 -3.08856E-02  5.27713E-02  4.57456E-02  1.00457E+01
  1.33000E+01 -3.01522E-02  5.18337E-02  4.48080E-02  1.00448E+01
  1.34000E+01 -2.96773E-02  5.12087E-02  4.41830E-02  1.00442E+01
  1.35000E+01 -2.92134E-02  5.05836E-02  4.35579E-02  1.00436E+01
  1.36500E+01 -2.85373E-02  4.97277E-02  4.27020E-02  1.00427E+01
  1.38000E+01 -2.78840E-02  4.88718E-02  4.18461E-02  1.00418E+01
  1.39000E+01 -2.74607E-02  4.83012E-02  4.12755E-02  1.00413E+01
  1.40000E+01 -2.70467E-02  4.77306E-02  4.07049E-02  1.00407E+01
  1.43000E+01 -2.58534E-02  4.61634E-02  3.91376E-02  1.00391E+01
  1.45000E+01 -2.51004E-02  4.51187E-02  3.80929E-02  1.00381E+01
  1.48000E+01 -2.40300E-02  4.36806E-02  3.66548E-02  1.00367E+01
  1.50000E+01 -2.33533E-02  4.27219E-02  3.56962E-02  1.00357E+01
  1.51500E+01 -2.28608E-02  4.20650E-02  3.50393E-02  1.00350E+01
  1.53000E+01 -2.23835E-02  4.14082E-02  3.43825E-02  1.00344E+01
  1.54500E+01 -2.19206E-02  4.07514E-02  3.37257E-02  1.00337E+01
  1.56000E+01 -2.14716E-02  4.00946E-02  3.30689E-02  1.00331E+01
  1.57500E+01 -2.10360E-02  3.94972E-02  3.24715E-02  1.00325E+01
  1.59000E+01 -2.06133E-02  3.88999E-02  3.18742E-02  1.00319E+01
  1.60500E+01 -2.02028E-02  3.83026E-02  3.12769E-02  1.00313E+01
  1.62000E+01 -1.98043E-02  3.77053E-02  3.06796E-02  1.00307E+01
  1.63500E+01 -1.94172E-02  3.71619E-02  3.01362E-02  1.00301E+01
  1.65000E+01 -1.90411E-02  3.66185E-02  2.95928E-02  1.00296E+01
  1.66500E+01 -1.86737E-02  3.60751E-02  2.90494E-02  1.00290E+01
  1.68000E+01 -1.83166E-02  3.55317E-02  2.85060E-02  1.00285E+01
  1.69500E+01 -1.79694E-02  3.50373E-02  2.80116E-02  1.00280E+01
  1.71000E+01 -1.76318E-02  3.45428E-02  2.75171E-02  1.00275E+01
  1.73000E+01 -1.71959E-02  3.38836E-02  2.68579E-02  1.00269E+01
  1.74790E+01 -1.68191E-02  3.32936E-02  2.62679E-02  1.00263E+01
  1.76000E+01 -1.65711E-02  3.29311E-02  2.59054E-02  1.00259E+01
  1.78000E+01 -1.61729E-02  3.23320E-02  2.53062E-02  1.00253E+01
  1.81000E+01 -1.56008E-02  3.14334E-02  2.44076E-02  1.00244E+01
  1.84000E+01 -1.50566E-02  3.06089E-02  2.35831E-02  1.00236E+01
  1.85500E+01 -1.47949E-02  3.01967E-02  2.31709E-02  1.00232E+01
  1.87000E+01 -1.45398E-02  2.97844E-02  2.27587E-02  1.00228E+01
  1.89000E+01 -1.42095E-02  2.93015E-02  2.22758E-02  1.00223E+01
  1.91000E+01 -1.38895E-02  2.88186E-02  2.17929E-02  1.00218E+01
  1.92500E+01 -1.36559E-02  2.84564E-02  2.14307E-02  1.00214E+01
  1.94000E+01 -1.34279E-02  2.80943E-02  2.10685E-02  1.00211E+01
  1.97000E+01 -1.29884E-02  2.73700E-02  2.03442E-02  1.00203E+01
  2.00000E+01 -1.25697E-02  2.66457E-02  1.96199E-02  1.00196E+01
  2.03000E+01 -1.21683E-02  2.60274E-02  1.90017E-02  1.00190E+01
  2.06000E+01 -1.17855E-02  2.54092E-02  1.83834E-02  1.00184E+01
  2.09000E+01 -1.14199E-02  2.47910E-02  1.77652E-02  1.00178E+01
  2.11000E+01 -1.11853E-02  2.43788E-02  1.73531E-02  1.00174E+01
  2.14000E+01 -1.08464E-02  2.38428E-02  1.68171E-02  1.00168E+01
  2.16000E+01 -1.06245E-02  2.34854E-02  1.64597E-02  1.00165E+01
  2.19000E+01 -1.02976E-02  2.29494E-02  1.59237E-02  1.00159E+01
  2.20300E+01 -1.01584E-02  2.27172E-02  1.56915E-02  1.00157E+01
  2.21630E+01 -1.00188E-02  2.24796E-02  1.54539E-02  1.00155E+01
  2.25000E+01 -9.67735E-03  2.19469E-02  1.49212E-02  1.00149E+01
  2.29000E+01 -9.29363E-03  2.13147E-02  1.42890E-02  1.00143E+01
  2.33000E+01 -8.93028E-03  2.06825E-02  1.36568E-02  1.00137E+01
  2.36000E+01 -8.67074E-03  2.02084E-02  1.31827E-02  1.00132E+01
  2.40000E+01 -8.34119E-03  1.96603E-02  1.26346E-02  1.00126E+01
  2.43000E+01 -8.10618E-03  1.92493E-02  1.22236E-02  1.00122E+01
  2.47000E+01 -7.80753E-03  1.87013E-02  1.16756E-02  1.00117E+01
  2.50000E+01 -7.59395E-03  1.82903E-02  1.12646E-02  1.00113E+01
  2.53000E+01 -7.38888E-03  1.79276E-02  1.09019E-02  1.00109E+01
  2.56000E+01 -7.19236E-03  1.75649E-02  1.05392E-02  1.00105E+01
  2.59000E+01 -7.00569E-03  1.72022E-02  1.01765E-02  1.00102E+01
  2.62000E+01 -6.83001E-03  1.68395E-02  9.81377E-03  1.00098E+01
  2.65000E+01 -6.66053E-03  1.65227E-02  9.49693E-03  1.00095E+01
  2.68000E+01 -6.49712E-03  1.62058E-02  9.18010E-03  1.00092E+01
  2.71000E+01 -6.33946E-03  1.58890E-02  8.86328E-03  1.00089E+01
  2.74700E+01 -6.15251E-03  1.54983E-02  8.47255E-03  1.00085E+01
  2.78000E+01 -5.99239E-03  1.51913E-02  8.16559E-03  1.00082E+01
  2.81000E+01 -5.85188E-03  1.49123E-02  7.88655E-03  1.00079E+01
  2.84000E+01 -5.71582E-03  1.46332E-02  7.60751E-03  1.00076E+01
  2.87000E+01 -5.58430E-03  1.43542E-02  7.32848E-03  1.00073E+01
  2.91000E+01 -5.41567E-03  1.40241E-02  6.99837E-03  1.00070E+01
  2.94000E+01 -5.29401E-03  1.37765E-02  6.75079E-03  1.00068E+01
  2.97000E+01 -5.17627E-03  1.35290E-02  6.50322E-03  1.00065E+01
  3.00000E+01 -5.06229E-03  1.32814E-02  6.25566E-03  1.00063E+01
  3.04000E+01 -4.91521E-03  1.30077E-02  5.98196E-03  1.00060E+01
  3.08000E+01 -4.77425E-03  1.27340E-02  5.70827E-03  1.00057E+01
  3.12000E+01 -4.63907E-03  1.24603E-02  5.43459E-03  1.00054E+01
  3.15000E+01 -4.54129E-03  1.22551E-02  5.22934E-03  1.00052E+01
  3.19000E+01 -4.41551E-03  1.19814E-02  4.95567E-03  1.00050E+01
  3.23000E+01 -4.29471E-03  1.17078E-02  4.68201E-03  1.00047E+01
  3.26000E+01 -4.20723E-03  1.15025E-02  4.47677E-03  1.00045E+01
  3.30000E+01 -4.09455E-03  1.12289E-02  4.20312E-03  1.00042E+01
  3.34000E+01 -3.98620E-03  1.10154E-02  3.98961E-03  1.00040E+01
  3.38000E+01 -3.88195E-03  1.08019E-02  3.77611E-03  1.00038E+01
  3.41000E+01 -3.80634E-03  1.06417E-02  3.61598E-03  1.00036E+01
  3.45000E+01 -3.70880E-03  1.04282E-02  3.40249E-03  1.00034E+01
  3.49000E+01 -3.61484E-03  1.02147E-02  3.18900E-03  1.00032E+01
  3.53000E+01 -3.52392E-03  1.00013E-02  2.97551E-03  1.00030E+01
  3.57000E+01 -3.43616E-03  9.78777E-03  2.76203E-03  1.00028E+01
  3.60300E+01 -3.36611E-03  9.61164E-03  2.58591E-03  1.00026E+01
  3.65000E+01 -3.26987E-03  9.40440E-03  2.37867E-03  1.00024E+01
  3.70000E+01 -3.17179E-03  9.18394E-03  2.15821E-03  1.00022E+01
  3.75000E+01 -3.07791E-03  8.96348E-03  1.93775E-03  1.00019E+01
  3.80000E+01 -2.98800E-03  8.74303E-03  1.71729E-03  1.00017E+01
  3.85000E+01 -2.90184E-03  8.55186E-03  1.52612E-03  1.00015E+01
  3.90000E+01 -2.81923E-03  8.36070E-03  1.33496E-03  1.00013E+01
  3.95000E+01 -2.73998E-03  8.16954E-03  1.14380E-03  1.00011E+01
  4.00000E+01 -2.66391E-03  7.97839E-03  9.52645E-04  1.00010E+01
  4.08000E+01 -2.54791E-03  7.74233E-03  7.16589E-04  1.00007E+01
  4.15000E+01 -2.45230E-03  7.53579E-03  5.10050E-04  1.00005E+01
  4.23000E+01 -2.34925E-03  7.29975E-03  2.74014E-04  1.00003E+01
  4.30000E+01 -2.26414E-03  7.09323E-03  6.74910E-05  1.00001E+01
  4.38000E+01 -2.17222E-03  6.85721E-03 -1.68527E-04  9.99983E+00
  4.45000E+01 -2.09615E-03  6.65070E-03 -3.75037E-04  9.99962E+00
  4.53000E+01 -2.01374E-03  6.41470E-03 -6.11040E-04  9.99939E+00
  4.60000E+01 -1.94527E-03  6.20820E-03 -8.17538E-04  9.99918E+00
  4.65000E+01 -1.89841E-03  6.09964E-03 -9.26103E-04  9.99907E+00
  4.70000E+01 -1.85315E-03  5.99107E-03 -1.03467E-03  9.99897E+00
  4.75000E+01 -1.80944E-03  5.88251E-03 -1.14323E-03  9.99886E+00
  4.80000E+01 -1.76720E-03  5.77395E-03 -1.25179E-03  9.99875E+00
  4.85000E+01 -1.72637E-03  5.66540E-03 -1.36034E-03  9.99864E+00
  4.90000E+01 -1.68688E-03  5.55684E-03 -1.46890E-03  9.99853E+00
  4.95000E+01 -1.64869E-03  5.44829E-03 -1.57745E-03  9.99842E+00
  5.00000E+01 -1.61173E-03  5.33974E-03 -1.68600E-03  9.99831E+00
  5.10000E+01 -1.54113E-03  5.18003E-03 -1.84571E-03  9.99815E+00
  5.20000E+01 -1.47490E-03  5.02033E-03 -2.00541E-03  9.99799E+00
  5.30000E+01 -1.41270E-03  4.86063E-03 -2.16511E-03  9.99783E+00
  5.40000E+01 -1.35422E-03  4.70094E-03 -2.32480E-03  9.99768E+00
  5.50000E+01 -1.29916E-03  4.54125E-03 -2.48448E-03  9.99752E+00
  5.60000E+01 -1.24720E-03  4.38157E-03 -2.64416E-03  9.99736E+00
  5.68000E+01 -1.20776E-03  4.25383E-03 -2.77190E-03  9.99723E+00
  5.75300E+01 -1.17333E-03  4.13727E-03 -2.88846E-03  9.99711E+00
  5.80000E+01 -1.15190E-03  4.07842E-03 -2.94731E-03  9.99705E+00
  5.85000E+01 -1.12972E-03  4.01581E-03 -3.00992E-03  9.99699E+00
  5.95400E+01 -1.08551E-03  3.88560E-03 -3.14013E-03  9.99686E+00
  5.98000E+01 -1.07485E-03  3.85491E-03 -3.17082E-03  9.99683E+00
  6.00000E+01 -1.06675E-03  3.83131E-03 -3.19443E-03  9.99681E+00
  6.08000E+01 -1.03515E-03  3.75075E-03 -3.27499E-03  9.99673E+00
  6.15000E+01 -1.00860E-03  3.68026E-03 -3.34548E-03  9.99665E+00
  6.23000E+01 -9.79437E-04  3.59971E-03 -3.42603E-03  9.99657E+00
  6.30000E+01 -9.54906E-04  3.52922E-03 -3.49652E-03  9.99650E+00
  6.40000E+01 -9.21370E-04  3.42854E-03 -3.59720E-03  9.99640E+00
  6.50000E+01 -8.89504E-04  3.32785E-03 -3.69789E-03  9.99630E+00
  6.59000E+01 -8.62165E-04  3.23724E-03 -3.78850E-03  9.99621E+00
  6.68300E+01 -8.35169E-04  3.14360E-03 -3.88214E-03  9.99612E+00
  6.74000E+01 -8.19221E-04  3.09735E-03 -3.92839E-03  9.99607E+00
  6.80000E+01 -8.02903E-04  3.04866E-03 -3.97708E-03  9.99602E+00
  6.90000E+01 -7.76730E-04  2.96751E-03 -4.05823E-03  9.99594E+00
  7.00000E+01 -7.51768E-04  2.88637E-03 -4.13937E-03  9.99586E+00
  7.10000E+01 -7.27917E-04  2.81723E-03 -4.20851E-03  9.99579E+00
  7.20000E+01 -7.05140E-04  2.74810E-03 -4.27764E-03  9.99572E+00
  7.35000E+01 -6.72855E-04  2.64440E-03 -4.38133E-03  9.99562E+00
  7.49600E+01 -6.43437E-04  2.54347E-03 -4.48226E-03  9.99552E+00
  7.60000E+01 -6.23598E-04  2.48070E-03 -4.54503E-03  9.99545E+00
  7.71100E+01 -6.03381E-04  2.41371E-03 -4.61202E-03  9.99539E+00
  7.86000E+01 -5.77696E-04  2.33162E-03 -4.69411E-03  9.99531E+00
  7.93000E+01 -5.66170E-04  2.29306E-03 -4.73267E-03  9.99527E+00
  8.00000E+01 -5.54972E-04  2.25450E-03 -4.77124E-03  9.99523E+00
  8.15000E+01 -5.32030E-04  2.18793E-03 -4.83781E-03  9.99516E+00
  8.30000E+01 -5.10429E-04  2.12135E-03 -4.90439E-03  9.99510E+00
  8.40000E+01 -4.96724E-04  2.07697E-03 -4.94877E-03  9.99505E+00
  8.50000E+01 -4.83542E-04  2.03259E-03 -4.99315E-03  9.99501E+00
  8.80000E+01 -4.46889E-04  1.89945E-03 -5.12629E-03  9.99487E+00
  9.00000E+01 -4.24638E-04  1.81070E-03 -5.21504E-03  9.99478E+00
  9.30000E+01 -3.94166E-04  1.71351E-03 -5.31223E-03  9.99469E+00
  9.50000E+01 -3.75573E-04  1.64872E-03 -5.37701E-03  9.99462E+00
  9.80000E+01 -3.49989E-04  1.55155E-03 -5.47419E-03  9.99453E+00
  9.90000E+01 -3.42018E-04  1.51915E-03 -5.50658E-03  9.99449E+00
  1.00000E+02 -3.34306E-04  1.48676E-03 -5.53897E-03  9.99446E+00
  1.03000E+02 -3.12670E-04  1.43693E-03 -5.58880E-03  9.99441E+00
  1.05000E+02 -2.99351E-04  1.40371E-03 -5.62202E-03  9.99438E+00
  1.08000E+02 -2.80859E-04  1.35389E-03 -5.67184E-03  9.99433E+00
  1.10000E+02 -2.69433E-04  1.32068E-03 -5.70505E-03  9.99429E+00
  1.13000E+02 -2.53526E-04  1.27086E-03 -5.75487E-03  9.99425E+00
  1.15000E+02 -2.43666E-04  1.23765E-03 -5.78809E-03  9.99421E+00
  1.18000E+02 -2.29958E-04  1.18783E-03 -5.83790E-03  9.99416E+00
  1.20000E+02 -2.21431E-04  1.15462E-03 -5.87111E-03  9.99413E+00
  1.24000E+02 -2.05693E-04  1.08821E-03 -5.93752E-03  9.99406E+00
  1.27000E+02 -1.94929E-04  1.03840E-03 -5.98733E-03  9.99401E+00
  1.30000E+02 -1.84965E-04  9.88592E-04 -6.03714E-03  9.99396E+00
  1.33000E+02 -1.75765E-04  9.38786E-04 -6.08695E-03  9.99391E+00
  1.36000E+02 -1.67216E-04  8.88982E-04 -6.13675E-03  9.99386E+00
  1.39000E+02 -1.59265E-04  8.39179E-04 -6.18656E-03  9.99381E+00
  1.42000E+02 -1.51876E-04  7.89376E-04 -6.23636E-03  9.99376E+00
  1.45400E+02 -1.44101E-04  7.32935E-04 -6.29280E-03  9.99371E+00
  1.46700E+02 -1.41281E-04  7.21005E-04 -6.30473E-03  9.99370E+00
  1.48000E+02 -1.38541E-04  7.09074E-04 -6.31666E-03  9.99368E+00
  1.50000E+02 -1.34474E-04  6.90720E-04 -6.33502E-03  9.99366E+00
  1.58000E+02 -1.19936E-04  6.43917E-04 -6.38182E-03  9.99362E+00
  1.65000E+02 -1.09016E-04  6.02969E-04 -6.42277E-03  9.99358E+00
  1.73000E+02 -9.83023E-05  5.56175E-04 -6.46957E-03  9.99353E+00
  1.80000E+02 -9.01581E-05  5.15233E-04 -6.51051E-03  9.99349E+00
  1.85000E+02 -8.49654E-05  4.85990E-04 -6.53975E-03  9.99346E+00
  1.90000E+02 -8.02121E-05  4.56748E-04 -6.56899E-03  9.99343E+00
  2.00000E+02 -7.18375E-05  3.98267E-04 -6.62747E-03  9.99337E+00
  2.10000E+02 -6.47648E-05  3.69565E-04 -6.65617E-03  9.99334E+00
  2.20000E+02 -5.86829E-05  3.40866E-04 -6.68487E-03  9.99332E+00
  2.32000E+02 -5.24524E-05  3.06429E-04 -6.71931E-03  9.99328E+00
  2.44700E+02 -4.69375E-05  2.69987E-04 -6.75575E-03  9.99324E+00
  2.52000E+02 -4.41450E-05  2.57109E-04 -6.76863E-03  9.99323E+00
  2.60000E+02 -4.14034E-05  2.42996E-04 -6.78274E-03  9.99322E+00
  2.79200E+02 -3.57717E-05  2.09129E-04 -6.81661E-03  9.99318E+00
  2.90000E+02 -3.31120E-05  1.94964E-04 -6.83078E-03  9.99317E+00
  3.00000E+02 -3.09140E-05  1.81848E-04 -6.84389E-03  9.99316E+00
  3.16500E+02 -2.77821E-05  1.63823E-04 -6.86191E-03  9.99314E+00
  3.20100E+02 -2.71623E-05  1.60243E-04 -6.86549E-03  9.99313E+00
  3.44300E+02 -2.35678E-05  1.38959E-04 -6.88678E-03  9.99311E+00
  4.00000E+02 -1.77371E-05  1.03505E-04 -6.92223E-03  9.99308E+00
  4.11100E+02 -1.68807E-05  9.80626E-05 -6.92767E-03  9.99307E+00
  4.11800E+02 -1.68288E-05  9.77344E-05 -6.92800E-03  9.99307E+00
  4.44000E+02 -1.46934E-05  8.42266E-05 -6.94151E-03  9.99306E+00
  4.68050E+02 -1.34048E-05  7.58731E-05 -6.94986E-03  9.99305E+00
  5.00000E+02 -1.19755E-05  6.65368E-05 -6.95920E-03  9.99304E+00
  6.00000E+02 -8.95929E-06  4.62365E-05 -6.97950E-03  9.99302E+00
  6.61600E+02 -7.76388E-06  3.79936E-05 -6.98774E-03  9.99301E+00
  7.00000E+02 -7.17903E-06  3.39083E-05 -6.99183E-03  9.99301E+00
  7.23300E+02 -6.86771E-06  3.17438E-05 -6.99400E-03  9.99301E+00
  7.78900E+02 -6.23747E-06  2.73291E-05 -6.99841E-03  9.99300E+00
  8.00000E+02 -6.03469E-06  2.58873E-05 -6.99985E-03  9.99300E+00
  8.67400E+02 -5.48156E-06  2.19903E-05 -7.00375E-03  9.99300E+00
  8.89200E+02 -5.32207E-06  2.09121E-05 -7.00483E-03  9.99300E+00
  9.00000E+02 -5.25442E-06  2.04024E-05 -7.00534E-03  9.99299E+00
  9.64000E+02 -4.92510E-06  1.78148E-05 -7.00792E-03  9.99299E+00
  1.00000E+03 -4.68945E-06  1.66489E-05 -7.00909E-03  9.99299E+00
  1.00480E+03 -4.64595E-06  1.65004E-05 -7.00924E-03  9.99299E+00
  1.08580E+03 -4.09486E-06  1.40307E-05 -7.01170E-03  9.99299E+00
  1.12050E+03 -3.95984E-06  1.31118E-05 -7.01262E-03  9.99299E+00
  1.12110E+03 -3.95776E-06  1.30969E-05 -7.01264E-03  9.99299E+00
  1.17320E+03 -3.80484E-06  1.18952E-05 -7.01384E-03  9.99299E+00
  1.27450E+03 -3.55755E-06  1.00670E-05 -7.01568E-03  9.99298E+00
  1.33250E+03 -3.40451E-06  9.22670E-06 -7.01652E-03  9.99298E+00
  1.40800E+03 -3.20584E-06  8.27293E-06 -7.01747E-03  9.99298E+00
  1.50000E+03 -2.98564E-06  7.28721E-06 -7.01845E-03  9.99298E+00
  2.00000E+03 -2.21877E-06  4.06135E-06 -7.02168E-03  9.99298E+00
  3.00000E+03 -1.48525E-06  1.77499E-06 -7.02396E-03  9.99298E+00
  4.00000E+03 -1.12409E-06  9.84645E-07 -7.02475E-03  9.99298E+00
  5.00000E+03 -9.06165E-07  6.22347E-07 -7.02512E-03  9.99297E+00
  5.00043E+03 -9.06091E-07  6.22233E-07 -7.02512E-03  9.99297E+00
  6.00000E+03 -7.60085E-07  4.28037E-07 -7.02531E-03  9.99297E+00
  7.00000E+03 -6.54846E-07  3.11784E-07 -7.02543E-03  9.99297E+00
  8.00000E+03 -5.75320E-07  2.36985E-07 -7.02550E-03  9.99297E+00
  9.00000E+03 -5.12877E-07  1.85965E-07 -7.02555E-03  9.99297E+00
  1.00000E+04 -4.62858E-07  1.49547E-07 -7.02559E-03  9.99297E+00
 *** END OF DATA ***
 
